%%%%%% graph file %%%%%%
40 618
6 15 24 10 38 19 14 32 27 36 13 22 8 3 31 26 12 21 30 16 25 34 2 11 20 
1 35 30 39 16 25 34 20 29 38 6 15 33 19 5 14 28 37 32 9 18 27 36 4 22 31 40 8 26 3 12 21 7 
1 2 33 37 14 23 9 27 36 4 13 22 31 8 12 40 35 30 39 16 25 34 11 20 6 15 24 10 19 5 
2 3 7 16 25 34 11 20 29 38 6 15 24 19 5 33 28 37 23 32 9 18 27 36 13 22 31 17 26 40 35 21 30 39 
2 3 4 31 40 26 35 12 21 39 16 34 11 20 29 6 15 10 38 24 33 19 28 37 23 32 9 18 27 36 13 22 17 
1 2 3 4 5 23 32 9 18 36 13 22 31 8 17 26 7 35 21 39 16 25 34 20 29 38 15 33 10 19 14 
2 4 6 35 30 39 16 25 34 20 29 38 15 24 33 10 19 14 32 9 18 36 22 40 8 17 12 21 
1 2 3 6 7 18 27 22 31 17 12 40 26 35 21 30 39 16 25 11 20 29 38 15 24 33 19 28 37 14 23 32 9 
2 3 4 5 6 7 8 10 19 33 37 14 18 27 36 13 22 31 12 40 35 21 30 16 25 11 20 29 15 24 
1 3 5 6 7 9 31 26 35 12 21 30 39 16 25 34 11 20 29 38 24 33 19 28 37 14 23 32 27 36 13 22 17 
1 3 4 5 8 9 10 37 23 32 18 27 13 31 40 17 12 35 21 30 39 16 25 34 20 38 15 33 19 14 
1 2 3 5 7 8 9 10 11 15 24 38 19 28 37 23 18 27 36 13 22 31 17 40 26 21 39 16 25 20 
1 3 4 5 6 9 10 11 12 40 35 21 30 16 25 34 20 29 38 15 24 33 19 28 37 14 32 27 22 17 
1 2 3 6 7 8 9 10 11 13 33 37 23 32 18 27 36 22 17 40 26 35 21 16 25 38 15 24 19 
1 2 3 4 5 6 7 8 9 11 12 13 14 16 25 34 20 29 24 33 19 28 32 18 27 36 31 17 26 40 21 30 
1 2 3 4 5 6 7 8 9 10 11 12 13 14 15 22 31 40 17 26 35 21 39 25 34 20 29 24 33 19 28 37 23 32 18 27 36 
4 5 6 7 8 10 11 12 13 14 15 16 33 19 28 37 23 32 27 22 31 26 35 21 30 25 34 24 
2 4 5 6 7 8 9 11 12 14 15 16 40 26 35 21 39 25 34 20 29 24 33 28 37 32 36 22 
1 2 3 4 5 6 7 8 9 10 11 12 13 14 15 16 17 36 22 31 26 21 30 39 25 34 20 29 38 24 33 28 37 23 32 
1 2 3 4 5 6 7 8 9 10 11 12 13 15 16 18 19 33 37 23 32 36 22 31 26 40 35 21 30 25 34 24 
1 2 4 5 6 7 8 9 10 11 12 13 14 15 16 17 18 19 20 40 35 30 39 25 34 29 24 33 28 37 23 32 36 31 26 
1 2 3 4 5 6 7 8 9 10 12 13 14 16 17 18 19 20 38 33 37 23 32 36 31 40 26 35 30 39 25 29 24 
3 4 5 6 8 10 11 12 14 16 17 19 20 21 22 29 38 24 33 28 32 27 36 31 26 34 
1 3 4 5 7 8 9 10 12 13 14 15 16 17 18 19 20 21 22 23 26 30 39 38 33 28 37 32 27 36 31 
1 2 3 4 6 7 8 9 10 11 12 13 14 15 16 17 18 19 20 21 22 33 28 37 32 36 31 40 35 30 39 34 29 
1 2 4 5 6 8 10 12 14 15 16 17 18 19 20 21 22 23 24 35 30 39 34 29 38 33 28 37 32 36 31 40 
1 2 3 4 5 8 9 10 11 12 13 14 15 16 17 23 24 40 35 30 39 34 29 33 28 32 36 
2 4 5 8 10 12 13 15 16 17 18 19 21 23 24 25 26 27 37 32 36 40 35 30 39 29 38 
2 4 5 6 7 8 9 10 13 15 16 18 19 21 22 23 25 26 27 28 40 30 39 34 38 33 37 36 31 
1 2 3 4 7 8 9 10 11 13 15 17 19 20 21 22 24 25 26 27 28 29 33 37 32 31 40 35 39 34 38 
1 2 3 4 5 6 8 9 10 11 12 15 16 17 19 20 21 22 23 24 25 26 29 30 37 32 36 40 35 39 34 33 
1 2 4 5 6 7 8 10 11 13 14 15 16 17 18 19 20 21 22 23 24 25 26 27 28 30 31 35 39 34 33 37 36 40 
2 3 4 5 6 7 8 9 10 11 13 14 15 16 17 18 19 20 21 22 23 24 25 26 27 29 30 31 32 37 36 40 35 39 34 
1 2 3 4 5 6 7 10 11 13 15 16 17 18 19 20 21 23 25 26 27 29 30 31 32 33 38 37 40 
2 3 4 5 6 7 8 9 10 11 13 14 16 17 18 20 21 22 25 26 27 28 30 31 32 33 40 39 38 37 36 
1 2 3 4 5 6 7 9 10 12 14 15 16 18 19 20 21 22 23 24 25 26 27 28 29 31 32 33 35 37 39 
2 3 4 5 8 9 10 11 12 13 14 16 17 18 19 20 21 22 24 25 26 28 29 30 31 32 33 34 35 36 39 38 40 
1 2 4 5 6 7 8 10 11 12 13 14 19 22 23 24 26 28 29 30 34 35 37 40 39 
2 3 4 5 6 7 8 10 11 12 16 18 19 21 22 24 25 26 27 28 29 30 31 32 33 35 36 37 38 40 
2 3 4 5 7 8 9 11 12 13 14 15 16 18 20 21 22 25 26 27 28 29 30 31 32 33 34 35 37 38 39 
