%%%%%% graph file %%%%%%
20 158
6 8 17 10 3 19 12 5 14 7 16 9 18 2 11 20 4 13 
1 16 18 11 20 4 13 6 15 8 17 10 19 3 12 5 14 7 
1 2 5 14 7 9 11 20 4 13 6 15 8 10 19 
1 2 3 14 16 9 18 11 13 6 15 8 17 19 12 5 
1 2 3 4 19 12 7 16 18 11 20 13 6 15 17 
1 2 3 4 5 11 20 13 15 8 19 12 14 7 9 18 
1 2 3 5 6 19 12 16 9 18 11 20 13 15 17 10 
1 2 3 4 6 18 11 20 13 15 17 10 12 19 14 16 9 
1 3 4 6 7 8 10 19 12 16 18 11 20 15 17 
1 2 3 7 8 9 18 11 20 13 15 17 19 12 14 
1 2 3 4 5 6 7 8 9 10 16 20 13 15 17 19 12 14 
1 2 4 5 6 7 8 9 10 11 17 19 14 18 20 13 
1 2 3 4 5 6 7 8 10 11 12 14 18 20 15 17 
1 2 3 4 6 8 10 11 12 13 18 20 17 19 16 
2 3 4 5 6 7 8 9 10 11 13 16 18 19 
1 2 4 5 7 8 9 11 14 15 19 18 20 
1 2 4 5 7 8 9 10 11 12 13 14 18 20 
1 2 4 5 6 7 8 9 10 12 13 14 15 16 17 19 
1 2 3 4 5 6 7 8 9 10 11 12 14 15 16 18 20 
1 2 3 5 6 7 8 9 10 11 12 13 14 16 17 19 
