%%%%%% graph file %%%%%%
50 242
8 38 31 49 21 30 14 32 34 43 22 
16 29 47 17 49 3 37 
2 35 28 21 30 32 25 20 29 22 31 15 17 10 
6 8 12 37 46 
40 24 37 12 30 14 23 41 50 22 43 6 8 47 
4 5 31 15 8 10 7 46 39 50 34 18 
6 12 21 42 35 28 23 50 43 33 26 
1 4 5 6 45 35 44 14 23 34 43 
13 31 
3 6 17 31 49 24 37 21 30 34 
44 21 39 16 42 
4 5 7 33 44 19 28 48 32 16 29 
9 44 39 48 34 18 27 36 
1 5 8 20 29 17 26 28 46 
3 6 32 16 34 18 27 49 39 48 
2 11 12 15 33 42 35 28 37 50 25 43 
2 3 10 14 32 18 45 44 19 37 
6 13 15 17 22 30 48 50 
12 17 22 44 21 30 39 50 34 
3 14 35 23 38 22 
1 3 7 10 11 19 50 45 26 37 
1 3 5 18 19 20 38 47 26 35 46 39 32 50 
5 7 8 20 33 26 49 35 44 37 46 32 43 
5 10 48 32 50 43 49 
3 16 
7 14 21 22 23 33 42 44 28 46 47 31 40 
13 15 33 49 46 43 
3 7 12 14 16 26 37 46 30 39 45 42 
2 3 12 14 41 43 36 45 38 
1 3 5 10 18 19 28 48 50 38 47 
1 3 6 9 10 26 48 32 45 38 
1 3 12 15 17 22 23 24 31 39 48 34 36 47 
7 12 16 23 26 27 40 35 43 
1 6 8 10 13 15 19 32 37 50 
3 7 8 16 20 22 23 33 49 42 48 
13 29 32 42 
2 4 5 10 16 17 21 23 28 34 47 
1 20 22 29 30 31 43 45 41 
6 11 13 15 19 22 28 32 40 49 
5 26 33 39 42 49 48 
5 29 38 50 
7 11 16 26 28 35 36 40 50 44 46 
1 5 7 8 16 23 24 27 29 33 38 48 
8 11 12 13 17 19 23 26 42 49 45 
8 17 21 28 29 31 38 44 46 49 
4 6 14 22 23 26 27 28 42 45 
2 5 22 26 30 32 37 48 50 
12 13 15 18 24 30 31 32 35 40 43 47 50 
1 2 10 15 23 24 27 35 39 40 44 45 
5 6 7 16 18 19 21 22 24 30 34 41 42 47 48 
