%%%%%% graph file %%%%%%
40 151
17 3 33 35 39 14 23 32 11 29 
32 25 36 6 19 21 
1 33 34 9 11 29 8 10 
27 15 24 10 
31 40 28 21 34 27 20 13 8 17 
2 11 29 12 34 9 
14 35 28 16 25 11 38 8 
3 5 7 27 17 10 12 14 16 
3 6 33 23 25 15 
3 4 8 20 29 22 17 26 14 16 25 
1 3 6 7 30 27 40 15 12 
6 8 11 24 28 21 29 
5 37 21 23 16 25 36 15 
1 7 8 10 21 30 
4 9 11 13 23 16 25 29 22 26 40 28 37 
7 8 10 13 15 31 24 30 25 34 
1 5 8 10 39 25 18 36 20 24 
17 22 31 35 39 25 27 
2 35 
5 10 17 28 30 39 31 
2 5 12 13 14 33 26 
10 15 18 26 37 34 36 
1 9 13 15 38 37 32 25 
4 12 16 17 25 38 33 
2 7 9 10 13 15 16 17 18 23 24 31 39 
10 15 21 22 33 31 
4 5 8 11 18 31 33 37 
5 7 12 15 20 30 36 
1 3 6 10 12 15 30 
11 14 16 20 28 29 33 39 40 
5 16 18 20 25 26 27 
1 2 23 38 
1 3 9 21 24 26 27 30 
3 5 6 16 22 39 38 40 35 
1 7 18 19 34 40 39 
2 13 17 22 28 40 
13 15 22 23 27 
7 23 24 32 34 
1 17 18 20 25 30 34 35 
5 11 15 30 34 35 36 
