--------------- DW_2000Q_6 ---------------
     0  1  2  3  4  5  6  7  8  9 10 11 12 13 14 15 16 17 18 19 20 21 22 23 24 25 26 27 28 29  energy num_oc. chain_b.
0    0  1  1  0  0  1  1  1  1  1  1  0  0  1  1  0  1  1  1  0  1  0  1  0  0  0  0  0  0  0 -195.25       1      0.0
1    0  1  1  0  0  0  1  1  1  1  1  0  1  1  1  1  1  1  0  0  1  0  1  0  0  0  0  0  0  0 -195.25       1      0.0
2    0  1  0  0  0  1  1  1  1  1  1  0  1  1  1  0  0  1  1  0  1  0  1  0  0  0  0  0  0  0  -195.0       1      0.0
3    0  1  1  0  0  1  1  1  1  1  1  0  0  1  1  0  0  1  1  1  1  0  1  0  0  0  0  0  0  0 -194.25       1      0.0
4    0  1  1  0  0  1  1  1  1  1  1  0  0  1  1  0  1  1  1  1  1  0  1  0  0  0  0  0  0  0  -194.0       3      0.0
5    0  1  1  0  0  0  1  1  1  1  1  0  1  1  1  1  1  1  1  0  1  0  1  0  0  0  0  0  0  0  -194.0       1      0.0
6    0  1  1  0  0  1  1  1  1  1  0  0  0  1  1  0  1  1  1  1  1  0  1  0  0  0  0  0  0  0 -193.25       2      0.0
7    0  1  1  1  0  1  1  1  1  0  0  0  0  1  1  0  1  1  1  1  1  0  1  0  0  0  0  0  0  0 -193.25       5      0.0
8    0  1  1  0  0  1  1  1  1  1  1  0  0  1  1  0  1  1  0  1  1  0  1  0  0  0  0  0  0  0 -193.25       2      0.0
9    0  1  1  0  0  0  1  1  1  1  1  0  0  1  1  0  1  1  1  1  1  0  1  0  0  0  0  0  0  0 -193.25       1      0.0
10   0  1  1  1  0  1  1  1  1  0  1  0  0  1  1  0  1  1  1  0  1  0  1  0  0  0  0  0  0  0 -193.25       2      0.0
113  0  1  1  1  0  1  1  1  1  0  0  0  0  1  1  0  1  1  1  1  1  0  1  0  0  0  0  0  0  0 -193.25       1 0.033333
190  0  1  1  1  0  1  1  1  1  0  1  0  0  1  1  0  1  1  1  0  1  0  1  0  0  0  0  0  0  0 -193.25       1 0.033333
205  0  1  1  1  0  1  1  1  1  0  1  0  0  1  1  0  1  1  0  1  1  0  1  0  0  0  0  0  0  0 -193.25       1 0.033333
239  0  1  1  1  0  1  1  1  1  0  1  0  0  1  1  0  1  1  1  0  1  0  1  0  0  0  0  0  0  0 -193.25       1 0.033333
312  0  1  1  0  0  0  1  1  1  1  1  0  0  1  1  1  1  1  1  0  1  0  1  0  0  0  0  0  0  0 -193.25       1 0.033333
350  0  1  1  1  0  1  1  1  1  0  1  0  0  1  1  0  1  1  1  0  1  0  1  0  0  0  0  0  0  0 -193.25       1 0.066667
11   0  1  1  1  0  1  1  1  1  1  0  0  0  1  1  0  1  1  1  1  1  0  1  0  0  0  0  0  0  0  -193.0       2      0.0
12   0  1  0  1  0  1  1  1  1  0  1  0  1  1  1  0  0  1  0  1  1  0  1  0  0  0  0  0  0  0  -193.0       1      0.0
13   0  1  1  1  0  1  1  1  1  0  1  0  0  1  1  0  0  1  1  1  1  0  1  0  0  0  0  0  1  0  -193.0       1      0.0
14   0  1  1  1  0  1  1  1  1  1  1  0  0  1  1  0  1  1  1  0  1  0  1  0  0  0  0  0  0  0  -193.0       1      0.0
135  0  1  1  1  0  1  1  1  1  1  1  0  0  1  1  0  1  1  1  0  1  0  1  0  0  0  0  0  0  0  -193.0       1 0.033333
15   0  1  1  1  0  1  1  1  1  1  0  0  0  1  0  0  1  1  1  1  1  0  1  0  0  0  0  0  0  0 -192.25       9      0.0
16   0  1  1  1  0  1  1  1  1  1  1  0  0  1  0  0  1  1  0  1  1  0  1  0  0  0  0  0  0  0 -192.25       5      0.0
17   1  0  0  0  1  0  0  0  0  0  1  1  1  0  1  1  0  0  0  0  0  1  0  1  1  1  1  1  1  1 -192.25       1      0.0
18   0  1  1  0  0  1  1  1  1  0  0  0  0  1  1  0  1  1  1  1  1  0  1  0  0  0  0  1  0  0 -192.25       1      0.0
19   0  1  1  1  0  1  1  1  1  0  1  0  1  0  1  0  0  1  1  1  1  0  1  0  0  0  0  0  0  0 -192.25       1      0.0
20   0  1  1  0  0  0  1  1  1  1  1  0  1  1  1  1  1  0  1  0  1  0  1  0  0  0  0  0  0  0 -192.25       1      0.0
21   0  1  1  0  0  1  1  1  1  0  1  0  0  1  1  0  1  1  1  0  1  0  1  0  0  0  0  1  0  0 -192.25       1      0.0
22   0  1  1  1  0  1  1  1  1  1  0  0  0  1  1  0  1  1  1  0  1  0  1  0  0  0  0  0  0  0 -192.25       2      0.0
23   0  1  1  0  0  0  1  1  1  1  1  0  0  1  1  0  1  1  0  1  1  0  1  1  0  0  0  0  0  0 -192.25       1      0.0
147  0  1  1  1  0  1  1  1  1  1  0  0  0  1  0  0  1  1  1  1  1  0  1  0  0  0  0  0  0  0 -192.25       1 0.033333
176  0  1  1  1  0  1  1  1  1  1  0  0  0  1  0  0  1  1  1  1  1  0  1  0  0  0  0  0  0  0 -192.25       1 0.033333
213  0  1  1  1  0  1  1  1  1  1  0  0  0  1  0  0  1  1  1  1  1  0  1  0  0  0  0  0  0  0 -192.25       1 0.033333
262  0  1  1  1  0  1  1  1  1  1  0  0  0  1  0  0  1  1  1  1  1  0  1  0  0  0  0  0  0  0 -192.25       1 0.033333
379  0  1  1  1  0  1  1  1  1  1  0  0  0  1  1  0  1  1  0  1  1  0  1  0  0  0  0  0  0  0 -192.25       1 0.066667
401  0  1  1  1  0  1  1  1  1  1  0  0  0  1  0  0  1  1  1  1  1  0  1  0  0  0  0  0  0  0 -192.25       1 0.066667
24   0  1  1  0  0  0  1  1  1  1  1  0  1  1  1  1  1  1  0  1  1  0  1  0  0  0  0  0  0  0  -192.0       1      0.0
25   0  1  1  1  0  1  1  1  1  0  0  0  0  1  1  0  1  1  1  0  1  0  1  0  0  0  0  0  0  0  -192.0       1      0.0
26   0  1  1  0  0  1  1  1  1  1  0  0  0  1  1  0  1  1  1  0  1  0  1  0  0  0  0  0  0  0  -192.0       1      0.0
27   0  0  1  0  0  1  1  1  1  1  1  0  0  1  0  0  1  1  1  0  1  0  1  0  0  0  0  0  1  0  -192.0       1      0.0
28   0  1  1  1  0  1  1  1  1  0  1  0  0  1  1  0  1  1  1  0  1  0  1  0  0  0  0  0  1  0  -192.0       1      0.0
204  0  1  1  1  0  1  1  1  1  0  0  0  0  1  1  0  1  1  1  1  1  0  1  0  0  0  0  1  0  0  -192.0       1 0.033333
233  0  1  1  1  0  1  1  1  1  0  0  0  0  1  1  0  1  1  1  1  1  0  1  0  0  0  0  1  0  0  -192.0       1 0.033333
288  0  1  1  1  0  1  1  1  1  0  1  0  0  1  1  0  1  1  1  0  1  0  1  0  0  0  0  0  1  0  -192.0       1 0.033333
29   0  0  1  0  0  0  1  1  1  1  1  1  1  0  1  1  1  0  1  0  1  0  1  0  1  0  0  0  0  0 -191.25       1      0.0
30   0  0  1  1  0  1  1  1  1  1  0  0  0  1  0  0  1  1  1  1  1  0  1  0  1  0  0  0  0  0 -191.25       1      0.0
31   0  0  1  1  0  1  1  1  1  1  1  1  0  1  0  0  0  1  1  1  1  0  1  0  0  0  0  0  0  0 -191.25       1      0.0
32   0  1  1  0  0  1  1  1  1  1  1  0  0  1  0  0  1  1  1  1  1  0  1  0  0  0  0  0  0  0 -191.25       2      0.0
33   0  1  1  0  0  0  1  1  1  1  0  0  0  1  1  1  1  1  1  1  1  0  1  0  0  0  0  0  0  0 -191.25       1      0.0
263  0  1  1  0  0  1  1  1  1  1  1  0  1  1  0  0  1  1  1  0  1  0  1  0  0  0  0  0  0  0 -191.25       1 0.033333
34   0  1  1  1  0  1  1  1  1  1  0  0  0  1  0  0  1  1  0  1  1  0  1  0  0  0  0  0  0  0  -191.0       8      0.0
35   0  1  1  1  0  1  1  1  1  1  1  0  0  1  0  0  1  1  1  1  1  0  1  0  0  0  0  0  0  0  -191.0       1      0.0
36   0  1  1  1  0  1  1  1  1  0  1  1  0  1  1  0  0  1  1  1  1  0  1  0  0  0  0  0  0  0  -191.0       1      0.0
37   0  1  1  1  0  0  1  1  1  1  1  0  0  1  1  0  1  1  1  1  1  0  1  0  0  0  0  0  0  0  -191.0       1      0.0
38   0  1  0  0  0  1  1  1  1  0  1  1  1  1  1  0  1  1  1  0  1  0  1  0  0  0  0  1  0  0  -191.0       1      0.0
39   0  1  1  0  0  1  1  1  1  0  0  0  0  1  1  0  1  1  1  0  1  0  1  0  0  0  0  1  0  0  -191.0       1      0.0
300  0  1  1  0  0  1  1  1  1  0  1  1  1  1  1  0  1  1  1  0  1  0  1  0  0  0  0  0  0  0  -191.0       1 0.033333
315  0  1  1  1  0  0  1  1  1  1  0  0  0  1  1  0  1  1  1  0  1  0  1  0  0  0  0  0  0  0  -191.0       1 0.033333
419  0  1  1  1  0  1  1  1  1  1  1  0  0  1  0  0  1  1  1  1  1  0  1  0  0  0  0  0  0  0  -191.0       1      0.1
40   0  1  0  1  0  1  1  1  1  0  1  0  1  0  1  0  0  1  1  0  0  0  1  0  1  0  1  0  1  0 -190.25       1      0.0
41   0  1  1  1  0  1  1  1  1  1  0  0  0  1  0  1  1  1  0  1  1  0  1  0  0  0  0  0  0  0 -190.25       1      0.0
42   1  0  0  0  0  1  1  0  1  1  1  0  1  1  0  0  0  1  1  0  1  0  1  0  1  0  1  0  1  0 -190.25       1      0.0
43   0  1  0  1  1  1  1  0  0  0  0  1  0  0  0  1  1  0  0  0  0  1  1  0  1  1  1  1  1  0 -190.25       1      0.0
44   0  1  1  1  0  1  1  1  1  1  1  0  0  1  0  0  1  1  1  0  1  0  1  0  0  0  0  0  0  0 -190.25       2      0.0
45   0  1  1  1  0  1  1  1  1  1  1  0  1  1  0  0  1  1  0  0  1  0  1  0  0  0  0  0  0  0 -190.25       1      0.0
46   0  1  1  0  0  1  1  1  1  0  1  1  1  1  1  0  1  1  0  0  1  0  1  0  0  0  0  0  0  0 -190.25       2      0.0
192  0  1  1  1  0  1  1  1  1  1  1  0  0  0  1  0  1  1  1  0  1  0  1  0  0  0  0  0  0  0 -190.25       1 0.033333
236  0  1  1  1  0  1  1  1  1  1  1  0  0  1  0  0  1  1  1  0  1  0  1  0  0  0  0  0  0  0 -190.25       1 0.033333
289  0  1  1  1  0  1  1  1  1  1  0  0  0  1  0  1  1  1  0  1  1  0  1  0  0  0  0  0  0  0 -190.25       1 0.033333
426  0  1  1  0  0  1  1  1  1  0  1  1  0  1  1  0  1  1  1  0  1  0  1  0  0  0  0  0  0  0 -190.25       1 0.033333
47   0  1  1  1  0  1  1  1  1  0  1  0  0  1  0  0  1  1  0  1  1  0  1  0  0  0  0  0  0  0  -190.0       1      0.0
48   0  1  1  1  0  1  1  1  1  0  0  0  0  1  0  0  1  1  1  1  1  0  1  0  0  0  0  0  0  0  -190.0       7      0.0
49   0  1  1  1  0  1  1  1  1  1  1  0  0  1  0  0  1  1  0  1  1  0  1  1  0  0  0  0  0  0  -190.0       2      0.0
50   0  1  1  0  0  1  1  1  1  1  0  0  0  1  0  0  1  1  1  1  1  0  1  0  0  0  0  0  0  0  -190.0       1      0.0
51   0  1  1  0  0  1  1  1  1  1  1  0  1  1  0  0  1  1  1  1  1  0  1  0  0  0  0  0  0  0  -190.0       1      0.0
52   0  1  1  0  0  0  1  1  1  1  0  0  0  1  1  1  1  1  0  1  1  0  1  1  0  0  0  0  0  1  -190.0       1      0.0
53   0  1  1  0  0  1  1  1  1  1  1  0  0  1  0  0  1  1  1  0  1  0  1  0  0  0  0  0  0  0  -190.0       1      0.0
54   0  1  1  0  0  1  1  1  1  1  1  1  0  1  1  0  1  1  1  0  1  0  1  0  0  0  0  0  0  0  -190.0       1      0.0
55   0  1  1  1  0  1  1  1  1  0  1  1  0  1  1  0  1  1  1  0  1  0  1  0  0  0  0  0  0  0  -190.0       1      0.0
206  0  1  1  1  0  1  1  1  1  0  0  0  0  1  1  0  1  1  1  1  1  0  1  0  0  0  0  0  1  0  -190.0       1 0.033333
214  0  1  1  1  0  1  1  1  1  0  0  0  0  1  0  0  1  1  1  1  1  0  1  0  0  0  0  0  0  0  -190.0       1 0.033333
235  0  1  1  0  0  1  1  1  1  1  0  0  0  1  0  0  1  1  1  1  1  0  1  0  0  0  0  0  0  0  -190.0       1 0.033333
369  0  1  1  1  0  1  1  1  1  0  0  0  0  1  0  0  1  1  1  1  1  0  1  0  0  0  0  0  0  0  -190.0       1 0.033333
411  0  1  1  0  0  1  1  1  1  1  1  0  0  1  0  0  1  1  1  0  1  0  1  0  0  0  0  0  0  0  -190.0       1 0.066667
415  0  1  1  1  0  1  1  1  1  0  0  0  0  1  0  0  1  1  1  1  1  0  1  0  0  0  0  0  0  0  -190.0       1 0.066667
421  0  1  1  1  0  1  1  1  1  1  1  0  0  1  0  0  1  1  0  1  1  0  1  1  0  0  0  0  0  0  -190.0       1 0.066667
56   0  0  1  0  0  0  1  1  1  0  1  1  1  1  1  0  1  1  1  0  1  0  1  0  1  0  0  0  0  0 -189.25       1      0.0
57   0  1  1  0  0  1  1  1  1  1  1  0  0  1  0  1  1  1  0  1  1  0  1  0  0  0  0  0  0  0 -189.25       1      0.0
58   0  1  1  1  0  1  1  1  1  1  0  0  0  1  0  0  1  1  0  1  1  0  1  1  0  0  0  0  0  0 -189.25       1      0.0
59   0  1  0  0  0  1  1  1  1  1  0  0  0  1  1  0  1  1  1  1  1  0  1  0  0  0  0  1  0  0 -189.25       1      0.0
60   0  1  1  1  0  1  1  1  1  0  1  0  0  0  1  0  1  1  0  1  1  0  1  0  0  0  0  1  0  0 -189.25       1      0.0
61   0  1  1  1  0  1  1  1  1  0  1  0  0  1  0  0  1  1  1  1  1  0  1  0  0  0  0  0  0  0 -189.25       1      0.0
62   0  1  1  1  1  1  1  1  1  0  0  0  0  1  0  0  1  1  1  1  1  0  1  0  0  0  0  0  0  0 -189.25       1      0.0
63   1  0  0  0  1  0  0  0  0  0  1  1  1  0  1  1  0  0  1  0  0  1  0  0  1  1  1  1  1  1 -189.25       2      0.0
64   0  1  1  0  0  1  1  1  1  1  0  0  0  1  0  0  1  1  1  1  1  0  1  0  0  0  0  1  0  0 -189.25       1      0.0
65   0  1  0  1  0  1  1  1  1  1  1  0  1  1  0  0  0  1  1  1  1  0  1  0  0  0  0  0  0  0 -189.25       1      0.0
66   0  1  1  1  0  1  1  1  1  0  0  0  0  1  1  0  1  1  0  1  1  0  1  0  0  0  1  0  0  0 -189.25       1      0.0
67   0  1  1  0  0  1  1  1  1  1  1  0  0  1  1  0  1  1  1  1  1  0  1  0  1  0  0  0  0  0 -189.25       1      0.0
68   0  1  1  0  0  1  1  1  1  0  1  0  0  1  1  0  1  1  0  1  1  0  1  1  0  0  0  0  0  0 -189.25       1      0.0
69   0  1  1  1  0  1  1  1  1  0  0  1  0  1  1  0  1  1  1  0  1  0  1  0  0  0  0  0  0  0 -189.25       3      0.0
70   0  1  1  1  0  1  1  1  1  0  1  0  0  1  1  0  1  1  0  0  1  0  1  0  0  0  0  1  0  0 -189.25       1      0.0
71   0  1  1  1  0  1  1  1  1  0  1  0  0  1  0  0  1  1  1  0  1  0  1  0  0  0  0  0  1  0 -189.25       1      0.0
237  0  1  1  1  0  1  1  1  1  0  1  0  0  1  0  0  1  1  1  0  1  0  1  0  0  0  0  0  1  0 -189.25       1 0.033333
248  0  1  1  1  0  1  1  1  1  1  0  0  1  1  1  0  1  1  1  1  1  0  1  0  0  0  0  0  0  0 -189.25       1 0.033333
287  0  1  1  0  0  1  1  1  1  1  0  0  0  1  0  1  1  1  1  1  1  0  1  0  0  0  0  0  0  0 -189.25       1 0.033333
291  1  1  0  0  1  0  0  0  0  1  0  0  1  1  0  1  0  0  0  1  0  1  0  1  1  1  1  1  0  1 -189.25       1 0.033333
316  0  1  1  1  0  1  1  1  1  0  1  0  0  1  0  0  1  1  0  1  1  0  1  0  0  0  0  0  1  0 -189.25       1 0.033333
374  0  1  1  1  0  1  1  1  1  0  1  0  0  1  0  0  1  1  1  0  1  0  1  0  0  0  0  0  1  0 -189.25       1 0.066667
386  0  1  1  1  0  1  0  1  1  0  0  1  0  1  1  0  0  1  1  1  1  0  1  0  0  0  0  1  0  0 -189.25       1 0.033333
72   0  0  1  1  0  0  1  1  1  1  1  0  1  1  0  0  1  1  0  1  1  0  1  0  0  0  0  0  0  0  -189.0       1      0.0
73   0  1  1  1  0  1  1  1  1  1  0  0  0  1  0  1  1  1  1  1  1  0  1  0  0  0  0  0  0  0  -189.0       2      0.0
74   0  1  1  1  0  1  1  1  1  0  0  1  0  1  1  0  1  0  1  1  1  0  1  0  0  0  0  1  0  0  -189.0       1      0.0
75   0  1  1  1  0  1  1  1  1  0  1  1  0  0  1  0  1  0  1  0  1  0  1  0  0  0  0  0  0  0  -189.0       1      0.0
76   0  0  1  1  0  1  1  1  1  1  0  0  0  1  1  0  1  1  1  1  1  0  0  0  0  0  0  0  0  0  -189.0       1      0.0
77   0  1  1  1  0  1  1  1  1  1  1  0  0  1  0  0  1  1  0  0  1  0  1  0  0  0  0  0  0  0  -189.0       1      0.0
78   0  1  1  0  0  1  1  1  1  0  1  0  0  1  1  0  1  1  1  1  1  0  1  0  0  0  0  0  1  0  -189.0       1      0.0
79   0  1  1  0  0  0  1  1  1  1  1  0  1  1  0  0  0  1  1  1  1  0  1  0  0  0  0  0  0  0  -189.0       1      0.0
80   0  1  1  1  0  0  1  1  1  1  0  0  0  1  1  1  1  1  0  0  1  0  1  0  0  0  0  0  0  0  -189.0       1      0.0
81   0  1  1  0  0  1  1  1  1  0  1  1  0  1  1  0  1  1  1  0  1  0  1  0  0  0  0  1  0  0  -189.0       1      0.0
82   0  1  1  1  0  1  1  1  1  1  0  0  0  1  1  0  1  1  1  0  1  0  1  0  0  0  0  0  1  0  -189.0       1      0.0
238  0  1  1  1  0  1  1  1  1  1  0  0  0  1  0  0  1  1  1  0  1  0  1  0  0  0  0  0  0  0  -189.0       1 0.033333
285  0  1  1  1  0  0  1  1  1  1  0  0  0  1  0  1  1  1  0  1  1  0  1  0  0  0  0  0  0  0  -189.0       1 0.033333
345  0  1  1  1  0  1  1  1  1  0  1  1  1  0  1  0  0  1  1  1  1  0  1  0  0  0  0  0  0  0  -189.0       1 0.033333
83   0  1  1  1  0  1  1  1  1  1  0  0  0  1  0  0  1  1  1  1  1  0  0  0  0  0  0  1  0  0 -188.25       1      0.0
84   0  1  1  0  0  1  1  1  1  1  1  0  1  1  1  1  1  1  0  1  1  0  1  0  0  0  0  0  0  0 -188.25       1      0.0
85   1  1  1  1  0  1  1  1  1  1  1  0  0  1  0  0  1  0  0  1  1  0  1  0  0  0  0  0  0  0 -188.25       1      0.0
86   0  1  1  1  0  1  1  1  1  1  1  0  0  1  0  1  1  1  0  0  1  0  1  0  0  0  0  0  0  0 -188.25       2      0.0
87   0  1  1  1  0  1  1  1  1  0  0  0  0  1  0  0  1  1  0  1  1  0  1  0  0  0  0  0  0  0 -188.25       2      0.0
88   0  1  1  1  0  1  1  1  1  1  0  0  0  1  0  1  1  1  1  0  1  0  1  0  0  0  0  0  0  0 -188.25       1      0.0
89   0  1  1  1  0  0  1  1  1  1  1  0  0  1  0  1  1  1  0  1  1  0  1  0  0  0  0  0  0  0 -188.25       1      0.0
90   0  1  1  0  0  0  1  1  1  1  0  0  1  1  0  0  1  1  1  1  1  0  1  1  0  0  0  0  0  0 -188.25       1      0.0
91   0  1  1  0  0  1  1  1  1  0  0  1  0  1  1  0  1  1  1  0  1  0  1  0  0  0  0  1  0  0 -188.25       1      0.0
92   0  1  1  0  0  0  1  1  1  1  1  0  0  1  1  1  0  1  0  0  1  0  1  1  0  1  0  0  0  0 -188.25       1      0.0
93   0  1  1  1  0  1  1  1  1  1  0  0  0  1  0  0  1  1  1  0  1  0  1  0  0  0  0  0  1  0 -188.25       1      0.0
94   0  1  0  1  0  1  1  1  1  1  1  0  0  1  0  0  1  1  1  0  1  0  1  0  0  0  0  0  1  0 -188.25       1      0.0
301  0  1  1  1  0  1  1  1  1  1  1  0  0  1  0  0  1  1  0  0  1  0  1  0  0  0  0  0  1  0 -188.25       1 0.033333
343  0  1  0  1  0  1  1  1  1  1  1  0  0  1  0  0  1  1  1  1  1  0  1  0  0  0  0  0  0  0 -188.25       1 0.033333
366  1  1  1  1  0  1  1  1  1  1  0  0  0  1  0  0  1  1  0  1  1  0  0  1  0  0  0  0  0  0 -188.25       1 0.033333
95   0  1  1  1  0  1  1  1  1  1  0  1  0  1  1  0  0  1  1  1  1  0  1  0  0  0  0  0  0  0  -188.0       1      0.0
96   0  1  1  0  0  1  1  1  1  1  0  0  0  1  0  1  1  1  1  0  1  0  1  0  0  0  0  0  0  0  -188.0       1      0.0
97   0  1  1  1  0  1  1  1  1  0  0  0  0  1  0  0  1  1  0  1  1  1  1  0  0  0  0  0  0  0  -188.0       2      0.0
98   0  1  1  1  0  1  1  1  1  1  0  0  0  1  1  0  1  1  0  1  1  0  1  0  0  0  0  0  0  1  -188.0       1      0.0
99   0  0  1  1  0  1  1  1  1  0  1  1  0  1  1  0  1  1  0  0  1  0  1  0  0  0  0  0  0  0  -188.0       1      0.0
100  0  1  0  1  0  1  1  1  1  0  1  1  1  1  1  0  0  1  0  1  1  0  1  1  0  0  0  0  0  0  -188.0       1      0.0
101  0  1  1  1  0  1  0  1  1  0  0  1  0  1  1  0  0  1  1  1  1  0  1  0  0  0  0  0  0  0  -188.0       1      0.0
102  0  1  1  1  0  1  1  1  1  0  0  1  0  1  1  0  1  1  1  1  1  0  1  0  0  0  0  0  0  0  -188.0       3      0.0
103  0  1  1  1  1  1  1  1  1  0  0  0  0  1  0  0  1  1  1  1  1  0  1  0  0  0  0  0  1  0  -188.0       1      0.0
104  0  1  1  1  0  1  1  1  1  0  0  0  0  1  0  0  1  1  0  1  1  0  1  0  0  0  0  0  1  0  -188.0       1      0.0
105  0  1  1  1  0  1  0  1  1  0  1  0  0  1  1  0  0  1  0  1  1  0  1  0  0  0  0  0  1  0  -188.0       1      0.0
106  0  1  1  1  0  0  1  1  1  1  1  1  1  1  1  1  0  1  0  0  1  0  1  0  0  0  0  0  0  0  -188.0       1      0.0
107  0  1  1  1  0  1  0  1  1  0  1  1  0  1  1  0  0  1  1  1  1  0  1  0  0  0  0  0  1  0  -188.0       1      0.0
108  0  1  1  1  0  1  1  1  1  0  0  0  0  1  1  0  1  1  0  1  1  0  1  0  0  0  0  1  1  0  -188.0       1      0.0
109  0  1  1  0  0  1  1  1  1  1  0  0  0  1  1  0  1  1  1  1  1  0  1  0  0  0  0  0  1  0  -188.0       1      0.0
110  0  1  0  1  0  1  1  1  1  0  0  0  0  1  1  0  1  1  1  0  1  0  1  0  0  0  0  1  0  0  -188.0       1      0.0
111  0  1  1  1  0  1  1  1  1  0  1  0  0  1  0  0  1  1  0  0  1  0  1  0  0  0  0  0  1  0  -188.0       1      0.0
112  0  1  1  0  0  0  1  1  1  0  1  1  1  1  1  0  1  1  1  0  1  0  1  1  0  0  0  0  0  0  -188.0       1      0.0
265  0  1  1  1  0  1  1  1  1  0  1  0  0  1  0  0  1  1  1  0  1  0  1  0  0  0  0  0  0  0  -188.0       1 0.033333
286  0  1  1  1  0  1  1  1  1  0  0  0  0  1  0  1  1  1  0  1  1  0  1  0  0  0  0  0  0  0  -188.0       1 0.033333
317  0  1  1  0  0  0  1  1  1  1  1  0  0  1  0  1  1  1  1  0  1  0  1  0  0  0  0  0  0  0  -188.0       1 0.033333
318  0  1  1  1  0  1  1  1  1  0  0  0  0  1  0  0  1  1  0  1  1  1  1  0  0  0  0  0  0  0  -188.0       1 0.033333
333  0  1  1  1  0  1  1  1  1  0  0  0  0  1  0  0  1  1  0  1  1  1  1  0  0  0  0  0  0  0  -188.0       1 0.033333
334  0  1  0  1  0  1  1  1  1  0  1  0  0  1  0  0  1  1  0  0  1  1  1  0  0  0  0  0  1  0  -188.0       1 0.033333
348  0  1  1  1  0  1  0  1  1  1  0  0  0  1  0  0  1  1  1  1  1  0  1  0  0  0  0  0  0  0  -188.0       1 0.033333
349  0  1  1  1  0  1  1  1  1  0  0  1  0  1  1  0  1  1  1  1  1  0  1  0  0  0  0  0  0  0  -188.0       1 0.033333
359  0  1  0  0  1  0  0  0  0  0  1  1  1  0  0  1  0  0  0  0  0  1  0  1  1  1  1  1  1  1  -188.0       1 0.033333
114  1  0  0  0  1  0  0  0  0  0  1  1  1  0  1  1  0  0  1  0  0  0  1  0  1  1  1  1  1  1 -187.25       1      0.0
115  0  1  1  1  0  1  1  1  1  1  0  0  0  1  0  0  1  1  0  1  1  0  1  0  0  0  0  0  0  1 -187.25       1      0.0
116  0  1  1  1  0  1  1  1  1  0  0  1  0  1  0  0  1  1  1  1  1  0  1  0  0  0  0  0  0  0 -187.25       3      0.0
117  0  1  1  1  0  1  1  1  1  0  1  1  0  1  0  0  1  1  0  1  1  0  1  0  0  0  0  0  0  0 -187.25       1      0.0
118  0  1  1  1  0  1  1  1  1  0  1  0  0  1  0  0  1  1  0  1  1  1  1  0  0  0  0  0  0  0 -187.25       1      0.0
119  0  1  1  1  0  1  1  0  1  1  0  0  0  1  0  0  1  1  1  1  1  0  1  1  0  0  0  0  0  0 -187.25       1      0.0
120  0  1  1  1  0  1  1  1  1  1  0  1  0  1  0  0  0  1  1  1  1  0  1  0  0  0  0  0  0  0 -187.25       1      0.0
121  0  1  1  1  1  0  1  1  1  0  0  0  0  1  0  1  1  1  0  1  1  1  1  0  0  0  0  0  0  0 -187.25       1      0.0
122  0  1  1  1  0  1  1  1  1  0  0  0  1  0  1  1  1  1  0  0  1  0  1  0  0  0  1  0  0  0 -187.25       1      0.0
123  0  1  1  1  0  1  1  1  1  0  0  1  0  1  1  0  1  1  0  1  1  0  1  0  0  0  0  0  0  0 -187.25       1      0.0
124  0  0  0  1  0  1  1  1  0  0  1  1  1  0  1  0  0  1  1  1  1  0  1  0  0  0  0  1  1  0 -187.25       1      0.0
125  0  1  1  1  0  1  1  1  1  0  1  1  0  1  0  0  1  1  1  0  1  0  1  0  0  0  0  0  0  0 -187.25       4      0.0
126  0  1  0  1  1  1  1  0  1  0  0  1  0  1  0  1  1  0  0  0  0  1  1  0  1  1  1  0  0  0 -187.25       1      0.0
127  0  1  1  1  0  0  1  1  1  1  0  0  0  1  0  0  1  1  1  1  1  0  1  1  0  0  0  0  0  0 -187.25       1      0.0
128  0  1  1  1  0  0  1  1  1  1  1  0  1  0  1  1  1  1  1  0  1  0  1  0  0  0  1  0  0  0 -187.25       1      0.0
129  0  1  0  1  0  1  1  1  1  0  1  0  0  1  0  0  1  1  1  1  1  0  1  0  0  0  0  0  1  0 -187.25       1      0.0
130  0  1  1  0  0  1  1  1  1  1  1  1  0  1  0  0  1  1  1  0  1  0  1  0  0  0  0  0  0  0 -187.25       1      0.0
131  0  1  0  1  0  1  0  1  1  0  1  0  0  1  1  0  0  1  1  1  1  0  1  0  0  0  1  0  1  0 -187.25       1      0.0
132  0  1  1  1  0  1  1  1  1  0  0  0  0  1  0  0  1  1  1  0  1  1  1  0  0  0  0  0  1  0 -187.25       1      0.0
133  1  0  0  0  0  0  0  0  0  1  1  1  1  0  1  1  0  0  0  1  0  1  0  1  1  1  1  1  0  1 -187.25       1      0.0
134  0  1  1  1  0  1  1  1  1  0  0  0  0  1  1  0  1  1  0  0  1  1  1  0  0  0  0  0  1  0 -187.25       1      0.0
264  0  1  1  1  0  1  1  1  1  0  0  1  0  1  0  0  1  1  1  1  1  0  1  0  0  0  0  0  0  0 -187.25       1 0.033333
302  0  1  1  1  0  1  1  1  1  0  0  0  0  1  0  0  1  1  0  1  1  1  1  0  0  0  0  0  1  0 -187.25       1 0.033333
324  0  1  1  1  0  1  1  1  1  0  0  0  0  1  0  0  1  1  1  0  1  1  1  0  0  0  0  0  1  0 -187.25       1 0.033333
352  0  1  1  1  0  1  1  1  1  0  0  0  1  1  0  0  1  1  1  1  1  0  1  0  0  0  0  0  0  0 -187.25       1 0.033333
376  0  1  1  1  0  1  1  1  1  0  1  1  0  1  0  0  1  1  1  0  1  0  1  0  0  0  0  0  0  0 -187.25       1 0.033333
381  0  1  1  1  0  1  1  1  1  0  0  0  0  1  0  1  1  1  0  1  1  1  1  0  0  0  0  0  0  0 -187.25       1 0.033333
402  0  1  1  1  0  1  1  1  1  0  1  0  0  1  0  0  1  1  0  1  1  1  1  0  0  0  0  0  0  0 -187.25       1 0.066667
136  0  1  1  1  0  1  1  1  1  1  0  1  0  1  0  0  1  1  1  1  1  0  1  0  0  0  0  0  0  0  -187.0       1      0.0
137  0  1  1  1  0  1  1  1  0  0  0  0  0  1  0  0  1  1  1  1  1  0  1  0  0  0  0  1  0  0  -187.0       2      0.0
138  0  1  1  0  0  0  1  1  1  1  0  0  1  0  1  1  1  1  0  1  1  0  1  1  0  0  1  0  0  0  -187.0       1      0.0
139  0  1  1  1  0  1  1  1  1  0  0  1  0  1  0  0  0  1  1  1  1  0  1  0  0  0  0  0  0  0  -187.0       1      0.0
140  0  1  0  1  0  1  1  1  1  1  0  0  0  1  0  0  1  1  1  1  1  0  1  0  0  0  0  0  0  0  -187.0       2      0.0
141  0  1  1  0  0  1  1  1  1  0  0  1  0  1  1  0  1  1  1  1  1  0  1  0  0  0  0  1  0  0  -187.0       1      0.0
142  0  1  1  0  0  1  1  1  1  1  0  0  1  0  1  0  0  1  1  1  1  0  1  0  0  0  0  0  0  0  -187.0       1      0.0
143  0  1  1  1  0  0  1  1  1  1  0  0  0  1  0  0  1  1  0  1  1  1  1  0  0  0  0  0  0  0  -187.0       1      0.0
144  0  1  1  0  0  0  1  1  0  1  1  0  1  0  1  0  1  1  0  1  1  0  1  0  0  0  1  0  0  0  -187.0       1      0.0
145  0  1  1  1  0  1  1  1  1  1  1  1  0  1  0  0  1  1  1  0  1  0  1  0  0  0  0  0  0  0  -187.0       2      0.0
146  1  1  0  0  0  0  1  1  0  1  1  0  1  0  1  1  0  1  0  1  0  0  1  0  1  0  1  0  0  0  -187.0       1      0.0
191  0  1  1  1  0  1  1  1  1  0  1  0  1  1  1  0  1  1  0  0  1  0  1  0  0  0  0  0  0  1  -187.0       1 0.033333
207  0  1  1  1  0  1  1  1  1  1  1  0  0  0  0  0  1  1  0  1  1  0  1  0  0  0  0  0  0  0  -187.0       2 0.033333
276  0  1  1  1  0  1  1  1  1  1  0  0  1  1  0  0  1  1  0  1  1  0  1  0  0  0  1  0  0  0  -187.0       1 0.033333
314  0  1  1  1  0  1  1  1  1  1  1  1  0  1  0  0  1  1  1  0  1  0  1  0  0  0  0  0  0  0  -187.0       1 0.033333
342  0  1  1  1  0  0  1  1  1  1  0  1  1  1  1  0  1  1  1  0  1  0  1  0  0  0  0  0  0  0  -187.0       1 0.033333
354  0  1  1  1  0  1  1  1  1  1  0  1  0  1  1  0  1  1  1  0  1  0  1  0  0  0  0  0  0  0  -187.0       1 0.033333
365  0  1  1  1  0  1  1  1  1  0  1  1  0  1  0  0  1  0  0  1  1  0  1  0  0  0  0  0  0  0  -187.0       1 0.033333
148  0  1  1  1  0  1  1  1  1  1  0  0  0  1  0  1  1  1  1  1  1  0  0  0  0  0  0  0  0  0 -186.25       1      0.0
149  0  1  1  1  0  1  1  1  1  0  0  0  0  1  0  1  1  1  0  1  1  0  1  1  0  0  0  0  0  0 -186.25       1      0.0
150  0  1  1  1  0  1  1  1  1  0  0  1  0  1  0  0  1  0  1  1  1  1  1  0  0  0  0  0  0  0 -186.25       1      0.0
151  0  1  1  1  0  1  1  1  1  1  0  1  0  1  0  0  1  1  0  1  1  0  1  0  0  0  0  0  0  0 -186.25       1      0.0
152  1  0  1  0  1  0  0  0  0  1  1  1  1  0  0  1  1  0  1  0  0  0  1  0  1  0  1  1  0  1 -186.25       1      0.0
153  0  1  0  1  0  1  1  1  1  1  0  0  0  1  0  0  1  1  1  1  1  0  1  0  0  0  0  0  1  0 -186.25       1      0.0
154  0  1  1  1  0  1  1  1  1  1  0  1  0  1  0  0  1  1  1  0  1  0  1  0  0  0  0  0  0  0 -186.25       3      0.0
155  0  1  1  1  0  1  1  1  1  1  0  0  0  1  0  0  1  1  1  0  1  1  1  0  0  0  0  0  0  0 -186.25       1      0.0
156  0  1  1  0  0  0  1  1  1  1  0  0  0  1  0  0  1  1  1  1  1  0  1  0  0  0  0  0  0  0 -186.25       1      0.0
157  0  1  1  0  0  0  1  1  1  1  1  1  1  1  1  0  0  1  1  1  0  0  0  1  0  0  0  0  0  0 -186.25       1      0.0
158  0  1  1  1  0  0  1  1  1  1  0  0  1  1  0  1  1  1  1  0  1  0  1  0  0  0  0  0  0  0 -186.25       1      0.0
313  0  1  1  1  0  1  0  1  1  0  0  1  0  1  1  0  1  1  1  1  1  0  1  0  0  0  0  0  0  0 -186.25       1 0.033333
319  0  1  1  0  0  1  1  1  1  0  0  0  0  1  1  0  0  1  1  0  1  0  1  0  0  0  0  0  1  0 -186.25       1 0.033333
341  1  0  0  0  0  0  0  1  1  1  1  0  1  0  1  1  0  1  0  0  0  0  1  0  1  1  0  0  1  0 -186.25       1 0.033333
360  0  1  1  1  0  1  1  1  1  0  0  1  1  1  1  0  1  1  1  0  1  0  1  0  0  0  0  1  0  0 -186.25       1 0.033333
373  0  1  1  0  0  1  1  1  1  0  1  0  0  1  1  0  1  1  1  1  1  0  1  1  0  0  0  1  0  0 -186.25       1 0.033333
159  1  0  0  0  0  0  0  0  0  0  1  1  1  0  1  1  0  0  1  0  0  0  1  0  1  1  1  1  1  1  -186.0       1      0.0
160  0  1  1  1  0  1  1  1  0  1  1  0  0  1  0  0  0  1  0  1  1  0  1  1  0  0  0  0  0  0  -186.0       1      0.0
161  0  1  1  1  0  1  1  1  1  0  1  0  0  1  0  0  1  1  1  1  1  0  1  0  0  0  0  1  0  0  -186.0       1      0.0
162  0  1  1  1  0  1  1  1  1  0  0  1  0  1  0  0  1  1  0  1  1  0  1  0  0  0  0  0  0  0  -186.0       3      0.0
163  0  1  1  0  0  1  1  1  1  1  0  1  0  1  1  1  1  1  1  0  1  0  1  0  0  0  0  0  0  0  -186.0       1      0.0
164  0  0  0  1  0  1  1  1  1  0  0  0  0  1  0  0  1  1  1  1  1  0  1  0  0  0  0  1  1  0  -186.0       1      0.0
165  0  1  0  1  0  1  1  1  1  0  0  0  0  1  0  0  1  1  1  1  1  0  1  0  0  0  0  0  1  0  -186.0       1      0.0
166  1  0  0  1  1  0  0  0  0  0  0  1  1  1  0  0  0  0  0  1  0  1  0  1  1  1  1  1  0  1  -186.0       1      0.0
167  0  1  0  0  0  0  1  1  1  1  1  1  1  1  1  1  1  1  0  0  1  0  1  0  0  0  1  0  0  0  -186.0       1      0.0
168  0  1  1  1  0  1  1  1  1  0  1  1  0  1  0  0  1  1  0  0  1  0  1  0  0  0  0  0  0  0  -186.0       1      0.0
169  0  1  0  0  0  1  1  1  1  0  1  0  0  1  0  0  0  1  1  1  1  0  1  0  0  0  0  1  1  0  -186.0       1      0.0
170  0  1  1  1  0  1  1  1  1  0  1  0  0  1  0  0  1  1  0  0  1  1  1  0  0  0  0  0  0  0  -186.0       1      0.0
171  0  1  1  1  0  1  1  1  1  0  0  1  0  1  0  0  1  1  1  0  1  0  1  0  0  0  0  0  0  0  -186.0       3      0.0
172  0  1  0  1  0  1  1  1  1  0  1  1  0  1  1  0  1  1  1  0  1  0  1  0  0  0  0  1  0  0  -186.0       1      0.0
173  0  1  1  1  0  1  1  1  1  0  0  0  0  1  0  0  1  1  1  0  1  1  1  0  0  0  0  1  1  0  -186.0       1      0.0
174  0  1  0  1  0  1  1  1  1  0  0  0  0  1  0  0  1  1  1  0  1  1  1  0  0  0  0  0  1  0  -186.0       1      0.0
175  0  1  1  0  1  0  1  1  1  0  0  0  1  1  1  0  1  1  1  0  1  0  1  0  0  0  0  1  0  1  -186.0       1      0.0
234  0  1  1  1  0  1  1  1  1  0  0  0  0  1  0  0  1  1  1  0  1  1  1  0  0  0  0  0  0  0  -186.0       1 0.033333
290  0  1  1  1  0  1  1  1  1  0  0  1  0  1  0  0  1  1  1  0  1  0  1  0  0  0  0  0  0  0  -186.0       1 0.033333
299  0  1  1  1  0  1  1  1  1  0  1  1  1  0  1  1  1  1  0  0  1  0  1  0  0  0  0  0  0  0  -186.0       1 0.033333
311  0  1  1  0  0  1  1  1  1  1  1  0  1  1  0  0  1  1  1  0  1  0  1  0  0  0  1  0  0  0  -186.0       1 0.033333
347  0  1  1  1  0  1  1  1  1  0  0  1  0  1  0  0  1  1  1  0  1  0  1  0  0  0  0  0  0  0  -186.0       1 0.033333
378  0  1  1  0  0  0  1  1  1  1  0  1  1  1  1  0  0  1  0  1  1  0  1  1  0  0  0  1  0  0  -186.0       1 0.033333
412  0  1  1  1  0  1  1  1  1  0  0  0  0  1  0  0  1  1  0  0  1  1  1  0  0  0  0  0  1  0  -186.0       1 0.066667
413  0  1  1  1  0  1  1  1  1  1  0  0  0  1  0  0  1  1  0  1  1  0  1  0  1  0  1  0  0  0  -186.0       1 0.066667
420  0  1  1  1  0  1  1  1  1  0  1  1  0  1  0  0  1  1  0  0  1  0  1  0  0  0  0  0  0  0  -186.0       1 0.066667
177  0  1  1  0  0  1  1  1  1  0  1  0  0  1  0  1  1  1  0  1  1  0  1  1  0  0  0  0  0  0 -185.25       1      0.0
178  0  1  1  0  0  1  1  1  1  1  0  1  0  1  0  0  1  1  1  1  1  0  1  0  0  0  0  0  0  0 -185.25       1      0.0
179  0  1  1  1  0  1  1  1  1  0  0  1  0  1  0  0  1  1  0  1  1  1  1  0  0  0  0  0  0  0 -185.25       1      0.0
180  0  1  0  0  0  1  1  1  1  1  1  1  1  1  0  0  0  1  1  0  0  0  1  1  1  0  0  0  0  0 -185.25       1      0.0
181  1  0  0  1  1  0  0  0  0  1  1  1  0  0  0  1  1  0  1  0  0  1  0  0  1  1  1  1  1  0 -185.25       1      0.0
182  0  1  1  1  0  1  1  0  1  0  0  1  0  1  0  0  1  1  1  0  1  1  1  0  0  0  0  1  0  0 -185.25       1      0.0
183  0  1  1  1  0  1  1  1  1  0  0  1  0  1  0  0  1  1  1  0  1  1  1  0  0  0  0  0  0  0 -185.25       2      0.0
184  0  1  1  1  0  1  1  1  1  1  1  0  0  1  0  0  1  1  1  1  0  0  1  0  0  0  0  0  0  0 -185.25       1      0.0
185  0  1  1  0  0  0  1  1  1  1  0  0  1  1  1  1  1  1  0  0  1  1  1  0  0  0  0  1  0  1 -185.25       1      0.0
186  0  1  1  1  0  1  1  1  1  0  0  1  0  1  1  0  1  1  0  0  1  1  1  0  0  0  0  0  0  0 -185.25       1      0.0
187  0  1  1  1  0  0  1  1  1  0  0  1  0  1  1  1  1  1  1  0  1  0  1  0  0  0  0  0  0  0 -185.25       1      0.0
188  0  1  1  0  0  0  0  1  1  0  1  1  1  1  1  1  1  1  1  0  1  0  1  0  0  0  0  0  0  0 -185.25       1      0.0
189  0  1  0  1  0  1  1  1  1  0  1  1  0  1  0  0  1  1  0  0  1  1  1  0  0  0  0  0  1  0 -185.25       1      0.0
258  0  1  1  1  0  1  1  1  1  0  0  1  0  1  0  0  1  1  1  0  1  1  1  0  0  0  0  0  0  0 -185.25       1 0.033333
353  0  1  1  1  0  1  1  1  1  0  0  1  0  1  0  1  1  1  0  0  1  1  1  0  0  0  0  0  0  0 -185.25       1 0.033333
367  0  1  1  1  0  1  1  1  1  0  0  1  0  1  0  0  1  1  1  0  1  1  1  0  0  0  0  0  0  0 -185.25       1 0.033333
371  0  1  1  1  0  1  1  1  1  1  0  0  0  1  0  1  1  1  0  0  1  0  1  1  0  0  0  0  0  0 -185.25       1 0.033333
398  1  1  1  0  1  0  0  0  0  0  1  1  1  0  1  1  0  0  0  1  0  1  0  1  1  1  1  1  0  1 -185.25       1 0.033333
399  0  1  1  1  0  1  1  1  1  0  0  1  0  1  0  0  1  1  1  0  1  0  1  0  0  0  0  0  1  0 -185.25       1 0.033333
193  0  1  1  1  0  1  1  1  1  0  0  0  0  1  0  0  1  1  1  0  1  0  1  0  1  0  0  0  0  0  -185.0       1      0.0
194  0  1  1  1  0  1  1  1  0  1  1  1  0  1  1  0  0  1  1  1  1  0  0  0  0  0  0  1  0  0  -185.0       1      0.0
195  1  0  1  1  0  1  1  1  1  0  1  1  1  1  1  0  1  1  0  0  1  0  1  0  0  0  0  0  0  0  -185.0       1      0.0
196  0  1  1  1  0  1  1  0  1  1  0  1  0  1  0  0  1  1  1  0  1  0  1  0  0  0  0  0  0  0  -185.0       1      0.0
197  1  0  0  0  1  0  0  0  0  1  1  0  1  0  0  1  0  0  1  1  0  0  0  1  1  0  1  1  1  1  -185.0       1      0.0
198  0  1  1  0  0  1  1  1  1  0  0  1  0  1  1  0  1  1  1  0  1  1  1  0  0  0  0  1  0  0  -185.0       1      0.0
199  0  1  0  0  1  0  0  0  0  0  1  1  1  0  0  1  0  1  0  1  0  1  0  1  1  1  1  1  1  1  -185.0       1      0.0
200  0  1  1  1  0  1  0  1  1  0  1  1  0  1  1  0  1  1  1  0  1  0  1  0  0  0  0  0  1  0  -185.0       1      0.0
201  1  0  0  0  1  0  0  0  0  0  1  1  1  0  1  1  0  0  1  1  0  1  0  1  1  1  1  1  0  1  -185.0       1      0.0
202  0  1  0  0  0  1  1  1  1  0  1  0  0  1  0  0  1  1  0  0  1  1  1  0  0  0  0  1  1  0  -185.0       1      0.0
203  0  1  1  1  0  1  1  1  1  0  0  1  0  1  0  0  0  1  1  0  1  0  1  0  0  0  0  0  1  0  -185.0       1      0.0
321  0  1  1  0  0  1  1  1  1  1  0  0  0  1  0  0  1  1  1  1  1  1  1  0  1  0  0  0  0  0  -185.0       1 0.033333
336  1  0  0  0  1  0  0  0  0  0  1  1  1  0  1  1  0  0  1  0  0  1  0  0  1  1  1  1  1  0  -185.0       1 0.033333
337  0  1  1  1  0  0  1  1  1  0  0  1  0  1  1  1  1  0  0  0  1  1  1  0  0  0  0  0  0  0  -185.0       1 0.033333
383  0  1  0  1  0  1  1  1  1  1  0  0  0  1  0  1  1  1  0  1  1  0  1  0  0  0  0  0  0  0  -185.0       1 0.033333
385  0  1  0  1  0  1  1  1  1  0  1  0  0  0  1  0  1  0  0  0  1  1  1  0  0  0  1  0  1  0  -185.0       1 0.033333
396  0  1  1  1  0  1  1  1  1  1  0  0  0  1  0  0  1  1  0  1  1  1  1  0  0  0  0  0  1  0  -185.0       1 0.066667
427  0  1  1  1  0  1  1  1  1  0  0  0  0  1  0  0  1  1  0  1  1  1  1  0  0  1  0  0  1  0  -185.0       1 0.066667
208  1  0  1  1  0  1  1  1  1  0  0  1  0  1  0  0  1  1  1  1  1  0  1  0  0  0  0  0  0  0 -184.25       1      0.0
209  0  1  0  0  0  1  1  1  1  0  0  1  0  1  1  0  1  1  1  1  1  0  1  0  0  0  0  1  0  0 -184.25       1      0.0
210  0  1  1  1  0  1  1  1  0  0  0  1  0  1  1  0  1  1  1  1  1  0  1  0  0  0  0  0  0  0 -184.25       1      0.0
211  0  1  1  1  0  1  1  1  1  1  0  1  0  1  0  1  1  1  0  0  1  0  1  0  0  0  0  0  0  0 -184.25       1      0.0
212  0  0  1  0  0  0  1  0  1  1  0  1  0  1  0  1  1  1  1  1  0  1  1  1  1  0  0  0  0  0 -184.25       1      0.0
351  0  1  1  0  0  1  1  1  1  0  0  1  1  1  1  0  1  1  0  1  1  0  1  0  0  0  0  0  0  0 -184.25       1 0.033333
382  0  0  0  0  1  0  0  0  0  0  1  1  1  0  1  1  0  0  1  0  0  1  1  1  1  1  1  1  1  0 -184.25       1 0.033333
387  1  0  0  0  1  0  0  0  0  0  1  1  1  0  1  1  0  0  0  0  1  1  0  1  0  1  1  1  1  1 -184.25       1 0.033333
422  0  1  1  1  0  1  1  1  1  0  0  0  0  1  0  0  1  1  0  0  1  1  1  0  0  0  0  0  0  0 -184.25       1      0.1
215  0  1  1  1  0  1  1  1  1  0  1  1  0  1  0  1  1  1  0  1  1  0  1  0  0  0  0  0  0  0  -184.0       1      0.0
216  0  1  1  1  0  1  1  1  1  0  0  1  0  1  0  1  1  1  0  1  1  1  1  0  0  0  0  0  0  0  -184.0       1      0.0
217  1  0  0  0  0  0  0  1  1  0  1  0  1  0  1  1  0  1  0  0  0  0  1  1  1  1  1  1  0  0  -184.0       1      0.0
218  0  1  1  1  0  1  1  1  1  0  0  1  0  1  0  1  1  1  0  0  1  0  1  0  0  0  0  0  0  0  -184.0       1      0.0
219  0  1  1  1  0  1  1  1  1  0  0  1  0  1  0  1  1  1  1  0  1  1  1  0  0  0  0  0  0  0  -184.0       1      0.0
220  0  1  1  0  0  1  1  1  1  1  0  1  1  1  0  1  1  1  1  0  1  0  1  0  0  0  0  0  0  0  -184.0       1      0.0
221  0  1  1  1  0  1  1  1  1  0  1  1  0  1  0  0  1  1  0  1  1  1  1  0  0  0  0  0  0  0  -184.0       1      0.0
222  0  1  1  1  0  1  1  0  1  1  0  1  0  1  0  1  1  1  0  0  1  1  1  0  0  1  0  0  0  0  -184.0       1      0.0
223  1  1  0  0  1  1  1  0  0  1  0  1  1  0  0  1  0  0  0  1  0  1  0  1  1  1  1  1  0  0  -184.0       1      0.0
224  0  1  1  1  0  1  1  1  1  1  0  0  1  1  0  0  1  1  1  0  1  0  1  1  0  0  0  0  0  0  -184.0       1      0.0
225  0  0  1  0  0  1  1  1  1  1  1  1  0  1  0  0  1  1  1  1  1  0  0  0  0  0  0  0  0  0  -184.0       1      0.0
226  0  1  1  1  0  1  1  1  1  0  1  1  1  1  0  0  1  1  0  0  1  1  1  0  0  0  0  0  0  0  -184.0       1      0.0
227  0  1  0  1  0  1  1  1  1  0  1  1  0  1  0  0  1  1  0  0  1  1  1  0  0  0  0  0  0  0  -184.0       1      0.0
228  0  1  0  0  0  1  1  1  1  1  1  1  1  1  0  1  1  1  1  0  0  0  1  0  1  0  0  0  0  0  -184.0       1      0.0
229  0  1  1  0  0  0  1  1  1  1  1  1  0  1  0  1  1  1  0  1  0  1  1  1  0  0  0  0  0  0  -184.0       1      0.0
230  0  1  1  1  0  0  1  1  1  0  1  0  1  1  0  1  1  1  0  0  1  0  1  0  0  0  0  0  0  0  -184.0       1      0.0
231  0  1  1  1  0  0  1  1  1  0  0  0  0  0  1  1  1  1  1  0  1  1  1  0  0  0  0  0  0  0  -184.0       1      0.0
232  0  1  1  1  0  0  1  1  1  0  0  0  1  1  1  0  1  1  1  0  1  0  1  1  0  1  0  0  0  0  -184.0       1      0.0
335  0  1  1  1  0  1  1  1  1  0  0  1  0  1  0  0  1  1  0  0  1  1  1  0  0  0  0  0  0  0  -184.0       1 0.033333
384  0  1  0  1  0  1  1  1  1  0  1  1  0  1  0  0  1  1  1  0  1  0  1  0  0  0  0  0  0  0  -184.0       1 0.033333
389  0  1  1  1  0  1  1  1  1  0  0  1  1  1  0  0  1  1  1  0  1  0  1  0  0  0  0  1  0  0  -184.0       1 0.033333
403  0  1  1  1  0  1  1  1  1  0  0  1  0  1  0  1  1  1  1  0  1  1  1  0  0  0  0  0  0  0  -184.0       1 0.066667
407  0  1  1  1  0  1  1  1  1  0  0  1  0  1  0  0  1  1  1  1  1  0  0  0  0  0  0  0  0  0  -184.0       1 0.033333
417  0  1  1  1  0  1  1  1  1  0  0  1  0  1  0  0  1  1  1  1  1  1  1  0  0  0  0  0  0  0  -184.0       1 0.066667
240  0  1  1  1  0  1  1  1  1  0  1  0  0  1  0  0  1  0  0  1  1  1  0  0  0  0  0  0  0  0 -183.25       1      0.0
241  0  0  0  0  0  1  0  1  1  1  1  1  0  1  0  0  1  0  1  0  1  0  1  0  1  0  0  1  0  0 -183.25       1      0.0
242  0  0  0  1  0  1  1  1  1  0  1  1  0  1  0  0  1  1  1  1  0  0  1  0  1  0  0  0  1  0 -183.25       1      0.0
243  0  1  1  0  0  1  1  1  1  0  0  0  1  1  0  0  1  1  0  1  1  0  1  0  0  0  0  0  0  0 -183.25       1      0.0
244  0  1  1  0  1  0  1  1  1  0  1  0  0  1  0  1  1  1  0  1  1  0  1  1  0  0  0  0  0  0 -183.25       1      0.0
245  0  1  1  1  0  1  1  0  1  0  0  1  0  1  0  0  1  1  1  0  0  1  1  0  0  1  0  0  1  0 -183.25       1      0.0
246  0  1  1  0  0  0  1  1  0  1  1  0  0  1  0  0  1  1  1  1  1  0  1  0  0  0  0  0  0  0 -183.25       1      0.0
247  0  1  1  1  0  0  1  1  1  0  0  0  0  1  0  1  1  1  1  0  1  1  1  0  0  0  0  0  1  0 -183.25       1      0.0
277  1  0  0  0  1  0  0  0  0  0  1  1  1  0  1  1  0  0  0  1  0  1  0  1  1  1  1  1  1  0 -183.25       1 0.033333
368  0  1  1  1  0  1  1  1  1  0  0  1  0  1  0  0  1  1  0  0  1  1  1  0  0  0  0  0  1  0 -183.25       1 0.033333
393  0  0  1  0  0  1  1  1  1  0  1  1  1  1  0  0  1  1  0  1  0  0  1  1  1  0  0  0  0  0 -183.25       1 0.033333
400  0  1  0  1  0  1  1  1  1  0  1  1  0  0  1  0  1  1  1  0  1  0  1  0  0  0  0  0  1  0 -183.25       1 0.033333
424  0  1  1  1  0  1  1  1  1  0  0  1  0  1  0  0  1  1  0  1  1  0  1  0  0  0  0  0  1  0 -183.25       1 0.066667
431  0  1  1  1  0  0  1  1  1  0  0  0  1  1  0  0  1  1  0  1  1  1  1  0  0  0  0  1  0  0 -183.25       1 0.066667
249  0  1  1  1  0  1  1  1  1  0  0  0  0  1  0  0  1  1  0  0  1  1  1  0  1  0  0  0  0  0  -183.0       1      0.0
250  0  1  1  1  0  1  1  1  1  0  0  1  0  1  1  0  1  1  0  1  1  1  0  0  0  0  0  0  0  1  -183.0       1      0.0
251  0  1  1  1  0  1  1  0  1  0  0  1  0  1  0  1  1  1  0  1  1  1  1  1  0  0  0  0  0  0  -183.0       1      0.0
252  1  1  1  1  0  1  1  1  1  0  0  1  0  1  0  0  1  1  1  1  1  0  1  0  0  0  0  0  0  0  -183.0       1      0.0
253  0  1  1  0  0  1  1  1  1  0  0  1  0  1  0  1  1  1  1  0  1  0  1  0  0  0  0  0  0  0  -183.0       1      0.0
254  0  1  1  0  0  1  1  1  1  1  1  1  1  0  0  1  1  0  0  0  0  0  1  0  1  0  0  0  0  0  -183.0       1      0.0
255  0  1  1  1  0  1  1  1  1  0  0  1  0  1  0  1  1  0  0  0  1  1  1  0  0  0  0  1  1  0  -183.0       1      0.0
256  0  0  1  1  0  1  1  1  1  0  1  1  0  1  0  0  1  1  0  0  0  1  1  0  0  0  0  0  1  0  -183.0       1      0.0
257  0  1  1  1  0  1  1  1  1  0  0  0  0  1  0  0  1  1  0  1  1  1  1  0  1  0  0  0  1  0  -183.0       1      0.0
259  0  1  1  0  0  1  1  1  1  0  0  1  0  1  0  0  1  1  1  0  1  0  1  0  0  0  0  1  0  0  -183.0       1      0.0
260  0  1  1  1  0  1  1  0  1  0  0  1  0  1  0  0  0  1  1  1  1  0  1  0  0  0  0  0  1  0  -183.0       1      0.0
261  0  1  1  1  0  0  1  1  1  0  0  0  1  1  0  0  0  1  1  1  1  0  1  0  0  0  0  0  1  0  -183.0       1      0.0
370  0  1  1  1  0  1  0  1  1  0  0  0  0  1  1  0  1  1  1  0  1  1  1  0  0  0  0  0  0  0  -183.0       1 0.033333
380  0  1  1  1  0  1  1  1  1  0  1  1  0  1  0  0  1  1  0  0  1  1  1  1  0  0  0  0  0  0  -183.0       1 0.033333
395  0  1  1  1  0  1  1  1  1  0  0  1  0  1  0  0  1  1  0  1  1  1  1  1  0  0  0  0  0  0  -183.0       1 0.033333
430  0  1  1  0  0  0  1  1  1  0  1  1  1  0  0  1  1  1  0  0  0  1  1  1  0  0  0  0  0  0  -183.0       1 0.066667
266  0  1  0  1  0  1  1  1  1  1  1  1  0  1  0  0  0  1  0  1  1  0  0  0  0  0  0  0  0  0 -182.25       1      0.0
267  1  0  0  0  0  1  1  1  1  0  1  1  0  1  0  0  1  1  1  0  1  0  1  0  1  0  0  0  1  0 -182.25       1      0.0
268  1  0  1  0  0  0  0  0  1  1  1  1  1  0  1  1  0  1  0  0  0  0  0  1  1  0  0  1  1  1 -182.25       1      0.0
269  1  0  1  0  0  1  0  1  1  1  0  1  0  1  0  0  1  1  1  0  1  0  1  0  0  0  0  0  0  0 -182.25       1      0.0
270  0  1  1  1  0  1  1  1  1  0  1  1  0  1  0  0  1  1  1  0  0  0  1  0  0  0  0  0  1  0 -182.25       1      0.0
271  0  1  1  1  0  1  1  0  1  0  0  1  0  1  0  0  1  1  1  0  1  1  0  1  0  0  0  0  1  0 -182.25       1      0.0
272  0  1  1  1  0  0  1  1  1  1  0  0  0  1  0  1  1  1  0  1  0  0  1  0  0  0  0  0  0  0 -182.25       1      0.0
273  0  1  1  1  0  1  1  1  1  0  0  0  0  1  0  0  1  1  1  0  1  1  1  1  0  0  0  0  0  0 -182.25       1      0.0
274  0  1  0  0  0  0  1  1  1  1  1  1  1  1  1  1  1  1  0  1  0  0  1  0  0  0  0  0  0  0 -182.25       1      0.0
275  0  1  1  1  0  0  1  0  1  1  0  0  1  1  0  1  1  1  0  1  0  1  1  0  0  0  0  0  0  1 -182.25       1      0.0
278  1  1  1  1  0  0  1  1  1  0  0  0  0  1  1  0  1  1  0  1  1  1  1  0  0  0  0  0  0  0 -182.25       1 0.033333
434  0  1  0  0  0  1  1  1  1  0  0  0  0  1  1  0  1  1  1  1  1  1  1  0  0  0  0  0  1  0 -182.25       1 0.033333
279  0  1  0  1  0  1  1  0  1  0  0  1  0  1  1  1  1  1  1  0  1  1  1  0  0  0  0  1  0  0  -182.0       1      0.0
280  0  1  1  1  0  1  1  0  1  0  1  1  0  1  0  0  1  1  0  0  1  1  1  0  0  0  0  0  0  0  -182.0       1      0.0
281  0  1  0  1  0  1  1  1  1  0  1  1  1  1  0  0  0  1  1  0  0  1  1  0  0  0  0  1  1  0  -182.0       1      0.0
282  1  1  0  0  0  0  1  1  1  1  1  1  1  1  0  1  1  1  0  0  1  0  1  1  0  0  0  0  0  0  -182.0       1      0.0
283  0  1  1  0  0  0  1  1  1  1  1  1  1  1  1  1  0  1  1  1  1  0  1  0  1  0  0  0  0  0  -182.0       1      0.0
284  0  1  0  1  0  0  1  1  1  0  1  1  0  1  1  0  1  1  0  0  1  1  1  0  0  0  0  0  0  0  -182.0       1      0.0
355  1  1  1  1  0  1  1  1  1  1  1  0  0  0  1  1  1  1  0  0  1  0  1  0  0  0  0  0  0  0  -182.0       1 0.033333
364  1  0  0  0  1  0  0  0  0  1  1  1  1  0  1  1  0  0  1  0  1  0  0  0  1  1  1  1  1  1  -182.0       1 0.033333
406  0  1  1  1  0  1  1  1  1  0  0  1  0  1  0  1  1  1  1  0  1  0  1  0  0  0  0  0  1  0  -182.0       1 0.033333
408  0  1  1  0  0  1  1  1  1  0  0  0  1  1  0  1  1  1  0  1  1  0  1  1  0  0  0  1  0  0  -182.0       1 0.033333
414  1  0  0  0  1  0  0  0  0  0  0  1  1  1  1  1  0  0  1  1  0  1  0  0  1  1  1  1  1  1  -182.0       1 0.066667
418  0  1  1  1  0  1  1  1  1  1  0  0  0  1  0  0  1  1  0  0  1  1  1  0  0  1  0  0  1  0  -182.0       1 0.066667
292  0  1  0  1  0  1  1  0  0  0  1  1  0  1  0  0  1  0  1  0  1  0  1  0  1  1  0  1  1  0 -181.25       1      0.0
293  0  1  1  1  0  1  1  0  0  0  1  1  0  0  1  1  1  0  0  0  1  1  1  0  0  0  1  1  0  0 -181.25       1      0.0
294  0  1  1  1  0  1  1  1  1  0  1  1  0  0  0  0  1  1  1  1  1  0  1  0  0  0  0  0  0  0 -181.25       1      0.0
295  0  1  1  1  0  1  1  1  1  0  0  1  0  1  0  0  1  1  0  1  0  1  0  1  0  0  0  1  0  0 -181.25       1      0.0
296  0  1  1  0  0  1  1  1  0  1  0  0  0  1  0  0  1  1  1  1  1  0  1  0  0  0  0  0  1  1 -181.25       1      0.0
297  0  1  0  1  0  1  1  1  1  0  0  1  0  1  0  0  1  1  1  1  1  0  1  0  0  0  0  0  1  0 -181.25       1      0.0
298  0  1  1  1  1  1  1  0  1  0  0  1  0  1  0  1  1  1  0  0  0  1  1  0  0  1  0  0  0  0 -181.25       1      0.0
404  0  1  1  1  0  0  1  1  1  1  1  0  0  1  1  0  1  1  0  0  1  0  1  1  0  0  1  0  0  1 -181.25       1 0.033333
428  0  1  0  0  0  1  1  1  1  1  0  0  0  1  0  0  1  1  1  1  1  1  1  0  0  0  0  0  1  0 -181.25       1 0.066667
303  1  1  1  0  0  1  0  0  1  1  0  0  1  1  1  0  0  1  1  1  1  0  0  1  0  1  0  1  0  0  -181.0       1      0.0
304  0  1  0  0  0  1  0  1  1  0  0  1  0  1  0  1  1  1  0  1  0  1  0  1  0  1  0  1  0  0  -181.0       1      0.0
305  0  1  1  0  0  1  1  1  1  1  1  1  0  1  0  1  1  1  1  1  0  0  1  0  0  0  0  0  0  0  -181.0       1      0.0
306  0  1  0  1  0  1  1  1  1  0  1  1  0  1  0  0  1  1  0  1  1  1  1  1  0  0  0  0  0  0  -181.0       1      0.0
307  0  1  1  0  0  1  0  1  1  0  0  0  0  1  1  0  1  1  0  1  1  0  1  0  0  0  0  0  1  1  -181.0       1      0.0
308  1  0  1  0  1  0  0  0  0  1  1  1  1  0  1  1  1  0  0  1  0  0  1  0  1  0  1  1  0  1  -181.0       1      0.0
309  0  1  1  1  0  0  1  0  1  1  0  1  0  1  0  1  1  1  0  1  0  0  1  1  0  0  0  0  0  0  -181.0       1      0.0
310  0  1  0  1  0  1  1  1  1  0  1  1  0  1  1  0  1  1  1  0  1  0  1  1  0  0  0  0  0  0  -181.0       1      0.0
325  1  1  1  1  0  1  1  1  1  0  0  0  0  1  0  0  1  1  0  1  1  1  1  0  0  0  0  0  1  0  -181.0       1 0.033333
394  0  1  1  1  0  1  1  1  1  0  0  0  0  1  0  0  1  1  1  0  1  1  1  0  0  0  0  0  1  1  -181.0       1 0.066667
405  0  1  0  1  0  1  1  1  1  0  1  1  0  1  0  1  1  1  0  0  0  1  1  0  0  0  0  0  0  0  -181.0       1 0.033333
410  1  0  0  0  1  0  0  0  0  1  1  1  1  0  1  1  0  0  0  1  0  0  0  1  1  1  1  1  0  0  -181.0       1      0.1
432  0  1  1  1  0  1  1  1  1  0  0  1  0  1  0  1  1  1  0  1  1  1  0  0  0  0  0  0  0  1  -181.0       1 0.066667
320  0  0  1  1  0  0  1  1  1  0  0  1  0  1  0  1  1  1  0  1  1  1  1  1  0  0  0  0  0  0 -180.25       1      0.0
322  0  1  1  0  0  0  1  1  1  0  1  1  1  0  1  1  0  0  0  0  1  1  1  0  0  0  1  0  1  0 -180.25       1      0.0
323  0  1  1  1  0  1  1  1  1  0  1  1  0  1  0  0  1  1  1  0  0  1  1  0  0  0  0  0  0  0 -180.25       1      0.0
409  1  0  0  1  1  1  0  0  1  1  1  1  0  0  1  0  0  0  1  1  1  0  0  0  0  0  1  1  1  0 -180.25       1 0.033333
326  0  0  0  0  0  0  0  0  0  1  1  1  0  1  1  1  1  1  1  0  0  1  1  0  1  1  0  1  1  1  -180.0       1      0.0
327  0  1  1  0  0  1  1  1  0  1  1  1  1  1  1  0  0  1  0  1  1  0  1  0  0  0  1  0  0  0  -180.0       1      0.0
328  0  1  0  1  0  1  1  1  1  0  0  1  0  1  0  1  1  1  1  0  1  0  1  0  0  0  0  0  0  0  -180.0       1      0.0
329  0  1  0  1  0  1  1  1  1  0  0  1  0  1  0  0  1  1  1  1  1  1  1  0  0  0  0  0  1  0  -180.0       1      0.0
330  0  1  0  0  0  1  1  1  1  1  1  1  1  0  0  0  1  1  1  0  1  0  1  0  0  0  0  0  0  0  -180.0       1      0.0
331  0  1  1  0  0  1  1  1  1  1  0  0  0  1  1  0  1  1  1  1  0  0  1  0  0  0  1  0  0  1  -180.0       1      0.0
332  1  0  0  0  1  0  0  0  0  1  1  0  1  0  1  1  1  0  0  1  0  0  0  0  1  1  1  1  0  1  -180.0       1      0.0
372  0  1  1  1  0  1  1  1  1  0  0  1  0  0  0  1  1  1  1  0  1  0  1  0  0  0  0  0  0  0  -180.0       1 0.033333
338  0  1  0  1  0  1  1  1  1  1  1  1  0  1  0  1  1  1  0  0  0  1  1  0  0  0  0  0  0  0 -179.25       1      0.0
339  1  0  0  0  0  1  0  1  0  1  1  0  1  0  0  1  1  1  0  1  0  0  1  0  1  0  0  1  0  0 -179.25       1      0.0
340  0  1  0  1  0  1  1  0  0  0  0  0  0  1  0  1  1  1  0  1  0  1  1  0  1  0  1  1  0  1 -179.25       1      0.0
344  0  0  1  1  0  1  1  1  1  0  0  1  0  0  0  1  1  1  0  0  1  1  1  0  1  0  0  0  0  0  -179.0       1      0.0
346  0  1  0  1  0  1  1  1  1  0  1  1  0  1  0  0  1  1  0  0  0  0  1  0  0  0  0  1  1  0  -179.0       1      0.0
416  0  1  1  0  0  1  1  1  1  1  0  1  0  1  1  1  1  1  1  1  1  0  1  0  1  0  0  0  0  0  -179.0       1 0.033333
425  0  1  1  1  0  1  1  1  1  0  0  1  0  1  0  0  1  1  0  0  0  1  1  0  0  0  0  0  1  0  -179.0       1 0.066667
356  0  1  0  1  0  1  1  1  1  0  0  1  0  1  0  0  1  1  1  1  0  1  1  0  0  0  0  0  1  0 -178.25       1      0.0
357  0  1  0  1  0  1  1  1  1  0  0  1  0  1  0  0  1  1  1  0  1  1  0  0  0  0  0  0  0  0 -178.25       1      0.0
358  0  1  1  1  0  1  1  1  1  0  1  1  0  0  0  0  1  1  1  0  0  1  1  0  0  0  0  0  1  0 -178.25       1      0.0
433  0  1  0  0  0  1  1  1  1  1  1  1  0  1  0  1  1  1  1  0  0  1  1  0  0  0  0  0  0  0 -178.25       1 0.066667
361  0  1  1  0  0  1  1  1  0  0  1  1  0  1  1  0  1  1  1  1  1  0  1  0  0  0  1  0  0  0  -178.0       1      0.0
362  0  1  0  1  0  1  1  1  0  1  1  0  0  1  0  0  1  1  0  1  1  1  1  0  0  0  1  1  0  0  -178.0       1      0.0
363  0  1  1  1  0  1  1  1  1  1  1  0  0  1  0  1  1  1  0  0  0  0  1  0  1  1  0  0  0  0  -178.0       1      0.0
397  0  1  1  1  0  1  1  1  1  1  1  1  0  0  0  0  1  1  0  1  0  0  1  0  0  0  0  0  0  0  -178.0       1 0.033333
423  0  1  0  0  0  1  1  1  1  0  1  1  0  1  0  1  1  1  0  1  1  0  1  1  0  0  0  1  0  0  -178.0       1 0.033333
375  0  1  1  0  0  0  1  1  1  1  0  1  0  1  0  0  1  1  0  1  0  1  1  1  0  0  0  1  0  0 -177.25       1      0.0
377  0  1  1  1  0  1  1  0  1  0  0  1  0  1  0  1  1  1  1  0  0  0  1  0  0  0  0  1  0  0  -177.0       1      0.0
388  1  1  0  1  1  1  1  1  0  1  1  0  1  0  1  1  0  0  1  1  1  0  0  0  1  0  1  0  0  0 -176.25       1      0.0
390  0  1  1  1  1  0  0  0  1  0  0  0  1  0  1  1  0  1  1  1  0  1  1  0  0  1  1  0  1  0  -176.0       1      0.0
391  0  1  1  0  0  1  1  0  1  1  0  0  0  0  0  0  1  1  1  1  1  0  1  0  1  1  0  0  0  0  -176.0       1      0.0
392  0  1  1  1  0  1  1  1  1  0  1  1  0  1  0  0  1  1  1  1  1  1  1  0  0  0  0  1  0  0  -176.0       1      0.0
429  0  1  1  1  0  1  1  1  1  0  0  0  0  0  1  1  1  0  0  1  0  1  1  0  0  0  0  0  1  0  -176.0       1 0.033333
['BINARY', 435 rows, 500 samples, 30 variables]Valid partition found with 86 cut edges
Solution:  [0, 1, 1, 0, 0, 1, 1, 1, 1, 1, 1, 0, 0, 1, 1, 0, 1, 1, 1, 0, 1, 0, 1, 0, 0, 0, 0, 0, 0, 0]