--------------- DW_2000Q_6 ---------------
     0  1  2  3  4  5  6  7  8  9 10 11 12 13 14 15 16 17 18 19 20 21 22 23 24 25 26 27 28 29 30 31 32 33 34 35 36 37 38 39 40 41 42 43 44 45 46 47 48 49  energy num_oc. chain_.
0    0  1  0  1  1  1  0  1  0  1  0  1  0  0  1  1  1  1  0  0  0  1  1  0  0  0  0  0  0  1  0  1  1  1  1  0  1  1  0  0  1  0  1  0  0  0  1  1  0  1 -684.25       1     0.0
1    1  0  0  1  1  0  0  1  0  0  0  0  1  1  0  0  0  1  0  0  0  1  1  1  1  1  0  0  0  1  1  1  1  1  0  0  0  1  0  0  1  0  1  0  0  1  1  1  0  1  -683.0       1     0.0
2    0  1  0  0  0  1  0  1  0  1  0  0  0  1  1  1  1  0  0  0  0  0  1  0  0  1  1  1  1  0  1  0  1  0  0  0  0  1  1  1  1  1  1  1  1  1  0  0  1  0 -682.25       1     0.0
3    0  1  1  0  1  0  0  0  0  1  0  1  0  1  1  1  0  1  0  0  0  0  0  1  1  1  1  0  1  1  1  0  1  0  1  0  0  1  0  1  1  0  1  0  0  0  1  1  1  0 -682.25       1     0.0
57   0  1  1  0  0  0  0  0  0  1  0  0  0  1  1  1  1  1  0  1  0  0  1  0  1  1  1  1  1  0  1  0  0  0  0  0  0  1  0  1  1  1  1  1  1  1  0  0  1  0 -682.25       1    0.02
120  0  1  0  1  0  0  1  0  0  1  0  1  0  1  0  0  1  0  0  0  1  0  1  1  0  1  0  1  1  0  1  0  0  0  1  0  1  1  0  1  1  1  1  1  1  1  0  0  1  0 -682.25       1    0.04
48   0  1  0  1  1  1  1  1  1  1  1  0  0  0  1  1  0  0  0  0  0  0  1  1  1  1  1  0  0  0  1  0  1  0  1  0  1  0  0  1  1  1  1  0  0  1  0  0  0  1  -682.0       1    0.02
72   0  1  0  1  0  0  0  1  0  0  1  1  0  1  0  1  1  0  1  0  0  0  1  1  1  1  0  1  1  0  1  1  1  0  0  0  0  1  0  0  0  1  1  1  1  1  0  0  0  0  -681.0       1    0.02
4    0  1  1  0  1  0  0  0  0  1  1  1  0  1  1  1  1  0  0  1  0  1  1  1  0  1  1  0  0  0  0  1  1  0  1  0  1  0  0  1  1  1  0  1  0  1  0  0  1  0  -679.0       1     0.0
60   0  1  0  1  1  0  1  1  0  1  0  1  0  1  0  1  1  0  0  0  0  0  1  0  1  1  1  0  1  0  0  1  1  0  1  0  1  1  0  1  1  0  1  1  0  1  0  0  0  0 -678.25       1    0.02
112  0  1  1  1  0  0  1  1  1  1  0  0  0  1  0  1  1  0  0  1  1  0  1  1  1  1  0  1  1  0  1  0  1  0  1  0  0  1  0  1  1  1  1  0  1  1  0  0  0  0  -678.0       1    0.04
5    0  1  1  0  1  0  0  0  0  1  1  0  1  0  1  1  0  0  0  1  1  0  1  1  0  0  1  0  1  0  1  1  1  0  1  1  1  1  0  0  1  0  1  1  0  0  0  0  1  0 -677.25       1     0.0
119  0  1  0  1  0  0  1  1  0  1  0  1  0  1  1  1  0  0  0  0  0  0  1  1  0  1  1  1  0  0  0  1  1  0  1  0  1  0  0  1  1  1  0  1  0  1  0  0  1  1 -677.25       1    0.04
480  0  1  1  1  0  1  1  1  0  1  0  1  0  0  1  1  1  0  0  0  0  0  1  1  1  1  1  0  0  0  1  1  1  0  1  0  0  0  0  1  1  1  0  0  0  1  0  0  1  0 -677.25       1     0.1
95   0  1  1  1  1  1  0  0  0  0  0  0  0  1  1  1  1  1  0  1  0  0  1  1  1  0  0  0  1  1  0  1  1  0  0  0  0  1  0  1  1  0  1  0  0  1  1  1  0  1  -677.0       1    0.02
177  0  1  1  1  0  0  1  1  1  1  0  1  0  1  0  1  1  0  0  0  0  0  0  1  1  1  0  1  1  0  1  0  1  0  0  0  1  1  0  1  1  1  0  0  1  1  0  0  0  1  -677.0       1    0.04
390  0  1  1  1  0  1  1  1  0  1  0  1  0  0  1  1  1  0  0  0  0  0  1  1  1  1  1  1  0  0  0  0  1  0  1  0  1  0  1  1  0  1  0  1  1  1  0  0  1  1  -677.0       1     0.1
6    0  1  0  1  0  0  1  1  0  0  1  1  0  0  1  1  1  0  0  0  1  0  0  0  0  1  0  1  1  0  1  1  1  0  0  1  0  0  0  1  1  1  1  1  1  1  0  0  0  0  -676.0       1     0.0
7    0  1  0  1  1  0  0  1  0  1  0  1  0  1  0  1  1  0  0  1  0  0  1  1  1  0  1  0  0  0  1  1  1  0  1  0  0  0  0  1  1  1  1  1  1  1  0  0  1  0  -676.0       1     0.0
8    0  1  1  1  1  0  0  1  0  1  1  0  0  1  1  1  1  0  0  0  0  0  1  1  1  1  0  1  0  0  1  1  1  0  1  0  1  0  0  1  0  1  0  0  1  1  1  0  0  0  -676.0       1     0.0
81   0  1  0  1  1  0  0  1  0  1  1  0  1  1  0  1  1  0  0  0  0  0  1  1  1  0  1  0  0  1  0  0  1  0  1  0  1  0  0  0  1  0  1  1  1  1  1  0  1  1  -676.0       1    0.02
246  0  1  0  1  0  1  1  1  0  1  0  1  0  1  1  1  1  1  0  1  0  0  1  0  1  0  0  1  1  0  0  0  1  0  1  0  1  0  0  1  1  1  0  0  0  1  0  0  1  1  -676.0       1    0.06
9    1  1  0  1  0  0  1  1  0  1  0  1  0  1  0  1  1  0  0  0  0  0  1  1  0  1  0  0  0  0  1  1  1  0  1  0  0  0  0  1  1  1  1  0  0  1  1  1  1  0 -675.25       1     0.0
73   0  1  1  0  0  0  1  1  0  1  0  0  0  1  1  1  1  1  0  0  0  0  0  1  0  1  1  1  1  0  1  0  1  0  1  0  0  1  0  1  1  1  1  0  1  1  0  1  1  0 -675.25       1    0.02
80   0  1  0  0  1  0  0  1  1  0  0  0  0  1  1  1  1  0  0  0  0  0  1  1  1  1  1  1  0  0  1  0  1  0  1  0  1  0  0  1  1  1  1  1  1  1  0  0  1  1 -675.25       1    0.02
125  0  1  0  1  0  0  1  1  1  1  0  1  0  1  0  1  0  0  0  0  0  0  1  1  1  0  1  1  0  0  1  0  1  0  1  0  0  0  0  1  1  1  0  1  1  1  0  0  1  1 -675.25       1    0.04
163  0  1  0  1  0  0  0  1  0  1  1  1  0  0  1  1  1  0  0  0  0  0  1  1  1  1  1  1  0  0  1  1  0  1  0  0  1  0  0  1  0  1  1  1  0  1  0  0  1  0 -675.25       1    0.04
224  0  1  1  1  0  0  1  1  1  1  0  1  0  0  1  1  1  0  0  0  0  0  1  1  1  1  0  1  0  0  1  1  1  0  1  0  1  0  0  1  1  1  0  1  0  0  1  0  1  0 -675.25       1    0.08
107  0  1  1  1  0  0  1  0  0  1  0  0  0  0  1  1  1  0  0  0  0  0  1  1  1  1  1  0  0  0  1  0  1  0  1  0  1  1  0  1  1  1  1  0  1  1  0  0  1  1  -675.0       1    0.04
334  0  1  1  1  0  0  1  1  0  1  0  1  0  1  0  0  1  1  0  1  1  0  1  0  0  1  0  1  1  0  1  0  1  0  0  0  0  1  0  0  1  0  1  1  1  1  0  0  1  1  -675.0       1    0.06
10   0  1  0  1  1  0  0  0  0  0  0  1  1  0  0  1  0  0  0  0  0  1  0  1  1  1  0  1  1  0  1  1  1  0  1  1  0  1  0  1  1  0  1  0  0  1  1  1  0  1 -674.25       1     0.0
187  0  1  1  1  0  0  0  1  0  1  0  1  0  0  1  1  1  0  0  0  0  0  1  1  1  1  1  1  0  0  1  1  1  0  1  0  1  1  0  0  1  0  1  0  1  1  0  0  0  0 -674.25       1    0.04
481  0  1  1  1  0  0  1  0  0  1  0  0  0  0  1  0  1  0  0  0  0  0  1  1  0  1  1  1  0  0  1  1  1  0  0  0  1  0  0  1  1  1  0  1  1  1  1  0  1  1 -674.25       1     0.1
11   1  1  0  1  1  0  0  1  0  0  1  1  0  1  0  1  0  0  0  1  0  0  1  1  1  0  0  0  1  0  1  0  1  0  1  1  0  1  0  1  1  0  1  0  1  1  1  0  0  1  -674.0       1     0.0
12   0  1  0  1  0  1  0  0  0  1  0  1  1  1  1  0  1  1  1  1  0  0  0  1  0  0  1  0  1  0  1  1  1  1  0  0  0  0  0  0  1  0  1  1  1  1  0  1  1  0  -674.0       1     0.0
96   1  0  0  0  1  0  0  1  1  0  0  1  1  0  1  0  0  0  1  1  0  1  1  1  0  0  1  0  1  0  1  1  1  0  0  1  0  1  1  1  1  0  1  1  0  1  1  0  0  0  -674.0       1    0.02
232  1  0  0  0  0  1  0  1  1  0  1  0  1  1  0  0  1  1  1  1  1  1  1  0  0  0  0  0  1  1  0  1  1  1  0  1  0  1  0  0  0  0  1  1  1  1  0  0  0  1  -674.0       1    0.06
291  0  1  1  1  0  0  1  1  0  1  0  1  0  1  1  1  1  0  0  0  0  0  1  1  0  1  1  0  1  0  1  0  1  0  1  0  0  1  0  1  1  1  1  1  1  1  0  0  1  0  -674.0       1    0.08
83   0  1  1  1  1  1  0  1  0  1  0  1  1  0  1  1  1  0  0  1  0  0  1  1  1  0  0  0  0  0  1  0  1  1  1  0  1  0  0  1  1  0  0  1  0  0  0  1  1  1 -673.25       1    0.02
137  0  1  1  1  1  0  1  1  0  1  0  1  0  1  0  1  1  0  0  0  0  0  1  1  0  1  0  1  0  0  1  1  1  0  1  0  0  1  0  1  1  1  1  1  0  1  0  0  1  0 -673.25       1    0.04
198  0  1  0  1  0  0  1  1  0  1  0  1  0  0  0  1  1  0  0  0  0  0  1  1  1  1  1  0  1  0  1  0  1  0  1  0  1  1  0  1  1  1  1  1  1  1  0  0  0  1 -673.25       1    0.06
13   1  0  1  0  1  0  0  1  0  1  1  0  0  1  1  1  1  0  0  1  1  0  1  1  0  1  1  0  0  1  1  0  1  0  1  0  1  1  0  1  1  0  1  0  1  0  0  0  0  0  -673.0       1     0.0
154  0  1  1  1  0  0  1  1  0  1  0  0  0  1  1  0  1  0  0  1  0  0  1  0  1  1  1  1  0  0  1  1  1  0  1  0  1  0  0  1  1  1  1  1  0  0  0  0  1  0  -673.0       1    0.04
14   1  1  0  0  1  0  0  1  0  1  0  0  0  0  1  1  0  0  1  0  0  1  1  1  0  0  0  0  0  1  1  1  1  1  1  1  1  1  0  0  0  0  1  0  1  1  1  1  1  1 -672.25       1     0.0
67   0  1  0  1  0  1  1  1  0  1  0  1  0  0  1  1  1  0  0  0  0  0  1  1  1  0  0  0  0  0  1  1  1  0  0  0  1  0  0  1  0  1  1  1  1  1  0  0  1  1 -672.25       1    0.02
124  0  1  1  1  1  1  1  0  1  1  0  1  0  0  1  1  1  0  0  0  0  0  0  1  0  0  1  1  0  0  1  0  1  0  0  0  1  1  0  1  1  1  0  1  1  0  0  0  1  0 -672.25       1    0.04
380  0  1  1  1  0  0  1  1  0  1  0  1  0  0  1  1  1  0  0  0  0  0  1  1  0  1  0  0  0  0  1  1  1  0  1  0  1  0  0  1  1  1  0  1  1  0  0  0  1  1 -672.25       1    0.12
15   0  1  1  0  1  0  1  1  0  1  1  0  1  0  0  1  1  0  0  1  0  0  1  1  0  0  0  1  1  1  1  0  1  0  1  0  1  1  0  1  1  0  1  1  1  0  0  0  0  0  -672.0       1     0.0
84   0  1  1  0  0  0  1  1  0  1  0  1  0  0  0  1  1  1  0  1  0  0  1  1  0  0  1  0  0  0  1  1  1  0  1  0  0  1  0  1  1  0  1  0  0  0  0  1  1  1  -672.0       1    0.02
89   0  1  0  1  1  0  1  0  0  1  0  1  0  1  1  1  1  0  0  0  0  0  1  1  1  1  0  1  0  0  1  1  1  0  1  0  1  0  0  1  1  1  1  0  0  1  0  0  0  1  -672.0       1    0.02
108  0  1  0  1  0  1  0  1  0  1  1  1  0  1  1  0  1  1  1  0  0  0  1  1  0  0  0  0  1  0  1  1  0  1  0  0  1  0  0  1  1  0  0  1  1  1  0  0  1  1  -672.0       1    0.02
128  0  1  1  1  1  0  0  1  1  1  0  1  0  0  1  1  1  0  0  0  0  0  1  1  1  0  0  0  0  0  1  1  0  0  0  0  1  0  0  1  1  1  0  1  0  0  0  1  1  1  -672.0       1    0.04
196  0  1  1  1  0  0  1  1  0  1  0  1  0  1  1  1  1  0  0  0  0  0  1  0  1  1  1  0  1  0  1  0  1  0  1  0  1  1  0  1  1  1  1  1  1  1  0  0  0  0  -672.0       1    0.06
231  0  1  0  1  0  0  0  1  0  1  0  1  0  0  0  1  1  0  0  0  0  0  1  1  1  1  0  0  0  0  1  1  1  0  1  0  1  0  0  1  1  1  0  1  1  1  0  0  1  1  -672.0       1    0.06
261  1  0  0  0  1  1  0  0  0  0  1  0  1  1  0  0  0  1  1  1  1  1  1  0  0  0  1  0  0  1  0  1  1  1  0  1  1  1  1  0  0  0  1  0  0  1  1  0  0  0  -672.0       1    0.08
294  0  1  1  1  0  0  1  1  0  1  0  1  0  0  0  1  1  0  0  0  1  0  1  1  1  1  0  1  0  0  1  0  1  0  1  0  1  0  0  1  1  1  1  1  1  1  1  0  0  1  -672.0       1    0.08
335  0  1  1  1  0  1  1  1  0  1  0  1  0  0  1  1  0  1  0  0  1  1  0  1  1  0  0  1  0  0  1  1  0  1  1  0  1  0  0  0  1  1  0  0  0  1  0  0  1  1  -672.0       1    0.08
383  1  0  0  0  1  0  0  1  0  1  1  0  1  1  0  0  0  0  1  1  0  1  1  0  0  0  1  0  1  1  0  1  1  1  0  0  0  1  1  0  0  0  1  1  1  1  1  0  0  0  -672.0       1     0.1
404  0  1  1  1  0  0  1  1  0  1  0  1  0  0  1  1  1  0  0  0  0  0  0  1  1  1  1  1  1  0  1  0  1  0  1  0  0  0  0  1  0  1  1  1  1  1  0  0  0  1  -672.0       1    0.12
16   1  0  1  0  0  0  1  0  0  1  0  0  0  0  1  0  1  1  1  1  1  1  1  0  1  0  1  1  0  1  1  1  1  0  1  0  0  1  0  1  1  0  1  0  1  1  0  0  1  0 -671.25       1     0.0
17   0  1  1  1  1  1  0  1  1  1  0  1  0  1  1  1  1  0  0  0  1  0  1  1  0  1  1  0  0  0  1  0  1  1  0  0  1  0  0  1  0  1  0  1  0  1  0  0  1  0 -671.25       1     0.0
18   0  0  1  1  1  1  1  1  1  1  1  1  0  1  1  0  1  1  0  0  0  0  1  1  0  0  0  0  0  0  1  1  1  0  0  1  0  0  0  1  0  0  1  1  0  1  0  1  0  0 -671.25       1     0.0
19   1  0  0  0  1  0  0  1  0  1  0  0  0  1  0  0  0  1  1  0  0  0  1  1  1  0  1  0  1  1  1  1  1  0  0  0  0  1  0  1  1  0  1  1  0  1  0  1  1  1 -671.25       1     0.0
166  0  1  0  1  0  0  1  0  0  1  0  1  0  1  1  1  1  0  0  0  1  0  1  1  1  1  0  0  1  0  1  0  1  0  1  0  0  1  0  1  1  1  1  1  1  1  0  0  1  0 -671.25       1    0.04
210  0  1  1  1  0  0  1  1  0  1  0  0  0  0  1  1  1  0  0  0  0  0  1  1  1  1  0  1  0  0  1  1  0  0  1  0  1  0  0  1  1  1  0  1  1  0  1  1  1  1 -671.25       1    0.06
353  0  1  0  1  0  0  1  1  1  1  1  1  0  0  1  1  1  0  0  0  0  0  0  1  0  1  1  1  0  0  1  0  1  0  1  0  1  0  0  1  1  1  0  1  1  1  0  0  1  1 -671.25       1     0.1
389  0  1  1  1  0  0  1  1  0  1  0  1  0  0  1  1  1  0  1  0  0  0  1  1  1  1  0  1  0  0  1  0  1  0  1  0  1  0  0  1  1  1  0  1  0  0  0  1  1  1 -671.25       1     0.1
409  0  1  1  1  0  0  1  1  0  1  0  1  0  0  1  1  1  1  0  0  0  0  1  1  1  1  0  1  1  0  1  0  1  0  1  0  1  0  0  1  1  1  0  1  1  1  0  0  0  0 -671.25       1     0.1
414  0  1  1  1  1  0  1  1  0  1  0  1  0  0  1  1  1  0  0  0  0  0  1  0  0  1  1  1  1  0  1  0  1  0  1  0  1  0  0  1  1  1  1  1  0  1  0  0  0  1 -671.25       1    0.12
78   0  1  0  1  0  1  1  1  0  1  0  1  0  0  1  1  1  0  0  0  0  0  1  1  1  1  0  0  0  0  1  1  1  0  1  0  1  0  0  1  1  1  0  0  0  1  1  0  1  1  -671.0       1    0.02
92   0  1  1  1  0  0  1  1  1  1  0  0  1  0  1  0  1  0  0  1  0  0  1  0  1  1  1  0  0  0  1  0  1  0  1  0  0  1  0  1  1  1  1  1  0  0  1  0  1  0  -671.0       1    0.02
135  0  1  0  0  1  0  1  0  1  1  0  1  0  0  1  1  1  0  0  0  0  0  1  1  0  1  1  1  0  0  1  1  1  0  1  0  1  0  0  1  1  1  1  1  0  1  0  0  0  1  -671.0       1    0.02
245  0  1  1  1  1  0  1  1  0  1  0  1  0  1  1  1  1  0  0  0  0  0  1  1  1  0  0  1  0  0  1  1  0  0  1  0  1  0  0  1  0  1  0  0  1  1  0  0  1  1  -671.0       1    0.06
305  0  1  0  1  0  1  0  1  1  1  0  1  0  0  1  1  0  0  1  0  0  0  1  1  0  0  0  0  1  0  1  0  1  0  1  0  1  1  0  1  1  1  1  1  1  1  0  0  1  0  -671.0       1    0.06
318  0  1  0  1  0  0  0  1  1  1  1  1  0  1  1  1  1  1  1  1  1  0  1  0  0  1  0  1  1  0  1  1  0  0  1  0  1  0  0  0  0  0  0  1  1  1  0  0  0  0  -671.0       1    0.06
20   0  1  1  1  1  1  0  1  0  1  0  0  0  1  0  1  1  0  0  1  0  1  1  1  0  1  0  1  0  1  0  1  0  1  0  0  1  0  1  0  1  0  1  0  1  1  0  0  0  0 -670.25       1     0.0
21   1  0  0  0  1  0  0  1  0  0  0  0  1  1  0  1  0  0  1  1  1  0  1  0  1  0  1  0  1  1  1  0  1  0  1  0  0  1  0  1  0  0  1  1  1  1  1  0  1  0 -670.25       1     0.0
22   0  1  1  0  1  0  0  0  0  0  0  1  0  1  0  1  0  0  1  0  1  1  1  1  1  0  0  0  1  1  1  1  1  0  0  0  0  1  0  1  0  0  1  1  1  0  1  1  0  1 -670.25       1     0.0
86   1  0  0  0  1  1  0  1  1  0  1  0  1  1  0  1  0  0  1  0  1  1  1  0  0  0  0  0  1  1  0  0  1  1  1  1  0  1  0  0  0  1  1  1  1  1  0  0  0  0 -670.25       1    0.02
97   1  1  0  0  1  1  0  0  0  1  0  0  1  1  0  0  1  1  1  0  1  1  1  1  0  0  0  0  1  1  1  0  1  1  0  0  0  1  1  1  1  0  1  0  1  0  0  0  1  1 -670.25       1    0.02
249  0  1  1  0  0  1  1  1  0  0  0  1  0  1  1  1  1  0  0  0  0  0  1  1  1  1  0  1  1  0  0  0  1  0  1  0  1  1  0  1  0  1  1  1  0  0  0  0  0  1 -670.25       1    0.06
280  1  0  0  0  1  0  0  0  0  0  1  0  1  1  0  0  0  1  0  1  1  1  1  0  0  1  0  0  0  1  1  1  1  1  0  1  0  1  0  0  1  0  1  0  0  1  1  1  0  0 -670.25       1    0.06
290  1  1  0  0  1  0  1  1  0  1  0  0  0  0  0  1  1  0  0  0  1  0  1  1  1  1  1  1  0  0  1  0  1  0  1  1  1  0  0  1  1  1  1  0  0  1  1  0  0  1 -670.25       1    0.04
397  0  1  1  1  1  1  0  1  0  1  0  1  0  1  1  1  1  1  0  0  0  1  0  1  1  1  0  1  1  0  1  0  0  0  0  0  0  0  0  1  1  1  0  1  1  1  0  0  0  1 -670.25       1    0.06
75   0  1  1  1  0  0  1  1  0  1  0  1  0  1  0  1  1  1  0  1  0  0  1  1  1  1  0  1  0  0  1  0  1  0  1  0  1  1  0  1  1  1  0  0  0  0  0  0  0  1  -670.0       1    0.02
85   0  1  0  1  1  1  1  1  0  1  0  1  0  0  1  1  1  0  1  0  0  0  1  1  1  1  0  0  0  0  1  0  1  0  1  0  1  0  0  1  1  1  0  1  1  1  0  0  1  1  -670.0       1    0.02
180  0  1  1  0  0  1  1  1  0  1  0  1  0  1  1  1  1  0  1  0  0  0  0  1  1  1  0  1  1  0  1  0  1  1  1  0  0  1  0  0  1  1  1  1  0  0  0  0  0  0  -670.0       1    0.04
183  0  1  1  1  0  0  0  1  0  1  0  1  0  1  1  1  1  1  0  1  0  0  1  0  1  0  0  1  1  0  1  0  0  0  1  0  1  0  0  1  1  0  0  1  1  1  0  0  1  1  -670.0       1    0.04
274  0  1  1  0  1  1  1  1  0  1  0  1  0  0  1  1  1  0  0  0  0  0  1  1  1  1  1  0  0  0  1  1  1  1  1  0  1  0  0  1  1  1  0  0  0  0  0  1  1  1  -670.0       1    0.06
325  0  1  1  0  1  1  1  1  0  1  0  1  0  0  1  1  1  0  0  0  0  0  1  1  1  0  0  0  0  0  1  1  1  0  1  0  1  1  0  1  0  1  0  1  1  0  0  0  1  1  -670.0       1    0.08
443  0  1  1  1  0  0  1  1  1  1  0  1  0  0  1  1  1  0  1  0  0  0  1  0  1  1  0  1  1  0  1  0  0  0  0  0  1  0  0  1  1  1  0  1  1  0  0  0  1  1  -670.0       1    0.12
23   1  1  0  0  1  1  1  1  1  1  0  1  0  0  1  1  1  1  0  0  1  0  1  1  0  0  0  0  0  1  1  1  1  0  0  1  1  0  0  0  1  1  1  0  0  0  0  1  0  1 -669.25       1     0.0
66   0  1  1  1  0  0  1  1  0  1  0  1  0  1  1  1  1  0  0  0  0  0  1  0  1  1  1  0  0  0  1  1  1  0  1  0  1  0  0  1  1  1  1  1  0  1  1  0  0  0 -669.25       1    0.02
88   0  1  1  1  1  0  1  0  0  0  1  1  0  1  0  1  1  0  0  0  0  1  1  1  0  1  0  1  0  0  1  1  1  0  1  0  0  1  0  1  1  1  0  1  0  1  0  1  0  1 -669.25       1    0.02
98   0  1  0  0  0  0  1  0  1  1  1  0  0  0  1  1  1  0  1  1  1  0  0  0  1  1  0  0  0  0  1  1  0  1  1  0  1  1  0  1  1  1  0  1  1  0  0  0  0  1 -669.25       1    0.02
104  0  1  0  1  0  1  0  1  0  1  0  0  0  1  0  1  1  0  0  1  0  0  1  0  1  1  1  1  0  0  1  0  0  0  1  0  1  0  1  1  0  0  0  1  1  1  0  1  1  1 -669.25       1    0.02
127  1  0  0  1  1  1  1  1  0  0  1  1  0  1  1  0  1  1  0  0  1  0  1  1  0  0  0  1  1  0  1  1  0  0  1  0  0  1  0  0  1  0  1  1  1  1  0  0  1  0 -669.25       1    0.02
157  0  1  1  1  1  0  0  1  1  1  0  1  0  1  1  1  1  1  0  0  0  0  0  1  1  0  1  0  1  0  1  1  1  0  0  0  1  0  0  1  1  0  0  0  0  1  1  1  0  1 -669.25       1    0.02
233  0  1  0  1  0  1  1  1  0  1  0  1  0  1  1  1  1  1  0  0  0  0  1  0  0  1  1  1  0  0  1  1  1  0  1  0  1  0  0  1  1  1  0  1  0  1  0  0  0  1 -669.25       1    0.06
235  0  1  1  1  0  0  1  0  1  1  0  1  0  1  1  1  1  0  0  0  0  0  0  0  1  0  1  1  1  0  1  0  0  0  1  0  1  1  0  1  1  1  0  1  1  1  0  0  1  1 -669.25       1    0.06
307  0  1  1  1  0  0  1  1  0  1  0  1  0  0  1  1  0  0  0  1  0  0  1  1  1  1  1  1  0  0  1  0  1  0  1  0  1  1  0  1  1  1  0  0  0  1  0  0  1  1 -669.25       1    0.08
310  1  1  0  1  1  1  0  1  0  0  0  0  0  1  0  0  1  0  1  0  0  1  1  0  0  0  1  0  1  1  0  1  1  1  0  1  0  1  0  0  0  0  1  0  0  1  1  1  0  0 -669.25       1    0.08
332  0  1  1  1  0  1  0  1  0  1  0  1  0  1  1  1  1  0  0  0  0  0  0  1  1  1  1  1  0  0  1  0  0  0  1  0  1  0  0  1  1  1  0  0  0  1  0  0  1  1 -669.25       1    0.04
24   0  1  0  1  1  1  0  1  1  0  0  0  0  1  0  1  0  0  1  0  1  0  0  0  1  0  0  0  1  1  1  0  1  1  0  0  1  1  0  1  1  0  1  0  0  0  1  0  1  1  -669.0       1     0.0
25   0  1  1  0  1  1  0  1  0  1  0  0  1  1  0  1  1  1  0  0  0  0  1  1  1  0  0  0  1  1  1  0  1  0  0  0  1  1  0  1  0  0  1  1  1  1  0  1  0  0  -669.0       1     0.0
117  0  1  1  1  0  0  1  1  0  1  0  0  0  1  1  1  1  1  0  0  0  0  1  1  1  1  0  1  0  0  1  0  1  0  1  0  1  0  0  1  1  1  0  1  0  1  0  0  0  1  -669.0       1    0.04
146  0  1  1  1  0  0  1  1  0  1  1  0  0  1  1  1  1  0  0  0  0  0  1  1  1  1  1  1  1  0  1  0  1  0  1  0  0  0  1  1  1  1  0  1  0  1  0  0  1  0  -669.0       1    0.04
190  0  1  1  1  1  0  0  1  0  1  0  1  0  0  0  1  1  0  0  1  1  1  1  1  1  1  1  0  0  0  1  0  1  0  1  0  1  0  0  1  1  0  0  0  1  0  1  0  0  1  -669.0       1    0.04
193  0  1  1  0  1  0  1  1  0  1  0  0  0  0  0  1  1  0  1  0  0  0  1  1  1  1  1  1  0  1  1  0  0  0  1  0  1  1  0  1  0  1  0  1  1  0  0  0  1  1  -669.0       1    0.04
203  0  1  0  1  0  1  1  1  0  1  0  1  0  1  1  1  1  1  0  0  0  0  1  1  1  1  1  0  0  0  1  0  1  0  0  0  0  0  0  1  1  0  1  1  1  0  0  0  1  1  -669.0       1    0.04
292  0  1  1  1  0  1  1  1  0  1  0  1  0  0  1  1  1  0  0  0  0  0  0  1  0  1  1  1  0  0  1  1  1  0  1  0  1  0  0  1  1  1  0  0  1  0  0  0  1  1  -669.0       1     0.1
410  0  1  1  1  0  0  1  1  1  1  0  1  0  0  1  1  1  0  0  0  0  0  0  1  1  1  1  1  0  0  1  0  0  0  1  0  1  0  0  1  1  1  0  1  1  0  0  0  1  1  -669.0       1    0.16
26   0  1  1  1  1  0  1  1  0  1  0  0  0  0  0  1  1  0  0  1  0  0  1  1  0  1  0  0  0  0  1  1  0  0  1  0  1  0  0  1  1  1  1  0  1  1  1  1  1  1 -668.25       1     0.0
27   0  1  1  1  1  1  0  1  0  1  0  0  1  1  1  1  1  0  0  0  1  0  0  1  1  1  0  0  1  0  1  0  0  1  0  0  1  1  0  0  1  1  0  1  0  1  0  0  0  0 -668.25       1     0.0
28   0  1  0  1  1  1  0  1  0  1  0  0  0  1  0  1  1  0  1  0  0  1  1  0  1  0  0  1  0  1  1  0  1  0  1  1  1  1  0  0  1  0  0  0  0  1  1  0  0  1 -668.25       1     0.0
29   0  1  1  1  0  0  1  0  0  1  0  0  0  0  1  0  1  1  0  0  0  0  0  1  0  0  0  0  1  0  1  1  0  0  1  1  1  1  0  1  1  1  0  1  1  1  0  1  1  1 -668.25       1     0.0
74   0  1  1  0  1  0  0  1  0  1  0  1  0  1  1  1  1  1  0  0  0  0  1  1  1  1  0  1  0  0  1  1  0  0  1  0  1  0  0  1  1  1  0  1  0  0  0  1  1  1 -668.25       1    0.02
159  0  1  1  1  0  0  0  1  0  1  0  1  0  1  1  1  1  0  0  0  0  0  0  1  1  1  0  1  1  0  1  1  0  0  1  0  1  0  0  1  1  1  0  1  1  1  0  0  1  1 -668.25       1    0.04
179  1  0  0  0  1  1  0  1  0  1  1  0  0  1  0  0  0  0  1  1  1  1  1  1  0  0  0  1  1  1  1  1  0  0  0  1  0  1  1  0  0  0  1  1  0  1  1  1  0  1 -668.25       1    0.04
201  0  1  0  0  1  0  1  1  1  1  0  1  0  0  1  1  0  0  0  1  0  1  1  1  0  1  0  0  0  0  1  1  1  0  1  0  1  0  0  1  1  1  1  1  0  1  1  0  1  0 -668.25       1    0.04
215  0  1  0  1  1  1  0  1  1  1  0  1  0  1  1  1  1  0  0  1  0  0  1  0  1  1  1  0  0  0  1  1  1  0  1  0  0  0  0  0  1  0  1  0  1  0  0  0  1  0 -668.25       1    0.04
218  0  1  1  1  0  0  1  1  1  1  0  1  0  1  0  1  1  0  1  0  1  0  1  0  0  0  0  0  1  0  1  0  0  0  1  0  1  1  0  1  1  1  0  0  1  1  0  0  0  1 -668.25       1    0.04
456  0  1  1  1  0  0  1  0  1  1  0  1  0  0  1  1  1  0  1  0  0  0  1  1  1  1  1  1  0  0  1  0  0  0  1  0  1  0  0  1  1  1  0  1  0  1  0  0  1  1 -668.25       1    0.16
30   1  1  1  0  1  0  0  1  0  1  0  0  0  1  1  1  1  0  0  0  1  1  0  1  1  0  0  1  1  0  1  1  0  1  1  0  1  0  0  1  1  0  1  0  0  1  0  1  0  0  -668.0       1     0.0
31   0  0  0  0  1  0  0  1  1  1  0  1  0  1  0  1  1  0  0  0  0  0  1  0  0  0  0  1  1  1  1  1  1  1  1  0  1  1  0  0  1  0  1  1  1  1  1  0  1  0  -668.0       1     0.0
32   1  1  0  0  1  1  0  1  0  0  0  1  0  0  1  1  0  0  1  1  0  1  1  0  1  1  1  0  1  1  0  0  1  0  1  0  0  1  0  1  1  0  1  0  1  1  0  0  0  1  -668.0       1     0.0
33   0  1  0  1  0  0  0  1  0  1  0  1  1  1  1  0  1  0  0  0  0  0  1  1  1  1  1  0  1  0  1  1  1  0  0  1  1  1  0  1  1  0  0  1  0  1  0  0  1  0  -668.0       1     0.0
289  0  1  1  0  0  0  1  1  0  1  0  1  0  1  1  1  1  0  0  0  0  0  1  1  0  0  1  1  0  0  1  0  1  0  1  0  1  0  0  1  1  1  1  1  0  1  0  0  1  1  -668.0       1    0.06
338  0  1  1  1  0  0  1  1  1  1  0  1  0  1  1  1  1  1  1  0  0  0  1  1  1  0  1  0  0  0  0  0  1  0  1  0  0  0  0  1  1  1  0  1  0  1  0  0  1  0  -668.0       1    0.08
34   0  1  1  1  0  0  1  0  0  1  0  1  0  0  1  1  1  0  0  0  1  0  1  1  0  1  0  0  1  1  1  1  1  0  1  1  1  1  0  1  0  1  0  0  1  0  0  1  0  1 -667.25       1     0.0
35   0  1  1  1  1  1  0  1  0  1  0  1  0  0  1  1  1  1  1  1  0  1  1  1  0  0  1  0  0  0  1  0  1  0  1  0  0  0  0  1  0  1  0  0  0  0  0  0  1  1 -667.25       1     0.0
36   0  1  0  1  1  1  0  1  1  1  0  0  1  1  1  1  1  0  0  0  0  0  1  1  1  1  1  1  0  1  1  0  0  1  1  0  0  0  0  0  0  1  0  1  1  1  0  0  1  0 -667.25       1     0.0
106  0  1  1  1  0  0  0  1  1  1  1  1  0  1  0  0  1  1  1  0  0  0  0  0  1  1  0  1  1  1  1  0  0  0  1  0  0  0  1  0  1  1  0  1  0  1  0  0  0  1 -667.25       1    0.02
113  1  1  1  0  1  0  0  1  0  0  0  1  0  0  1  1  1  1  1  1  0  1  1  1  1  0  0  0  1  1  1  1  0  0  1  0  0  1  0  0  1  1  1  0  0  1  0  0  0  1 -667.25       1    0.02
173  0  1  1  0  0  0  1  1  0  1  0  1  0  0  1  1  1  0  0  0  0  0  1  1  1  1  0  1  1  0  1  1  1  0  1  0  1  1  0  0  0  1  0  0  1  1  0  0  0  1 -667.25       1    0.04
217  1  0  0  0  1  1  0  1  0  0  0  0  1  1  1  0  0  0  1  1  1  1  1  0  1  0  0  0  0  1  0  1  1  1  0  1  0  1  1  0  0  0  1  0  0  1  1  1  1  0 -667.25       1    0.08
352  0  1  1  1  0  0  1  1  0  1  0  1  0  1  1  1  1  0  0  0  0  0  1  1  1  0  0  1  0  0  1  1  1  0  1  0  1  0  1  1  0  1  0  1  0  1  0  0  1  1 -667.25       1    0.08
494  0  1  1  1  1  0  1  1  0  1  0  1  0  0  1  1  1  1  0  0  0  0  1  1  0  0  0  1  0  0  1  0  1  0  1  0  1  0  0  1  1  1  1  0  1  1  0  0  1  1 -667.25       1    0.12
37   0  1  1  0  1  0  1  1  1  1  0  1  0  0  1  1  1  0  0  0  1  0  1  1  1  1  0  0  0  0  1  1  1  0  1  0  1  0  0  1  1  0  0  0  0  1  1  0  0  1  -667.0       1     0.0
167  0  1  0  1  0  0  1  1  0  1  0  1  0  0  1  1  1  0  0  0  0  0  1  1  1  1  1  0  0  0  1  0  1  0  1  0  1  1  0  1  1  0  0  1  1  1  0  0  1  1  -667.0       1    0.04
202  0  1  0  1  1  1  0  0  0  1  0  1  1  0  0  0  0  1  1  1  1  1  0  0  0  0  0  1  1  1  0  0  1  1  0  1  0  1  1  0  0  0  1  0  0  0  1  1  0  1  -667.0       1    0.04
242  0  1  1  0  0  0  1  0  1  1  0  1  0  1  1  1  1  0  0  1  0  0  1  1  1  1  0  1  1  0  1  1  1  0  1  0  1  1  0  0  1  1  0  0  1  0  0  1  0  1  -667.0       1    0.06
247  0  1  1  1  0  0  1  0  1  1  0  1  0  0  1  1  1  0  0  0  0  0  0  1  1  1  0  1  1  0  1  1  1  0  0  1  1  0  0  1  1  1  0  1  1  1  0  0  1  1  -667.0       1    0.06
321  0  1  1  1  0  1  1  1  0  1  0  1  0  0  1  1  1  0  0  0  0  0  1  1  1  1  0  1  1  0  1  0  0  0  1  0  1  1  0  1  0  1  0  0  1  0  0  0  1  1  -667.0       1    0.08
382  0  1  1  1  0  0  0  1  0  1  0  0  0  1  1  1  1  0  0  0  1  0  1  1  0  1  0  0  1  0  1  1  0  1  1  0  1  0  0  0  0  1  0  1  0  1  0  0  1  1  -667.0       1    0.08
399  0  1  1  1  0  0  1  1  1  1  0  1  0  1  1  1  1  0  0  0  0  0  1  0  1  0  0  1  0  0  1  1  1  0  1  0  1  0  0  1  1  1  0  0  0  1  0  0  1  1  -667.0       1     0.1
407  0  1  0  1  0  0  1  1  0  1  0  1  0  1  1  1  1  0  0  0  0  0  1  0  0  1  1  1  1  0  1  0  1  0  1  0  1  1  0  1  1  1  1  1  0  1  0  0  1  1  -667.0       1     0.1
453  0  1  1  0  0  0  1  1  0  1  0  1  0  0  1  1  1  0  0  0  0  0  1  1  1  1  1  1  0  0  1  1  1  0  1  0  0  0  1  1  1  1  0  1  1  1  0  0  1  1  -667.0       1    0.12
38   1  1  1  1  0  1  0  1  0  1  0  0  1  0  1  1  0  0  1  0  0  0  0  1  1  0  1  0  1  0  1  1  1  1  0  0  1  1  0  0  1  0  1  0  0  1  1  0  1  1 -666.25       1     0.0
39   0  1  1  1  0  0  1  1  0  1  0  1  0  0  1  1  0  0  1  0  1  0  1  1  1  1  1  1  0  0  1  0  1  0  0  0  0  0  0  1  1  1  1  1  1  1  0  0  0  1 -666.25       1     0.0
40   0  1  0  0  1  1  1  1  0  1  0  0  1  0  0  1  1  0  0  0  1  0  1  1  0  1  0  0  0  1  1  0  1  1  0  0  1  1  1  1  0  0  1  1  0  0  0  0  1  1 -666.25       1     0.0
41   1  1  0  1  1  1  0  1  0  0  0  0  0  1  0  0  1  0  0  0  0  1  1  1  0  1  0  0  1  1  0  1  1  1  1  0  0  1  1  0  0  1  1  0  0  1  1  0  1  0 -666.25       1     0.0
110  0  1  0  1  0  0  1  1  0  1  0  1  0  0  1  1  1  0  0  0  0  0  0  1  0  1  1  1  1  0  1  0  1  0  1  0  1  0  1  1  1  1  0  1  0  0  0  0  1  1 -666.25       1    0.04
129  0  1  0  1  0  0  0  1  0  0  0  1  0  1  1  0  1  0  1  1  1  0  1  1  0  1  0  0  1  0  1  0  0  0  0  0  0  1  0  1  1  1  1  1  1  1  0  0  1  1 -666.25       1    0.02
134  0  1  1  1  1  0  0  1  0  1  0  1  1  1  0  1  1  0  0  1  1  0  1  0  1  1  0  0  1  0  0  1  0  0  1  1  1  0  0  1  1  0  1  1  0  1  0  0  1  0 -666.25       1    0.02
148  0  1  0  1  1  0  1  1  1  1  1  1  0  0  1  1  0  0  0  0  0  0  0  1  0  1  1  0  0  0  1  1  1  0  1  0  1  0  0  1  1  1  1  1  0  0  0  0  0  1 -666.25       1    0.04
222  0  1  1  1  0  1  1  1  0  1  0  1  0  0  1  1  0  1  0  0  0  0  1  1  1  0  0  0  1  0  1  1  0  1  0  0  1  1  0  1  1  0  1  1  0  0  0  0  0  1 -666.25       1    0.04
230  0  1  0  1  1  0  1  0  0  1  1  1  0  1  1  1  1  0  0  0  0  0  1  1  0  1  1  0  0  0  1  0  1  0  1  0  0  1  0  1  1  1  1  1  1  1  0  1  0  0 -666.25       1    0.04
265  0  1  0  1  0  0  0  1  1  1  1  1  0  1  1  1  0  1  0  0  0  0  1  1  1  0  0  1  1  0  1  0  0  0  1  0  1  0  0  1  1  1  0  0  1  1  0  0  1  0 -666.25       1    0.06
284  0  1  1  1  0  0  1  1  0  1  0  1  0  1  1  1  1  1  0  0  0  0  1  1  0  1  1  0  0  0  0  1  1  0  1  0  1  0  0  1  1  1  0  1  0  1  0  0  1  1 -666.25       1    0.08
372  0  1  1  1  1  0  1  1  0  1  0  1  0  0  1  1  1  0  0  0  0  0  1  1  0  1  1  1  0  0  1  1  0  0  1  0  1  1  0  1  1  1  0  1  1  0  0  0  1  0 -666.25       1    0.12
422  0  1  0  1  0  0  1  1  1  1  0  1  0  0  1  1  1  1  0  0  0  0  0  1  1  1  1  0  1  0  1  0  1  0  1  0  0  0  0  1  0  1  1  1  1  1  0  0  1  1 -666.25       1    0.12
42   0  1  1  0  1  0  0  1  0  1  0  1  0  0  1  1  1  0  1  0  0  0  1  1  0  1  0  0  0  0  1  1  1  0  1  1  1  0  0  1  1  0  1  1  0  1  1  1  0  0  -666.0       1     0.0
43   0  1  1  0  1  1  0  0  1  0  1  1  0  1  1  0  1  0  1  1  0  0  1  0  1  0  1  0  1  1  1  1  1  0  0  0  0  1  0  0  1  0  1  0  1  1  0  0  1  0  -666.0       1     0.0
44   1  1  1  0  1  0  1  1  0  1  1  1  0  1  1  0  1  0  0  0  1  0  1  1  1  1  0  0  0  0  1  1  1  0  1  0  0  0  0  1  0  1  1  1  0  0  0  0  0  1  -666.0       1     0.0
100  1  1  1  1  0  0  0  1  0  1  1  1  0  1  1  1  1  0  0  0  0  0  1  1  0  1  0  0  0  0  1  1  1  0  1  1  0  0  0  1  0  1  0  1  1  0  0  0  1  1  -666.0       1    0.02
109  0  1  1  1  1  0  0  0  0  1  1  1  0  1  1  1  1  0  0  0  1  0  1  1  1  0  0  1  1  0  1  0  0  0  1  0  1  1  0  1  1  1  1  1  0  0  0  0  0  0  -666.0       1    0.02
111  0  1  0  1  0  0  1  1  0  1  0  0  0  1  0  1  1  1  0  1  0  0  1  1  1  1  0  0  1  1  1  0  1  0  1  0  1  1  0  0  1  0  0  1  1  1  0  0  0  1  -666.0       1    0.02
161  0  1  0  1  1  0  1  1  0  1  1  1  0  0  1  1  1  0  0  0  0  0  0  1  0  0  1  1  1  0  1  0  1  0  1  0  1  1  0  1  1  1  1  1  0  0  0  0  0  1  -666.0       1    0.04
162  0  1  1  1  1  0  0  1  0  1  1  1  0  1  1  1  1  0  0  0  0  1  1  1  0  1  0  1  0  0  0  0  1  0  1  0  1  0  0  1  1  1  0  1  1  0  0  0  0  1  -666.0       1    0.04
199  1  0  0  0  1  0  0  1  0  1  1  0  1  1  0  0  1  0  1  0  1  0  1  0  0  0  0  1  1  0  1  1  0  1  1  1  0  1  1  0  0  1  1  1  1  1  0  1  0  0  -666.0       1    0.04
225  0  1  0  1  1  0  0  1  0  1  0  0  0  1  1  1  1  1  0  1  0  0  1  1  0  0  0  1  1  0  1  1  0  0  1  0  1  1  0  0  1  1  1  0  1  1  0  0  0  1  -666.0       1    0.04
281  0  1  1  1  0  0  0  1  0  1  0  0  0  1  1  1  1  0  0  1  0  0  1  1  1  1  1  0  0  0  1  1  1  0  1  0  1  1  0  1  1  1  0  0  0  0  0  0  1  1  -666.0       1    0.06
313  0  1  1  1  1  0  0  1  1  1  0  1  0  0  1  1  1  0  0  0  0  0  1  1  0  1  1  0  1  0  1  0  0  0  1  0  1  0  0  1  0  1  1  1  1  0  0  0  1  1  -666.0       1     0.1
314  0  1  0  0  1  0  0  1  0  1  0  0  0  1  1  1  1  1  0  0  0  0  1  1  1  1  1  0  1  0  1  0  1  0  1  0  1  0  0  1  1  0  1  1  1  1  0  1  1  1  -666.0       1    0.06
326  0  1  1  1  0  0  0  1  0  1  0  0  0  0  1  1  1  1  0  0  0  0  0  1  0  1  0  1  1  0  1  0  1  0  1  0  0  1  0  1  1  1  1  1  1  1  0  0  0  0  -666.0       1    0.08
342  0  1  0  1  0  0  1  1  1  1  0  1  0  0  1  0  1  0  0  0  0  0  1  1  1  0  1  0  0  0  1  1  0  0  1  0  0  1  0  1  1  1  1  1  1  0  0  0  1  0  -666.0       1    0.08
475  0  1  1  1  0  1  1  1  1  1  0  1  0  0  1  1  1  1  0  0  0  0  0  0  0  1  1  1  0  0  1  0  0  0  1  0  0  0  0  1  1  1  0  0  1  0  0  0  1  1  -666.0       1    0.16
498  0  1  0  1  0  1  1  1  0  1  1  0  0  0  1  1  1  1  0  1  0  0  1  1  0  1  0  1  0  0  1  0  1  0  1  0  1  0  0  1  1  1  1  1  0  0  0  1  1  1  -666.0       1    0.16
45   0  1  1  1  1  0  0  1  0  1  1  1  0  1  1  1  1  0  0  1  0  0  1  1  1  0  0  1  0  0  1  0  0  0  1  0  0  1  0  1  1  1  1  1  1  1  0  0  0  0 -665.25       1     0.0
46   1  1  0  1  1  0  0  1  1  1  0  1  0  1  1  1  1  1  0  0  0  0  0  1  1  0  1  1  1  1  1  0  0  0  0  0  1  1  0  1  1  0  1  0  0  1  0  0  0  1 -665.25       1     0.0
90   0  1  1  0  1  0  1  1  1  1  0  1  0  0  1  1  1  0  0  0  0  0  1  1  1  0  1  1  1  0  1  0  1  0  1  0  0  0  0  1  0  1  1  1  1  1  0  0  0  1 -665.25       1    0.02
91   1  1  0  0  1  1  0  0  0  1  1  0  0  1  0  1  0  0  0  1  1  1  1  1  0  1  0  0  1  1  0  1  1  1  1  0  0  1  0  0  0  0  1  0  0  1  1  1  0  0 -665.25       1    0.02
94   0  1  0  0  0  0  1  0  0  1  0  0  0  0  1  1  1  0  0  0  0  0  1  1  1  1  1  1  1  0  1  1  0  0  1  0  1  1  0  1  1  1  1  0  0  1  0  0  1  1 -665.25       1    0.02
144  0  0  0  1  0  0  0  1  1  1  0  1  0  1  1  1  1  0  0  1  1  0  0  1  1  1  1  0  0  0  1  1  0  0  0  0  1  1  0  1  1  0  0  1  1  1  0  0  1  0 -665.25       1    0.02
186  0  1  1  1  1  0  1  1  1  1  0  1  0  1  0  1  1  0  0  1  0  0  0  1  0  0  1  1  0  0  1  0  0  1  1  0  1  0  0  1  0  1  0  1  1  1  0  0  1  1 -665.25       1    0.04
239  0  1  1  0  1  0  1  1  0  1  0  1  0  0  1  1  1  1  1  0  0  0  1  1  1  1  0  0  1  0  1  1  1  0  1  0  0  0  0  1  1  1  0  1  0  0  0  0  1  1 -665.25       1    0.06
304  0  1  1  1  0  0  1  0  1  1  0  1  0  0  1  1  1  1  0  0  0  0  1  1  1  1  1  0  0  0  1  1  1  0  1  0  1  0  0  1  1  1  0  0  1  0  0  0  1  1 -665.25       1     0.1
329  0  1  1  1  0  0  0  1  0  1  0  1  0  1  1  1  1  1  0  0  0  0  1  1  1  1  0  1  0  0  1  0  1  0  1  0  1  0  0  1  1  1  0  1  0  1  0  0  1  1 -665.25       1    0.08
416  0  1  1  1  0  0  0  0  0  1  0  1  0  1  1  1  1  0  0  0  0  0  1  1  1  1  1  1  0  0  1  0  0  0  1  0  1  0  0  1  1  1  0  1  0  0  1  0  1  1 -665.25       1    0.12
47   1  1  0  1  1  0  1  1  0  0  0  0  1  1  0  0  1  1  1  0  1  1  1  0  0  0  0  0  1  0  0  1  1  1  0  0  1  1  1  0  1  0  1  0  1  1  0  1  0  0  -665.0       1     0.0
114  0  1  0  1  1  0  0  1  0  1  0  1  0  1  0  1  1  0  1  0  1  0  1  1  0  1  0  1  0  0  1  1  1  0  0  1  0  0  0  1  1  1  1  0  1  1  0  0  0  1  -665.0       1    0.02
126  0  1  0  1  0  0  0  1  1  1  0  1  0  1  0  1  1  1  1  0  0  0  1  0  0  0  1  1  0  0  0  0  1  0  1  0  1  1  0  1  1  1  1  1  0  1  0  0  1  1  -665.0       1    0.02
141  0  1  1  1  1  0  0  1  0  1  0  1  0  0  1  1  1  1  0  0  0  0  0  1  1  0  1  0  1  0  1  0  0  0  1  0  1  1  0  1  1  1  1  1  1  0  0  0  0  1  -665.0       1    0.04
207  0  0  0  1  1  1  0  0  0  0  1  1  1  1  0  0  0  0  1  1  0  1  1  0  0  0  0  0  1  1  0  1  1  1  0  0  0  1  1  0  1  0  1  1  1  1  0  0  1  0  -665.0       1    0.04
328  0  1  0  1  0  1  1  0  1  1  1  0  0  0  0  1  1  0  0  0  0  0  1  1  0  0  1  0  0  0  0  1  1  1  1  0  0  1  0  1  0  1  0  1  1  1  0  0  1  1  -665.0       1    0.06
355  0  1  0  1  0  1  0  0  1  1  0  1  0  1  1  1  1  0  1  0  0  0  0  1  1  1  1  1  1  0  1  0  1  0  1  0  0  1  0  1  1  0  0  1  1  1  0  0  0  0  -665.0       1    0.06
356  0  1  1  1  0  0  1  1  1  1  0  0  0  0  0  1  1  1  0  0  0  0  1  1  1  1  0  0  0  0  1  0  0  0  1  0  1  0  0  1  1  1  1  1  1  0  0  0  0  1  -665.0       1     0.1
388  0  1  1  1  1  1  1  1  0  1  0  0  0  0  1  1  1  0  0  0  0  0  0  1  1  1  1  1  1  0  1  0  0  0  1  0  1  0  0  1  1  1  0  1  1  1  0  0  1  1  -665.0       1    0.12
417  0  1  1  1  0  0  1  1  0  1  0  1  0  1  1  1  1  0  0  0  0  0  1  0  1  1  1  0  0  0  1  0  1  0  1  0  1  0  0  1  1  1  1  1  1  1  0  0  1  1  -665.0       1    0.12
430  0  1  1  1  0  0  1  1  0  1  0  1  0  0  1  1  1  0  0  0  0  0  0  1  1  0  0  0  0  0  1  1  0  0  1  0  1  0  1  1  1  1  0  1  0  0  1  0  1  1  -665.0       1    0.12
441  0  1  1  1  0  0  1  1  0  1  0  1  0  1  1  1  1  0  0  0  0  0  0  1  1  1  1  1  0  0  1  1  0  1  1  0  1  0  0  1  1  1  0  1  1  1  0  0  1  0  -665.0       1    0.14
454  0  1  1  1  0  0  1  1  0  1  1  1  0  0  1  1  1  0  0  0  0  0  1  1  1  1  1  0  0  0  1  1  0  0  0  0  1  0  0  1  1  1  0  1  0  0  1  0  1  1  -665.0       1    0.16
49   0  0  0  1  1  0  0  1  0  1  1  1  0  1  0  1  1  0  1  0  0  1  1  0  1  1  1  0  0  1  1  1  1  1  1  0  0  1  0  0  0  0  1  1  0  1  0  0  0  0 -664.25       1     0.0
50   0  1  1  0  1  1  0  1  0  1  0  0  0  1  1  1  1  0  0  0  1  0  1  1  0  1  1  0  1  1  1  0  1  0  1  0  1  0  0  1  0  0  1  1  0  1  0  0  1  1 -664.25       1     0.0
103  0  1  1  1  0  0  1  1  0  0  0  1  0  0  1  1  1  0  1  0  1  0  0  0  1  0  0  0  0  1  1  0  1  1  1  0  0  0  0  1  1  1  0  1  1  1  0  0  1  1 -664.25       1    0.02
131  1  1  0  0  1  0  0  0  0  1  0  0  1  1  0  0  1  0  1  0  0  1  1  0  0  0  1  1  0  1  1  1  1  1  0  1  0  1  0  1  0  0  1  0  0  1  1  1  1  0 -664.25       1    0.02
174  0  1  1  1  1  1  1  1  0  1  0  1  0  1  1  1  1  0  0  0  0  0  1  0  1  1  0  0  0  0  1  1  0  0  1  0  1  0  0  1  1  1  0  0  1  0  1  0  1  1 -664.25       1    0.04
189  0  1  1  1  0  0  0  0  0  1  0  1  0  0  1  1  1  1  1  0  0  0  1  1  1  1  1  0  0  0  1  1  1  0  1  0  1  0  0  1  1  1  0  0  0  1  0  0  0  1 -664.25       1    0.04
208  0  1  1  1  1  0  0  1  0  1  0  1  0  1  1  1  1  0  0  0  1  0  0  1  1  0  1  1  1  0  1  0  0  0  0  1  1  1  0  1  1  1  1  0  0  1  0  0  0  1 -664.25       1    0.04
214  1  1  1  1  0  0  0  1  0  1  0  1  0  0  1  1  1  0  0  0  0  0  1  1  0  0  0  0  1  0  1  1  1  0  1  0  0  1  0  1  1  1  1  1  0  1  0  1  1  1 -664.25       1    0.04
266  0  1  0  0  1  1  0  1  1  1  0  1  0  0  1  1  1  1  0  0  0  0  0  1  1  1  0  0  1  0  1  1  1  0  0  0  1  0  0  1  1  0  0  1  1  1  0  1  0  0 -664.25       1    0.02
272  0  1  1  1  0  0  1  1  0  1  0  1  0  1  0  1  1  0  0  0  0  0  1  1  0  1  1  1  1  0  1  1  1  0  1  0  1  0  0  1  1  1  0  1  1  1  0  0  1  1 -664.25       1    0.08
309  0  1  1  1  0  0  1  1  0  1  0  0  0  1  1  1  1  0  0  1  0  0  1  1  0  1  1  0  0  0  1  0  0  0  1  0  1  1  0  1  1  1  1  0  1  1  0  0  1  1 -664.25       1    0.08
345  0  1  1  1  0  0  1  1  0  1  0  0  0  1  1  1  0  0  0  0  0  0  1  1  1  0  1  0  0  0  1  0  1  1  1  0  1  0  0  1  1  1  1  1  1  1  0  0  1  1 -664.25       1    0.08
421  0  1  1  1  0  1  0  1  1  1  0  0  0  0  1  1  1  0  0  0  0  0  1  1  0  0  1  1  0  0  1  1  0  0  1  0  1  1  1  1  1  1  0  0  0  0  0  0  1  1 -664.25       1     0.1
423  0  1  1  1  0  0  1  0  0  1  0  1  0  0  1  1  1  0  1  0  1  0  1  1  1  1  1  1  0  0  1  0  1  0  1  0  0  0  0  1  1  1  0  1  1  1  0  1  1  1 -664.25       1    0.12
447  0  1  1  1  0  0  1  0  1  1  0  1  1  0  0  1  1  0  0  1  0  0  1  1  0  1  0  1  1  0  1  1  1  0  0  1  0  1  0  1  1  1  0  1  0  1  0  0  0  1 -664.25       1    0.06
101  0  1  0  1  0  1  1  1  0  1  1  1  0  1  1  1  1  0  0  0  1  0  1  1  1  0  0  0  0  0  1  1  0  0  0  0  1  0  0  1  1  1  0  1  0  1  0  0  1  1  -664.0       1    0.02
267  0  1  1  1  1  1  1  1  0  1  0  0  0  0  1  1  1  0  0  0  0  0  1  1  0  1  0  0  0  0  1  0  1  0  1  0  1  1  0  1  1  1  1  1  1  1  0  1  0  1  -664.0       1    0.06
276  1  0  0  0  1  0  0  0  0  0  1  0  1  1  1  0  0  0  1  0  0  1  1  1  0  0  0  1  1  1  1  1  1  0  0  1  0  1  1  0  0  0  1  0  0  1  1  1  1  0  -664.0       1    0.08
293  0  0  0  0  1  1  1  1  0  1  0  1  1  0  1  1  1  0  1  0  0  0  1  1  0  0  0  0  1  1  1  0  1  0  1  0  0  0  1  1  1  0  1  0  1  0  1  1  0  1  -664.0       1    0.04
308  0  1  1  0  1  0  0  0  0  1  0  0  1  1  1  1  1  0  0  1  0  0  1  1  1  1  0  1  0  1  1  0  0  0  0  0  0  0  0  1  1  1  0  1  0  1  0  0  1  1  -664.0       1    0.06
471  0  1  1  1  0  0  1  1  1  1  0  1  0  1  1  1  1  0  0  0  0  0  0  1  0  1  1  1  0  0  1  0  0  0  1  0  1  0  0  1  1  1  0  1  1  1  0  0  0  1  -664.0       1    0.18
51   0  1  1  0  0  0  0  0  1  1  0  0  0  1  1  1  1  0  0  0  0  1  1  1  1  1  0  1  0  0  1  1  1  0  1  0  0  1  0  1  1  1  1  0  1  1  0  0  1  1 -663.25       1     0.0
52   0  0  0  1  1  1  0  0  0  0  0  0  1  1  0  0  1  1  1  0  0  1  1  0  0  1  1  1  0  1  0  1  1  1  0  0  0  1  1  0  1  0  1  1  0  1  0  0  0  0 -663.25       1     0.0
53   0  1  1  0  1  0  1  0  0  1  0  1  0  1  1  0  0  0  0  0  0  1  1  1  1  1  1  1  1  1  1  1  1  0  1  0  1  1  0  1  0  0  1  1  0  0  0  0  1  0 -663.25       1     0.0
123  1  1  1  0  0  0  1  1  0  1  0  0  1  0  0  1  1  0  0  0  1  0  0  1  0  1  1  0  1  1  1  0  1  0  1  0  1  1  0  1  1  1  0  1  1  1  0  0  1  0 -663.25       1    0.02
130  0  1  0  0  1  0  1  1  1  1  1  1  0  0  1  1  1  0  1  0  1  0  0  1  1  0  0  0  1  0  1  0  0  0  0  0  1  0  0  1  1  1  1  1  1  1  0  0  1  1 -663.25       1    0.02
139  1  0  0  1  1  0  0  0  0  0  1  0  1  1  0  0  0  1  1  0  1  1  1  0  1  1  1  0  1  1  0  1  1  0  0  1  0  1  0  0  0  0  1  0  0  0  1  1  0  0 -663.25       1    0.04
191  0  0  0  0  1  0  0  1  1  1  0  0  1  0  1  1  1  0  1  0  0  0  1  1  1  0  0  0  0  0  1  0  1  0  1  1  1  1  1  1  0  1  1  1  0  0  0  0  1  1 -663.25       1    0.02
311  0  1  1  1  0  0  0  1  0  1  0  1  1  0  1  1  1  0  0  0  0  0  1  1  0  0  1  1  1  0  1  0  1  0  1  0  1  0  0  1  1  1  0  1  0  0  0  0  1  1 -663.25       1    0.08
348  0  1  1  1  1  0  1  1  0  1  0  1  0  0  1  1  1  0  0  0  0  0  1  1  1  1  0  0  1  0  1  0  1  1  0  0  0  0  0  1  1  1  1  1  1  0  0  1  0  1 -663.25       1    0.08
54   0  1  0  0  0  0  0  1  0  1  1  0  0  0  1  1  1  0  0  1  0  1  0  1  0  1  1  0  1  0  1  1  1  0  1  1  0  1  0  1  0  0  1  0  0  1  0  1  1  0  -663.0       1     0.0
194  0  1  0  1  0  0  1  1  1  1  0  1  0  0  1  1  1  0  0  0  0  0  0  1  1  1  1  0  1  0  1  0  1  0  1  0  1  1  1  1  1  1  1  1  1  0  0  0  1  0  -663.0       1    0.06
251  0  1  1  1  0  0  1  1  0  1  1  1  1  0  1  1  1  1  0  0  0  0  1  1  0  0  1  1  0  0  1  0  1  0  1  0  0  0  0  1  0  1  1  0  0  1  0  0  1  1  -663.0       1    0.06
252  0  1  0  1  0  1  1  1  0  0  1  1  0  1  1  1  1  1  0  0  0  0  1  1  0  1  1  0  0  0  1  1  0  0  1  0  0  0  0  1  1  1  0  1  1  1  0  0  0  1  -663.0       1    0.06
459  0  1  1  1  1  0  1  0  0  1  1  1  0  1  1  1  1  0  0  0  1  0  0  1  1  1  0  1  0  0  1  1  0  0  0  0  1  1  1  0  1  1  0  1  1  0  0  0  1  1  -663.0       1     0.1
495  1  0  0  0  1  0  0  0  0  0  1  0  1  1  0  0  0  1  1  0  1  1  1  0  0  0  0  0  1  1  0  1  1  1  0  1  0  0  1  0  0  0  1  0  1  1  1  1  1  1  -663.0       1     0.2
55   0  1  0  1  1  0  0  1  0  1  0  0  0  0  1  1  1  0  0  0  0  1  1  1  1  1  1  0  0  0  1  1  1  0  1  0  1  1  0  1  0  1  0  1  1  1  0  0  1  1 -662.25       1     0.0
164  0  1  0  1  1  0  0  0  1  1  1  0  0  1  1  1  0  0  0  1  1  0  0  1  1  1  0  0  1  1  0  0  1  0  1  0  1  1  1  0  1  0  1  0  0  0  0  1  1  0 -662.25       1    0.02
316  0  1  0  1  1  0  0  1  1  1  0  0  0  1  1  1  1  0  0  0  0  0  1  1  0  1  1  0  1  0  1  0  0  0  1  0  1  1  0  1  1  1  0  1  0  1  1  0  1  1 -662.25       1    0.06
344  0  1  1  1  0  0  1  0  0  1  0  1  1  0  1  1  1  1  0  0  0  0  0  1  1  0  0  1  1  0  1  1  0  0  0  0  1  1  0  1  1  1  0  1  1  1  0  0  1  1 -662.25       1    0.08
358  0  1  1  1  0  1  0  1  0  1  0  0  0  1  1  1  1  0  0  0  0  0  1  1  1  1  0  1  0  0  1  1  0  0  1  0  1  1  0  1  1  1  0  1  0  1  0  0  1  1 -662.25       1    0.08
359  0  1  1  0  0  0  1  1  0  1  0  1  0  1  1  1  1  1  0  0  0  0  1  1  0  0  1  1  1  0  1  0  1  0  1  0  0  1  0  1  1  1  1  0  1  1  0  0  0  1 -662.25       1    0.06
437  0  1  1  1  0  0  1  1  1  1  0  1  0  0  1  1  1  0  0  1  0  0  0  1  1  1  0  0  0  0  1  0  0  1  1  0  1  0  0  1  1  1  0  1  1  0  0  1  1  1 -662.25       1    0.14
467  0  1  1  1  0  0  1  1  0  1  0  1  1  0  1  1  1  0  0  0  0  0  1  1  0  1  0  1  0  0  1  1  0  0  1  0  1  0  1  1  1  1  0  1  1  0  0  0  1  1 -662.25       1    0.16
493  0  1  1  1  0  0  1  1  0  1  0  1  0  0  1  1  1  1  0  1  0  0  1  0  1  0  1  0  0  0  1  1  0  0  1  0  1  1  0  1  1  0  0  0  1  0  0  0  1  1 -662.25       1    0.16
56   0  1  0  1  1  0  0  1  0  0  1  1  0  1  1  1  1  1  0  1  1  0  1  1  1  0  0  0  0  0  1  0  0  0  1  1  1  0  0  0  0  0  1  1  1  1  1  0  1  0  -662.0       1     0.0
145  1  0  0  0  1  0  0  1  1  0  1  0  1  1  0  0  0  0  0  1  1  1  1  1  0  0  0  0  0  1  0  1  1  1  0  0  0  1  1  0  0  0  1  0  1  1  1  0  0  0  -662.0       1    0.04
147  0  1  1  1  0  0  1  1  0  1  0  1  0  1  1  0  1  0  0  0  0  0  0  0  1  0  1  0  1  1  1  0  1  0  0  0  0  1  0  1  1  1  1  1  1  1  0  0  1  1  -662.0       1    0.02
181  0  1  0  1  0  0  0  1  0  0  0  1  1  1  1  1  0  0  1  0  0  0  1  1  1  1  0  0  1  0  1  0  1  0  0  0  0  0  0  1  1  1  0  1  1  1  0  1  0  1  -662.0       1    0.02
182  0  1  1  1  1  1  1  1  0  1  0  1  0  0  1  1  1  0  0  0  0  0  1  1  0  0  0  1  1  1  1  0  1  0  1  0  1  0  1  1  1  1  1  1  0  0  0  0  0  1  -662.0       1    0.04
185  0  1  1  1  0  0  1  1  1  1  0  1  1  0  1  1  1  0  1  0  0  0  1  1  1  0  0  0  0  0  1  1  1  0  0  0  1  0  0  1  1  1  0  1  0  0  0  0  1  1  -662.0       1    0.04
188  0  1  0  1  0  1  1  1  1  1  0  1  0  0  1  1  1  0  1  0  0  0  0  1  0  1  1  0  0  0  1  1  1  0  1  0  0  0  0  1  1  0  0  1  1  1  0  1  0  1  -662.0       1    0.04
221  0  1  1  1  0  1  1  1  0  1  0  1  0  1  1  1  1  0  0  0  0  0  1  1  1  1  1  0  0  0  1  1  1  0  1  0  1  0  0  1  1  0  1  0  0  1  0  0  1  1  -662.0       1    0.06
234  0  1  1  0  0  0  0  1  1  1  0  0  1  1  1  1  1  0  1  0  0  0  1  0  1  1  0  0  1  0  1  1  0  0  0  1  1  0  0  1  1  1  0  1  1  1  0  0  0  1  -662.0       1    0.04
282  0  1  1  1  0  0  0  1  0  1  0  1  1  1  1  1  1  0  0  0  0  0  1  1  0  1  1  0  1  0  1  1  0  0  0  0  1  1  0  1  1  1  0  1  0  1  0  0  1  0  -662.0       1    0.06
303  0  1  0  1  1  1  0  1  1  1  0  1  0  0  1  1  1  0  0  0  0  0  0  1  1  1  0  0  0  0  1  1  1  0  0  1  1  1  0  0  1  1  1  1  1  0  0  0  0  1  -662.0       1    0.06
319  0  1  1  1  0  1  1  1  1  1  0  1  0  1  1  1  1  0  0  0  0  0  0  1  1  1  1  1  0  0  1  0  1  0  0  0  1  1  0  1  0  1  0  0  1  1  0  0  1  1  -662.0       1    0.08
341  1  0  0  0  1  0  0  1  0  0  1  0  1  1  0  0  0  0  1  1  1  1  1  0  0  0  1  0  0  1  0  1  1  1  0  1  0  1  0  0  0  0  1  0  1  1  0  1  0  0  -662.0       1     0.1
384  1  1  1  1  0  0  0  1  0  1  0  1  0  1  1  1  1  0  0  0  0  0  1  1  1  1  0  1  0  0  1  1  0  0  1  0  1  1  0  1  0  1  0  1  0  0  0  0  1  1  -662.0       1    0.08
385  0  1  0  1  0  0  0  1  1  1  0  1  0  1  1  1  1  0  0  0  0  0  0  1  0  1  1  1  0  0  1  1  1  0  0  0  1  1  0  1  1  1  0  1  1  1  0  0  0  1  -662.0       1    0.08
386  0  1  1  1  0  0  1  1  0  1  0  1  0  0  1  1  1  0  0  0  0  0  1  1  1  1  0  0  1  0  1  1  1  0  1  0  1  0  0  1  1  1  1  1  0  1  0  0  1  1  -662.0       1     0.1
392  0  1  1  1  0  0  1  1  0  1  0  0  0  0  1  1  1  1  0  0  0  0  0  1  1  1  0  1  1  0  1  0  0  0  1  0  1  1  0  1  0  1  0  1  1  0  0  0  0  1  -662.0       1    0.12
402  0  1  0  0  0  0  1  1  1  1  0  1  0  0  1  1  1  0  0  0  1  0  1  1  1  1  1  0  1  0  1  0  1  0  0  0  0  1  0  1  1  1  1  1  0  1  0  0  0  1  -662.0       1    0.08
58   0  1  0  1  1  0  0  1  0  1  0  0  1  0  1  1  1  0  0  0  0  0  1  1  1  1  0  0  1  0  1  1  1  0  1  1  0  0  0  1  1  1  0  1  1  1  0  0  0  0 -661.25       1     0.0
133  1  1  1  1  1  0  1  1  0  1  0  1  0  1  1  1  1  0  0  0  0  0  1  1  0  1  0  0  1  0  1  0  0  0  1  0  0  1  0  1  1  0  1  0  1  1  0  0  1  1 -661.25       1    0.02
138  1  1  0  1  0  0  1  1  1  1  0  1  0  1  1  1  0  0  0  0  0  0  1  1  1  0  0  0  1  1  1  0  1  0  1  0  1  1  0  1  1  0  1  1  0  1  0  0  1  0 -661.25       1    0.02
153  0  0  1  1  1  1  0  1  0  1  0  0  1  1  0  1  0  1  0  1  0  0  1  1  1  1  0  1  0  0  1  0  0  0  1  0  1  1  0  1  0  1  1  1  0  1  0  0  1  1 -661.25       1    0.02
226  0  1  0  0  0  0  0  1  1  1  1  1  0  1  1  1  1  0  0  0  0  0  1  1  1  1  0  1  0  0  0  1  0  0  1  1  1  0  0  1  1  1  0  1  0  1  0  1  1  1 -661.25       1    0.04
241  0  1  1  1  0  0  1  1  0  1  0  1  0  1  1  1  1  0  0  0  0  0  1  1  1  1  1  1  1  0  1  0  1  0  1  0  0  0  0  1  1  1  1  1  0  1  0  0  1  1 -661.25       1    0.06
259  0  1  1  1  0  0  1  1  0  1  1  1  0  1  1  1  0  0  0  0  0  0  1  1  1  1  0  1  1  0  1  1  0  0  0  0  0  0  0  1  1  1  1  1  0  1  0  0  1  1 -661.25       1    0.06
340  0  1  1  1  1  0  0  1  0  1  1  1  0  0  1  1  1  1  0  0  0  0  1  1  1  1  0  1  0  0  1  0  0  0  1  0  1  0  0  1  1  1  0  0  1  1  0  0  1  1 -661.25       1    0.08
346  0  1  1  0  0  0  1  1  1  1  0  1  0  0  1  1  1  0  0  0  0  0  1  1  0  0  1  1  0  0  1  1  0  0  1  0  1  0  0  1  1  1  0  1  1  1  1  0  1  1 -661.25       1     0.1
474  1  0  0  0  1  0  0  0  0  0  1  0  1  1  0  1  0  0  1  1  1  1  1  0  1  0  0  0  1  1  0  1  1  1  1  1  1  1  1  0  0  0  1  0  1  1  1  1  0  0 -661.25       1    0.14
142  0  1  0  1  1  0  1  0  0  1  0  1  0  0  1  1  1  1  0  0  0  0  1  1  1  1  0  0  0  1  1  1  1  0  1  1  1  0  0  1  1  1  0  0  0  1  1  0  1  1  -661.0       1    0.02
143  0  1  1  1  0  0  0  0  0  1  0  1  0  1  1  0  1  1  0  0  0  0  1  1  0  1  1  0  1  1  1  1  1  0  0  0  0  0  1  1  0  0  0  1  0  1  0  0  1  1  -661.0       1    0.02
176  0  1  0  1  0  0  1  1  1  1  0  1  0  0  1  1  1  1  0  0  0  0  1  1  1  0  0  1  0  0  1  1  1  0  0  0  1  0  0  1  1  1  0  1  1  1  0  0  0  1  -661.0       1    0.04
238  0  1  0  1  1  1  1  1  0  1  1  1  1  1  1  1  1  0  0  1  0  0  1  0  1  1  0  0  0  0  1  0  1  0  1  0  0  0  0  1  1  0  0  1  0  0  1  0  0  1  -661.0       1    0.04
269  0  1  1  1  1  1  1  1  1  1  0  1  0  1  1  1  1  0  0  0  1  0  0  1  1  1  0  0  1  0  1  0  0  0  0  0  0  1  0  1  1  1  0  0  1  1  0  0  1  1  -661.0       1    0.06
277  0  1  0  1  1  0  1  1  1  1  0  0  1  1  1  1  1  0  0  0  0  0  1  1  0  1  0  0  0  0  1  0  0  1  1  0  1  0  0  1  1  1  1  1  0  1  0  1  1  1  -661.0       1    0.06
323  0  1  1  1  1  0  1  1  0  1  0  1  0  1  1  1  1  1  0  0  0  0  1  1  1  1  0  1  0  0  1  0  1  0  0  0  1  0  0  0  1  1  0  1  0  1  1  0  1  1  -661.0       1    0.08
336  0  1  1  1  0  0  0  1  0  1  0  1  1  0  0  1  1  1  0  0  0  0  0  1  1  0  0  1  0  0  1  1  0  0  0  0  1  1  1  1  1  1  0  0  1  1  0  1  1  1  -661.0       1    0.06
343  0  1  1  1  0  0  1  1  0  1  0  1  0  0  1  1  1  1  1  0  0  0  0  1  1  1  0  0  0  0  1  0  1  0  1  0  0  1  1  1  1  1  0  1  0  0  0  0  1  1  -661.0       1     0.1
369  0  1  1  1  0  0  1  1  0  1  0  1  1  0  1  1  1  0  1  0  0  0  1  0  0  1  1  0  0  0  1  1  1  0  1  0  1  0  0  1  1  1  0  1  0  1  0  0  0  1  -661.0       1    0.08
377  0  1  1  1  0  0  1  1  0  1  0  1  0  0  1  1  1  0  0  0  0  0  0  1  0  1  0  1  1  0  1  1  1  0  1  0  1  0  1  1  1  1  0  1  1  1  0  0  1  1  -661.0       1     0.1
413  0  1  1  1  0  0  1  1  0  1  0  0  0  1  1  1  1  1  0  1  0  0  1  1  0  1  1  0  0  0  1  0  0  0  1  0  1  0  0  1  1  0  1  1  1  0  0  0  1  1  -661.0       1     0.1
445  0  1  0  1  0  0  1  1  0  1  1  1  0  1  1  1  1  0  0  0  0  0  0  1  0  1  1  1  1  0  1  0  0  0  1  0  1  1  0  1  1  1  0  1  1  1  0  0  1  1  -661.0       1    0.12
118  0  1  0  1  0  0  1  1  0  1  1  1  0  0  1  1  1  0  0  0  0  0  1  1  1  0  0  1  0  0  1  1  0  0  1  0  0  0  1  1  1  1  0  1  1  1  1  0  1  1 -660.25       1    0.02
160  1  1  0  0  1  0  0  0  0  0  1  1  0  1  0  1  0  0  1  0  1  0  0  0  1  0  0  1  0  1  1  0  1  1  1  0  0  1  1  1  0  0  1  0  1  1  1  1  1  0 -660.25       1    0.02
192  0  1  0  1  0  1  1  1  0  1  0  1  0  1  1  1  1  1  0  0  0  0  0  1  1  1  0  0  0  0  1  0  0  0  1  0  1  1  0  1  1  1  0  1  1  0  0  0  0  1 -660.25       1    0.04
279  0  1  0  0  0  0  0  1  0  1  0  1  0  1  1  1  1  0  1  1  0  0  1  1  1  1  1  1  1  0  1  1  0  0  1  0  0  0  0  1  0  1  0  1  1  1  0  0  1  1 -660.25       1    0.04
302  0  1  0  0  0  1  1  1  1  1  0  1  0  0  1  1  1  1  1  0  0  0  1  1  1  1  0  1  0  0  1  1  1  0  0  0  1  0  0  1  1  1  0  1  0  1  0  0  0  1 -660.25       1    0.06
363  0  1  1  1  0  1  0  1  0  1  0  1  0  0  1  1  1  0  1  0  0  0  0  0  1  1  1  0  0  0  1  0  1  0  1  0  1  1  0  1  1  1  1  1  1  0  0  0  1  1 -660.25       1    0.08
455  0  1  1  1  0  0  0  1  0  1  0  1  0  1  1  1  1  0  0  0  0  0  0  1  1  0  0  0  1  0  1  1  0  0  1  0  1  1  0  1  1  1  1  1  1  1  0  0  1  1 -660.25       1    0.12
487  0  1  1  1  0  0  1  1  0  1  0  1  0  1  1  1  1  0  0  0  0  0  1  1  1  1  1  1  0  0  1  0  0  0  1  0  1  0  0  1  1  1  0  1  0  1  1  0  0  1 -660.25       1    0.18
59   0  1  0  0  1  0  1  0  0  1  0  1  1  0  1  1  1  0  0  0  1  0  1  1  0  0  0  1  0  0  1  0  1  1  1  0  1  0  0  1  1  0  1  1  1  1  0  1  0  1  -660.0       1     0.0
115  0  1  0  1  0  1  0  1  0  1  1  1  0  1  1  0  0  1  0  0  0  0  0  1  0  1  0  0  1  0  1  1  0  1  1  0  0  0  0  1  1  1  0  1  1  0  0  0  1  1  -660.0       1    0.02
283  0  1  1  1  0  0  1  1  0  0  0  1  0  0  1  1  1  0  0  0  0  0  1  1  1  1  1  1  0  0  1  1  0  0  1  0  1  1  0  1  1  1  0  0  1  1  0  0  0  1  -660.0       1    0.08
298  0  1  1  0  1  0  0  1  0  1  0  0  0  1  1  1  1  0  0  0  0  0  1  1  1  0  1  0  0  0  1  1  1  0  1  0  1  1  0  1  1  1  0  0  0  1  0  0  0  1  -660.0       1    0.06
339  0  1  1  1  0  0  0  1  0  1  1  1  0  1  1  1  0  1  0  0  0  0  1  1  0  0  0  0  1  0  0  0  0  0  1  0  0  0  1  1  1  1  1  1  0  1  1  1  1  1  -660.0       1    0.06
366  0  1  1  1  0  0  1  1  1  1  1  1  0  1  0  1  1  0  0  0  1  0  1  1  1  1  1  1  0  0  1  0  0  0  1  0  1  0  0  1  1  1  1  1  0  0  0  0  0  1  -660.0       1     0.1
387  0  1  1  0  0  0  1  1  1  1  0  1  0  1  0  1  1  1  0  0  0  0  1  1  1  1  1  1  0  0  1  0  1  0  1  1  0  0  0  1  1  1  0  1  0  1  0  0  1  1  -660.0       1    0.08
394  0  1  1  1  0  0  1  1  0  1  1  1  0  0  1  1  1  0  1  0  0  0  0  1  0  1  0  1  0  0  1  1  1  0  1  0  1  0  1  1  1  1  0  1  0  1  0  0  1  1  -660.0       1    0.12
460  0  1  1  1  1  0  1  1  1  0  0  1  0  0  1  1  0  0  1  0  0  0  1  1  1  1  0  1  0  0  1  0  0  0  1  0  1  0  1  1  1  1  0  1  0  1  1  0  1  1  -660.0       1    0.14
61   0  1  0  1  1  1  0  1  0  1  0  1  0  1  1  1  0  0  1  0  0  0  1  0  1  0  1  0  0  0  1  1  1  0  1  0  1  0  0  1  1  1  1  1  0  0  0  0  0  1 -659.25       1     0.0
62   0  1  0  0  0  0  1  0  1  1  0  1  0  0  1  1  1  0  1  1  1  1  1  0  1  1  0  0  1  1  1  1  1  0  1  0  1  1  0  1  1  1  0  1  0  0  0  0  0  0 -659.25       1     0.0
158  0  1  1  1  0  0  1  1  1  1  1  0  0  1  1  1  1  0  0  0  0  0  1  1  1  1  0  0  0  0  1  0  0  0  1  0  1  0  0  1  1  1  1  1  1  1  0  0  0  1 -659.25       1    0.04
168  0  1  1  0  0  1  0  0  0  1  0  0  1  0  1  1  1  0  1  0  0  0  1  1  0  0  0  0  1  1  1  1  1  0  0  0  0  1  0  1  1  1  1  1  1  0  0  0  1  1 -659.25       1    0.02
197  0  1  1  1  0  0  1  1  0  1  1  1  1  0  1  1  1  0  0  0  0  0  1  0  0  1  0  1  1  0  1  1  0  0  1  0  1  1  0  1  1  1  1  1  0  1  0  0  0  0 -659.25       1    0.04
204  1  1  0  1  0  0  0  0  1  1  0  0  0  1  1  0  1  1  1  1  0  0  0  1  0  0  0  0  1  1  1  0  0  1  1  1  0  1  0  1  1  1  1  1  1  0  0  1  0  1 -659.25       1    0.02
219  0  1  1  1  0  0  1  1  0  1  0  1  0  1  0  1  1  0  1  0  0  0  1  1  1  0  0  0  1  0  1  1  0  0  1  0  1  1  0  1  1  1  0  1  1  1  0  0  0  1 -659.25       1    0.04
229  0  1  1  0  0  0  0  0  0  1  0  1  0  1  1  1  1  0  1  0  0  0  1  1  1  1  1  0  0  0  1  1  1  0  1  0  0  1  0  1  1  1  1  1  0  1  0  1  0  1 -659.25       1    0.04
240  1  1  1  1  1  0  1  1  0  1  0  0  0  1  1  1  1  0  0  0  1  0  0  1  1  1  0  0  0  0  1  1  1  0  1  0  1  1  0  1  0  1  1  1  0  1  0  0  0  0 -659.25       1    0.04
244  0  1  1  0  1  0  1  1  1  1  0  1  1  0  1  1  1  1  0  0  0  1  1  0  0  1  0  1  1  0  0  0  1  0  0  0  1  0  0  1  1  1  1  0  0  1  1  0  0  1 -659.25       1    0.04
253  0  1  1  1  0  0  1  1  0  1  0  1  0  0  1  1  0  0  1  0  0  0  1  1  1  1  0  0  1  0  1  1  0  0  1  0  0  0  0  1  1  1  1  1  1  1  0  0  1  1 -659.25       1    0.06
349  0  1  1  1  1  0  1  1  1  1  0  0  0  0  1  1  1  0  0  0  0  0  1  1  1  1  0  1  0  0  1  1  1  0  1  0  1  0  0  1  1  0  0  1  1  1  0  0  0  1 -659.25       1    0.08
378  0  1  1  1  0  1  1  1  0  1  1  1  0  0  1  1  1  0  0  0  0  0  1  1  1  1  1  0  0  0  1  0  0  0  1  0  0  1  1  1  1  1  0  1  0  0  0  0  1  1 -659.25       1    0.12
403  0  1  0  1  1  0  1  1  1  0  0  1  0  1  1  1  1  1  0  0  0  0  1  0  1  1  0  1  0  0  1  1  0  0  1  0  1  0  0  1  1  1  1  0  0  1  0  0  1  1 -659.25       1    0.08
406  0  1  1  1  0  0  1  0  0  1  0  1  0  0  1  1  1  0  0  0  0  1  1  1  1  1  1  0  1  0  1  1  1  0  1  0  1  1  0  1  1  1  0  0  1  0  0  0  0  1 -659.25       1    0.12
408  0  1  1  1  0  0  1  1  0  1  0  1  0  0  1  1  1  1  0  0  0  0  0  1  1  1  1  1  0  0  1  1  0  0  1  0  1  0  0  1  1  1  0  1  0  1  0  0  1  1 -659.25       1    0.16
427  0  1  1  1  0  1  1  1  1  1  0  1  1  1  1  1  1  0  0  0  0  0  0  1  0  1  0  0  1  0  1  0  0  0  0  0  0  1  0  1  1  1  0  1  0  1  0  0  0  1 -659.25       1    0.12
450  0  1  0  1  0  1  1  1  0  1  1  1  0  1  1  1  0  1  0  0  0  0  0  1  1  1  0  1  1  0  1  0  0  0  1  0  1  1  0  1  1  1  0  1  0  1  0  0  0  1 -659.25       1    0.12
489  0  1  1  1  0  0  1  1  1  1  0  1  0  1  1  1  0  0  0  0  0  0  1  1  1  0  1  0  1  0  1  0  0  0  1  0  1  0  0  1  1  1  0  1  1  1  0  0  1  1 -659.25       1    0.16
63   0  0  1  0  1  1  1  0  0  1  0  1  1  0  1  1  1  1  1  1  0  0  1  0  1  0  0  0  0  0  1  1  1  1  1  0  0  1  0  1  0  0  1  1  1  1  0  0  0  0  -659.0       1     0.0
64   0  0  1  0  1  0  1  0  0  0  1  0  0  1  0  0  0  1  1  1  1  1  1  0  0  1  1  0  0  1  0  1  1  1  1  1  0  1  0  0  1  1  1  0  1  1  0  0  1  0  -659.0       1     0.0
65   0  1  0  0  1  0  1  0  0  1  0  0  0  0  1  1  0  0  1  1  0  0  1  1  1  0  0  0  0  1  1  1  1  0  1  1  0  1  0  0  1  1  1  1  0  1  1  0  1  1  -659.0       1     0.0
155  0  1  0  0  1  0  1  1  1  1  1  0  1  1  1  1  0  0  0  1  0  0  1  1  0  0  1  1  0  0  1  0  1  0  1  0  1  1  0  1  1  0  0  1  0  0  0  0  0  0  -659.0       1    0.02
212  0  1  0  1  1  0  1  1  1  1  0  0  1  0  1  1  1  0  0  0  0  0  1  1  1  1  0  1  0  1  1  0  1  0  1  0  0  0  0  1  0  1  1  1  0  0  1  0  0  1  -659.0       1    0.04
306  0  1  1  0  0  0  1  1  0  1  0  1  0  1  1  1  1  1  0  0  0  0  0  1  0  1  0  0  1  0  1  1  1  1  1  0  1  1  0  1  1  1  0  0  1  0  0  0  0  1  -659.0       1    0.06
333  0  1  1  1  0  0  1  1  1  1  0  1  0  1  1  1  1  0  0  0  0  0  1  1  1  1  0  1  0  0  1  0  0  0  1  0  1  0  1  1  1  1  0  1  0  1  0  0  1  1  -659.0       1     0.1
370  0  1  1  1  0  0  1  1  1  1  0  1  0  1  1  1  1  1  0  0  0  0  0  1  0  0  0  1  0  0  1  0  0  0  1  0  1  0  1  1  1  1  0  1  0  1  0  0  1  1  -659.0       1     0.1
379  0  1  1  1  0  0  1  1  1  1  0  1  1  0  1  1  1  0  0  0  0  0  1  1  1  0  0  0  0  0  1  1  1  0  0  0  0  0  0  1  1  0  1  1  1  1  0  0  1  1  -659.0       1    0.08
391  0  1  1  1  1  0  1  1  0  1  0  1  0  1  0  1  0  1  0  1  0  0  1  1  0  1  0  1  1  0  1  1  0  0  1  0  0  1  0  1  1  1  1  1  0  0  0  1  0  1  -659.0       1    0.08
398  0  1  1  1  0  0  0  1  0  1  0  1  0  0  1  1  1  1  1  0  0  0  1  1  0  1  0  1  0  0  1  1  1  1  0  0  1  0  0  1  1  1  0  1  1  0  1  0  1  1  -659.0       1    0.08
405  0  1  1  0  0  0  0  1  1  1  1  1  0  1  1  1  1  1  0  0  0  0  0  1  1  1  0  0  0  0  1  1  0  0  1  0  1  0  0  1  1  1  0  1  0  0  0  0  0  1  -659.0       1    0.12
468  0  1  1  1  0  1  1  1  0  1  1  1  0  1  1  1  1  0  0  0  0  0  1  1  1  1  0  1  0  0  1  1  0  0  0  0  1  0  1  1  1  1  0  0  0  0  1  0  1  1  -659.0       1    0.12
482  1  0  0  0  1  1  0  1  0  0  0  0  1  1  0  0  0  0  1  1  1  0  1  0  0  0  0  0  1  1  0  1  1  1  1  1  0  1  0  0  0  0  1  0  1  1  0  1  0  0  -659.0       1    0.14
68   0  1  0  1  0  0  0  1  0  1  0  1  0  0  1  1  1  1  1  1  0  0  1  1  1  0  0  0  1  1  1  0  1  1  1  0  1  1  0  1  1  0  1  1  0  0  0  0  0  1 -658.25       1     0.0
136  0  1  0  1  0  0  0  1  0  1  0  1  0  1  1  1  1  0  0  0  0  0  1  1  0  0  1  1  0  0  1  1  0  0  1  0  1  1  0  1  1  1  1  1  1  1  0  0  1  1 -658.25       1    0.02
156  0  1  1  1  1  0  0  1  0  1  0  1  0  0  1  1  1  1  1  0  0  0  1  0  1  1  0  1  0  0  1  0  1  0  1  0  1  1  0  0  1  0  0  0  0  1  1  0  0  1 -658.25       1    0.02
170  1  1  1  0  0  0  0  0  0  1  0  0  0  1  1  1  1  0  1  1  1  0  0  1  1  1  0  0  1  0  1  0  0  0  1  1  0  1  0  1  0  1  1  1  1  1  1  0  0  1 -658.25       1    0.02
172  0  1  0  0  0  0  1  1  0  1  1  0  0  1  1  1  1  0  1  0  0  0  1  1  1  1  1  1  0  0  1  1  0  1  0  0  0  1  1  0  0  1  0  1  0  1  0  0  0  1 -658.25       1    0.02
216  0  1  0  1  1  0  0  1  0  1  1  0  1  1  0  0  1  0  0  1  1  0  1  1  1  0  0  0  0  0  1  0  1  1  1  0  1  1  0  1  1  0  1  1  0  1  1  0  1  0 -658.25       1    0.02
255  0  1  1  1  0  0  1  1  0  1  0  1  0  0  1  1  1  0  0  0  0  0  1  1  1  1  0  1  0  0  1  0  1  0  1  0  1  0  1  1  1  1  1  1  1  1  0  0  1  1 -658.25       1    0.08
268  0  1  0  1  0  0  1  1  0  1  0  1  0  0  1  1  1  0  0  0  0  0  0  1  0  1  1  1  0  0  1  1  0  0  1  0  1  1  1  1  1  1  0  1  1  1  0  0  1  1 -658.25       1    0.08
301  0  1  1  1  0  0  0  0  0  1  0  1  0  0  1  1  1  1  1  0  0  0  0  1  0  1  0  1  1  0  1  1  0  0  1  0  1  0  0  1  1  0  0  1  0  0  0  0  1  1 -658.25       1    0.08
322  0  1  0  1  1  0  1  1  0  1  1  1  0  0  1  1  0  0  0  1  0  0  1  1  1  1  1  0  0  1  1  1  1  0  1  0  0  0  0  1  1  1  0  1  0  1  1  0  0  0 -658.25       1    0.06
324  0  1  1  1  0  0  1  1  0  1  0  1  1  0  1  1  1  0  0  1  0  0  1  1  1  1  0  0  1  0  1  1  1  0  1  0  1  0  0  1  1  1  0  1  0  0  0  0  0  1 -658.25       1    0.08
350  0  1  0  0  0  0  0  0  1  1  1  0  1  0  1  1  0  0  1  1  0  0  1  1  1  1  1  0  0  1  1  0  1  0  0  0  1  0  0  1  1  1  0  1  1  1  0  0  0  1 -658.25       1    0.06
371  0  1  1  1  0  0  1  1  0  1  0  1  0  1  1  1  0  0  0  1  0  0  1  1  1  1  0  1  0  0  1  0  1  0  1  0  1  0  0  1  1  1  0  1  1  1  1  0  1  1 -658.25       1    0.08
436  0  1  1  1  0  0  1  1  0  1  0  1  0  1  1  1  1  0  0  1  0  0  1  1  1  1  0  1  0  0  1  1  0  0  1  0  1  0  0  1  1  1  0  1  1  1  0  0  1  1 -658.25       1    0.12
439  0  1  1  1  0  0  1  1  0  1  0  0  0  0  1  1  1  1  0  0  0  0  1  1  1  1  1  1  0  0  1  1  0  0  1  0  1  0  0  1  1  1  0  1  0  1  1  0  0  1 -658.25       1    0.14
472  0  1  1  1  0  1  0  1  0  1  0  1  0  0  1  1  1  1  1  0  0  0  0  1  0  1  0  1  1  0  1  1  0  0  1  0  1  0  1  1  1  1  0  1  0  1  0  0  0  1 -658.25       1    0.14
69   0  1  0  1  1  0  0  1  0  1  0  1  1  1  0  0  0  1  1  1  0  0  1  1  0  0  1  0  0  1  0  1  1  1  0  0  1  1  0  1  1  0  1  1  1  1  1  1  0  0  -658.0       1     0.0
70   1  1  0  0  1  1  0  1  0  0  0  0  1  1  0  0  0  1  1  0  0  0  1  0  0  0  1  0  1  1  0  0  1  0  1  0  1  1  0  0  1  0  1  1  0  1  0  0  0  1  -658.0       1     0.0
71   0  1  0  1  1  1  1  1  0  1  0  0  0  0  1  1  1  0  1  0  0  0  1  0  1  1  1  1  0  0  1  1  0  0  1  0  1  1  0  0  0  1  1  0  1  1  0  1  0  0  -658.0       1     0.0
132  0  1  1  0  0  0  0  1  0  1  1  1  0  0  1  1  1  0  0  0  1  0  0  1  1  0  0  1  0  0  1  1  1  1  1  0  1  0  0  1  1  1  1  1  0  1  0  0  0  1  -658.0       1    0.02
151  0  0  0  1  0  1  1  1  0  1  1  1  0  0  1  1  1  0  0  0  1  0  1  0  1  0  1  0  0  1  0  1  1  0  1  0  1  1  0  1  1  0  1  1  0  1  0  0  0  1  -658.0       1    0.02
169  0  1  1  1  0  0  0  1  1  1  0  1  1  0  1  1  1  1  0  0  0  0  0  1  1  0  0  1  0  0  1  1  0  0  1  0  1  0  0  1  1  1  0  1  0  1  1  0  0  1  -658.0       1    0.04
220  0  1  1  1  0  0  1  1  1  1  0  1  0  1  1  1  1  0  1  1  0  0  1  1  1  1  0  1  0  0  1  0  0  0  1  0  1  0  0  1  0  1  0  0  1  1  0  1  0  1  -658.0       1    0.06
257  0  1  1  1  0  0  1  1  0  1  0  1  0  0  1  1  1  1  0  0  0  0  1  1  1  0  0  0  0  0  1  1  1  0  1  1  1  0  0  1  1  1  0  1  1  1  0  0  1  1  -658.0       1    0.06
395  0  1  0  1  1  0  1  1  1  1  0  1  0  1  1  1  1  1  0  0  0  1  1  1  1  1  0  0  0  0  1  0  1  0  1  0  1  0  0  1  1  1  0  0  0  1  1  0  0  1  -658.0       1    0.08
433  0  1  1  1  0  0  1  1  1  1  0  1  0  1  1  1  1  1  0  0  0  0  1  1  1  1  1  1  1  0  1  0  0  0  1  0  1  0  0  0  1  1  0  0  0  1  0  0  1  1  -658.0       1    0.14
462  0  1  1  1  0  0  1  1  1  1  0  1  0  0  1  1  1  0  1  0  0  0  0  1  1  0  1  0  0  0  1  0  0  0  1  0  1  1  0  1  1  1  0  1  0  1  0  0  1  1  -658.0       1    0.14
464  0  1  0  1  1  0  0  1  0  1  0  1  0  1  1  1  1  0  0  0  0  0  1  1  0  0  1  0  0  0  1  1  0  1  1  0  1  1  0  1  1  1  1  1  0  1  0  0  0  1  -658.0       1     0.1
200  0  1  0  1  1  1  0  1  0  0  1  0  0  0  0  1  0  0  0  0  1  1  1  1  1  0  1  0  0  0  1  1  1  0  0  0  0  0  0  1  1  0  0  1  0  1  1  0  1  1 -657.25       1    0.02
227  0  1  1  1  0  1  1  1  0  1  0  0  0  1  1  1  1  1  1  1  0  1  0  0  1  0  0  1  0  0  1  1  0  1  1  0  1  1  1  1  1  1  0  0  0  1  0  0  0  1 -657.25       1    0.04
295  0  1  1  1  1  0  1  1  0  1  0  1  0  1  1  1  1  0  0  0  0  1  1  1  1  0  1  0  0  0  1  1  1  0  1  0  1  0  0  1  1  1  1  0  0  0  1  1  0  1 -657.25       1    0.06
320  0  1  1  1  0  0  1  1  0  1  0  1  1  0  1  1  1  1  0  0  0  0  1  0  1  1  0  1  0  0  1  1  1  0  1  0  1  0  1  1  0  1  1  1  0  0  1  1  0  1 -657.25       1    0.08
360  0  1  1  1  1  0  1  0  1  1  0  1  0  1  0  1  1  1  0  1  0  1  0  1  1  1  0  1  1  0  1  1  0  0  1  0  1  1  0  1  1  1  0  0  0  1  0  0  0  1 -657.25       1    0.08
438  0  0  1  1  0  0  1  1  1  1  0  1  0  1  1  1  1  0  0  0  0  0  1  1  1  1  0  0  1  0  1  1  0  0  1  0  0  1  0  1  1  1  0  1  1  1  0  0  0  1 -657.25       1    0.12
473  0  1  1  1  0  0  1  1  0  1  0  1  0  1  1  1  1  0  0  1  0  0  1  1  1  1  1  0  0  0  1  0  1  0  1  0  1  0  0  1  1  1  0  1  1  1  0  0  1  1 -657.25       1    0.14
150  0  1  1  1  0  0  0  1  0  1  0  1  1  1  1  1  1  0  0  0  0  0  0  1  0  0  1  1  1  0  1  0  1  0  0  1  1  1  0  1  1  1  1  0  1  1  0  0  1  1  -657.0       1    0.02
178  0  1  1  1  0  0  0  1  1  1  0  1  0  1  1  1  1  1  0  0  0  0  1  0  1  1  0  1  1  0  1  0  1  0  1  0  1  0  0  1  1  1  1  1  1  0  0  0  0  1  -657.0       1    0.04
195  0  1  1  1  0  0  1  0  0  1  1  1  0  1  1  1  1  1  0  0  0  1  1  1  0  1  0  1  0  0  1  1  1  0  0  1  1  0  0  1  1  1  0  1  0  1  0  0  0  1  -657.0       1    0.04
223  0  1  1  1  0  0  0  1  0  1  0  1  0  0  1  1  1  1  0  0  0  0  0  1  1  1  0  0  1  0  1  1  0  0  1  0  1  1  0  1  1  1  0  1  1  1  0  1  1  1  -657.0       1    0.06
243  0  1  1  0  0  1  1  0  0  1  0  1  0  0  1  1  1  1  0  0  1  0  1  1  0  1  1  0  0  0  1  1  0  0  1  0  1  0  0  1  1  1  1  1  1  1  0  1  0  1  -657.0       1    0.04
258  0  1  1  1  1  0  1  0  1  1  0  1  1  1  1  1  1  1  0  0  0  0  0  0  1  1  1  1  1  0  1  0  0  0  1  0  0  0  0  1  1  1  0  1  0  0  0  1  1  1  -657.0       1    0.06
275  0  1  1  0  1  1  1  1  1  1  0  1  0  1  1  1  1  1  0  0  0  0  0  1  1  1  0  1  0  0  1  0  0  1  1  0  1  1  0  1  1  1  0  0  0  1  0  0  0  1  -657.0       1    0.06
285  0  1  1  1  1  0  1  1  0  1  0  0  0  1  1  1  1  1  0  0  0  0  1  1  1  1  0  0  0  0  1  0  0  0  1  0  1  1  0  1  1  1  0  1  1  1  0  0  1  1  -657.0       1    0.08
312  0  1  1  1  0  0  0  0  0  1  0  1  0  1  1  1  1  0  1  0  0  0  1  1  1  1  0  1  0  0  1  1  1  0  1  0  1  0  0  1  1  1  1  1  0  1  0  0  1  1  -657.0       1    0.06
373  0  1  1  1  0  0  1  1  0  1  1  1  0  1  1  1  1  0  0  0  0  0  1  1  1  1  1  0  1  1  1  0  1  0  1  0  1  0  0  1  1  0  0  1  0  1  0  0  1  0  -657.0       1    0.08
449  0  1  1  1  0  1  1  1  0  1  0  1  1  1  1  1  1  0  0  0  0  0  0  0  1  1  1  1  1  0  1  1  0  0  0  1  0  0  0  1  1  0  0  1  1  1  0  0  1  1  -657.0       1     0.1
458  0  1  1  1  0  0  0  1  1  1  0  1  0  0  1  1  1  0  1  0  0  0  1  1  1  1  0  0  0  0  1  1  1  0  1  0  1  0  1  1  1  1  0  1  0  1  0  0  1  1  -657.0       1    0.14
76   0  1  0  1  1  0  0  1  0  1  1  1  0  1  0  1  1  1  1  0  0  1  1  0  0  0  0  0  0  1  1  0  1  1  1  0  0  1  0  1  0  0  1  1  1  1  1  1  0  0 -656.25       1     0.0
77   0  1  1  0  0  0  1  0  0  1  1  1  1  0  0  1  1  0  1  0  0  0  1  1  1  1  0  1  1  0  1  1  1  0  1  0  0  0  0  1  1  1  1  1  0  1  1  1  0  1 -656.25       1     0.0
152  1  1  1  1  1  1  0  1  0  1  1  0  0  0  1  1  1  0  1  0  0  0  1  1  1  1  1  0  0  0  1  0  1  0  1  0  1  0  0  1  1  1  0  1  0  0  0  0  0  1 -656.25       1    0.02
256  0  1  1  1  0  0  1  1  0  1  0  1  0  1  1  1  1  0  0  0  0  0  0  1  0  1  1  1  1  0  1  1  1  0  1  1  1  1  0  1  0  1  1  1  0  0  1  0  1  0 -656.25       1    0.06
263  0  1  0  1  1  0  1  1  1  0  0  0  0  1  1  1  1  0  0  1  0  0  1  1  1  1  0  1  1  0  1  0  0  0  1  1  1  0  0  1  1  1  0  1  1  1  0  0  1  1 -656.25       1    0.06
271  1  1  1  1  1  0  1  1  0  1  0  1  0  1  1  1  1  0  0  0  0  0  1  1  1  1  0  1  0  0  1  1  1  0  1  0  1  0  0  1  1  1  1  1  0  0  0  0  0  1 -656.25       1    0.08
297  0  1  1  1  1  1  0  0  0  0  0  0  0  1  1  1  1  0  0  0  1  0  1  1  1  0  0  1  1  0  1  0  0  0  1  0  1  0  1  1  1  1  1  1  1  1  0  0  0  1 -656.25       1    0.04
315  0  1  1  1  0  0  1  1  1  1  0  1  0  0  1  1  1  1  1  0  0  0  1  1  1  0  1  0  0  0  1  1  0  0  1  0  0  0  0  1  1  0  0  1  1  1  0  0  1  1 -656.25       1    0.08
347  0  1  1  1  0  0  1  0  1  1  0  1  1  0  1  1  1  0  0  0  0  0  0  1  1  1  0  0  1  0  1  1  1  1  1  0  1  0  0  1  1  1  0  1  1  0  0  1  1  1 -656.25       1    0.04
367  0  1  0  0  1  0  0  0  0  1  1  0  1  1  1  0  0  0  1  0  1  1  1  1  0  1  1  1  0  1  1  0  1  0  0  1  0  1  0  1  0  0  1  0  0  1  1  1  0  0 -656.25       1    0.06
477  0  1  1  1  0  0  1  1  0  1  0  1  0  1  1  1  1  0  0  0  0  0  1  1  0  1  1  1  0  0  1  1  0  0  1  0  1  1  0  1  1  1  0  1  0  0  0  0  1  1 -656.25       1    0.16
490  0  1  1  0  0  0  1  1  1  1  0  1  1  1  1  1  1  0  0  0  0  0  1  1  0  1  0  0  0  0  1  1  1  0  1  0  1  0  0  1  1  1  1  1  0  0  1  0  0  1 -656.25       1    0.14
165  0  0  0  1  1  1  0  1  0  0  1  0  1  0  0  1  1  0  1  1  0  1  1  0  1  1  0  0  0  0  0  1  1  0  1  0  0  0  0  0  1  0  1  1  1  1  0  1  1  0  -656.0       1    0.02
287  0  1  0  1  1  1  0  1  0  1  1  1  0  1  0  1  1  0  1  0  1  0  0  1  0  1  1  0  0  0  1  1  0  1  1  0  0  1  0  0  1  0  1  1  0  1  0  0  1  0  -656.0       1    0.04
435  0  1  1  1  0  0  1  1  0  1  0  1  0  1  1  1  1  0  0  0  0  0  1  1  1  1  1  0  0  0  1  1  0  0  1  0  0  1  0  1  1  1  0  0  0  1  0  0  1  1  -656.0       1     0.1
79   0  1  1  0  1  0  0  1  0  1  0  1  1  0  1  1  1  1  0  0  0  0  1  1  1  1  0  1  1  1  1  1  1  1  0  0  0  0  0  1  1  1  0  1  0  0  1  0  0  0 -655.25       1     0.0
175  0  1  1  1  0  1  1  1  1  1  0  0  1  0  1  1  1  1  0  0  0  1  1  0  1  1  0  0  1  1  1  0  0  0  1  0  0  1  0  1  0  1  1  0  0  1  0  0  0  1 -655.25       1    0.02
228  1  1  1  1  0  1  1  0  0  1  0  1  0  0  1  1  1  1  0  0  0  0  0  1  1  1  0  0  0  0  1  0  0  0  1  0  1  0  0  1  1  1  1  1  1  1  0  0  1  1 -655.25       1    0.06
273  0  1  1  1  0  0  0  1  0  1  1  1  0  0  1  1  1  1  0  0  0  0  1  1  1  1  0  1  1  0  1  0  0  0  1  0  0  1  0  1  1  1  0  1  0  1  0  0  1  1 -655.25       1    0.06
375  0  1  1  1  0  0  0  1  1  1  0  0  0  1  1  1  1  0  0  0  0  0  1  1  1  1  0  0  0  0  1  1  0  0  1  0  1  1  0  1  1  1  0  0  0  0  0  0  0  1 -655.25       1    0.08
140  0  1  1  1  1  0  1  0  0  1  1  1  0  1  1  1  1  0  0  0  0  0  0  1  0  1  0  0  0  0  1  1  0  0  1  0  1  1  0  1  1  1  0  1  1  1  0  0  0  1  -655.0       1    0.02
213  0  1  1  0  0  0  1  0  0  1  0  1  1  1  1  1  1  0  0  0  0  0  1  1  1  1  0  0  1  0  1  1  0  0  1  0  0  0  0  1  1  1  1  1  1  1  0  0  0  1  -655.0       1    0.04
286  0  1  1  1  0  0  1  1  1  1  0  1  0  1  1  1  1  0  0  0  0  0  0  1  1  1  1  1  1  0  1  0  0  0  1  0  0  1  0  1  1  1  0  1  0  1  0  0  1  1  -655.0       1     0.1
428  0  1  0  1  0  0  1  1  1  1  0  1  0  1  1  1  1  1  0  0  0  0  1  1  1  1  1  0  0  0  1  0  1  0  0  0  0  1  0  1  1  1  0  1  1  1  0  0  1  1  -655.0       1    0.08
432  0  1  1  0  0  0  1  0  0  1  0  1  0  0  1  1  1  1  0  0  0  0  1  1  1  1  0  0  0  0  1  1  0  0  1  0  1  1  0  1  1  1  1  1  1  1  0  0  0  1  -655.0       1     0.1
469  0  1  1  1  0  0  1  1  1  1  0  1  0  1  1  1  1  0  0  0  0  0  1  1  1  1  1  0  0  0  1  1  0  0  1  0  1  0  0  1  1  1  0  1  0  1  0  0  1  1  -655.0       1    0.18
470  0  1  1  1  0  0  1  1  1  1  0  1  0  1  1  1  1  0  0  0  0  0  1  1  0  1  0  1  1  0  1  0  0  1  1  0  1  1  0  1  1  1  0  1  1  0  0  0  0  1  -655.0       1    0.12
254  0  1  1  1  1  0  1  1  0  1  0  1  1  0  1  1  1  0  1  0  0  0  1  1  0  1  0  1  0  0  1  1  0  1  1  0  1  0  1  1  0  1  0  1  0  1  0  0  1  1 -654.25       1    0.06
270  0  1  1  1  1  0  0  1  0  1  0  1  0  0  1  1  1  1  0  0  0  0  0  1  1  1  0  0  0  1  1  0  0  0  1  0  1  1  0  1  1  1  1  0  0  1  1  0  1  1 -654.25       1    0.06
278  0  1  0  1  0  0  0  1  0  1  0  1  0  1  1  1  1  0  0  0  0  0  1  1  0  1  0  1  0  1  1  0  1  0  1  0  0  1  0  1  1  0  1  1  1  1  0  0  0  1 -654.25       1    0.04
337  0  1  1  0  0  0  1  1  0  1  0  1  1  0  1  1  1  0  0  0  1  0  0  1  1  1  1  1  0  0  1  1  1  0  1  0  1  0  0  1  1  0  0  1  1  1  0  0  0  1 -654.25       1    0.08
364  0  1  1  1  1  0  0  1  1  1  0  1  0  1  1  1  1  0  0  0  0  0  0  1  1  1  0  1  1  0  1  1  0  0  1  0  1  0  0  1  1  1  0  1  1  1  1  0  0  1 -654.25       1     0.1
396  0  1  1  1  0  0  1  1  1  1  1  1  0  1  1  1  1  1  0  0  0  0  0  1  1  0  0  0  0  0  1  1  1  0  1  0  0  0  0  1  1  1  0  1  1  1  0  0  0  1 -654.25       1     0.1
401  1  0  0  0  1  1  0  0  0  0  1  0  1  1  0  0  0  1  1  1  1  1  1  0  1  0  0  0  0  1  0  0  1  1  0  1  0  1  0  0  0  0  1  0  0  1  1  1  1  0 -654.25       1    0.16
412  0  1  1  1  0  0  1  1  1  1  1  1  0  0  1  1  1  1  0  0  0  0  1  1  1  0  0  1  1  0  1  0  0  0  1  0  1  0  1  1  1  1  0  0  0  1  0  0  0  1 -654.25       1    0.08
457  0  1  1  1  0  0  1  1  1  1  0  1  0  0  1  1  1  1  0  0  0  0  1  1  0  1  1  1  0  0  1  1  1  0  1  0  0  0  0  1  1  1  1  1  0  1  0  1  0  1 -654.25       1    0.14
465  0  1  1  1  0  0  1  1  0  1  0  0  1  1  1  0  1  0  0  0  0  0  1  1  0  1  0  0  1  1  1  1  1  0  1  0  0  0  0  1  1  1  0  1  1  1  0  0  1  1 -654.25       1     0.1
82   0  1  1  1  1  0  1  1  1  1  0  0  0  0  0  0  1  1  1  0  1  1  1  1  1  1  0  0  1  0  1  1  0  0  1  0  0  0  0  1  1  1  1  0  0  1  0  1  0  1  -654.0       1     0.0
331  0  1  1  1  0  0  1  1  1  1  0  1  1  0  1  1  1  0  0  0  0  0  1  1  1  1  1  0  0  0  1  0  1  0  0  0  0  1  0  1  1  1  1  1  0  1  0  0  1  1  -654.0       1    0.08
419  0  1  1  1  1  0  1  1  1  1  0  1  0  1  1  1  1  0  0  1  0  0  0  1  1  1  1  0  0  0  1  0  0  0  1  0  1  0  0  1  0  1  1  1  0  1  0  0  1  1  -654.0       1    0.12
442  0  1  1  1  0  0  0  1  1  1  0  1  0  1  1  1  1  1  1  0  0  0  0  1  1  1  0  0  0  0  1  1  0  0  1  0  1  1  0  1  1  1  0  1  0  1  0  0  0  0  -654.0       1    0.12
486  0  1  1  1  0  0  1  1  1  1  1  1  0  1  1  1  0  0  0  0  0  0  1  1  1  1  0  1  0  0  1  1  0  1  1  0  1  0  1  1  1  1  0  1  0  0  0  0  0  1  -654.0       1    0.14
149  0  1  0  1  0  0  1  1  1  1  0  1  0  0  1  1  1  0  0  0  0  1  1  0  1  1  0  0  0  0  1  1  1  0  1  0  1  0  1  1  1  0  1  1  0  1  0  0  1  1 -653.25       1    0.02
206  0  1  0  0  0  0  1  1  0  1  0  1  0  0  1  1  1  0  1  1  0  0  1  1  1  1  1  1  0  0  1  0  1  0  1  0  1  0  0  1  1  1  0  1  1  1  1  0  1  1 -653.25       1    0.04
362  0  1  1  1  0  0  1  1  0  1  1  0  0  0  1  1  1  0  0  0  1  0  1  1  0  1  1  0  1  0  1  1  1  0  1  0  1  1  0  1  1  1  1  0  0  1  0  0  1  1 -653.25       1    0.08
381  0  1  0  1  0  0  1  1  1  1  0  1  1  0  1  1  1  0  0  0  0  0  1  0  1  1  0  0  0  0  1  1  1  1  1  0  0  1  0  1  1  1  0  1  0  1  1  0  0  1 -653.25       1    0.08
400  1  1  1  1  0  0  1  1  0  1  0  0  0  1  1  1  1  1  0  0  1  0  1  1  1  1  0  0  1  0  1  0  0  0  1  0  1  0  0  1  1  1  0  1  1  1  0  0  1  1 -653.25       1    0.12
434  0  1  1  1  0  0  1  1  1  1  0  1  1  0  1  1  1  0  1  0  0  0  1  1  1  1  0  0  1  0  1  0  1  1  1  0  1  0  1  1  1  1  0  1  0  0  0  0  1  0 -653.25       1    0.12
264  0  1  1  0  0  0  1  1  1  1  0  1  0  0  1  1  1  0  0  0  0  0  0  1  1  1  1  1  0  0  1  1  0  0  1  0  1  1  0  1  1  1  0  1  0  1  0  0  0  1  -653.0       1    0.08
300  0  1  1  1  0  1  1  1  1  1  0  1  0  1  1  1  1  0  0  1  0  0  1  1  1  1  1  1  0  0  1  1  0  0  0  0  1  0  0  1  1  1  0  0  0  0  0  0  1  1  -653.0       1    0.06
317  0  1  1  1  0  0  1  1  1  1  0  1  0  1  1  1  0  0  0  0  0  0  0  1  1  1  1  0  1  0  1  1  0  1  0  0  0  1  0  1  1  0  0  1  1  1  0  0  0  1  -653.0       1    0.06
357  0  1  1  1  0  0  1  1  0  1  0  1  1  0  1  1  1  1  0  0  0  0  1  1  1  1  0  1  1  0  1  0  0  0  1  0  1  0  1  1  1  1  0  1  0  0  0  0  1  1  -653.0       1     0.1
418  0  1  1  1  0  0  0  1  1  1  0  0  0  0  1  1  1  0  1  0  0  1  1  1  1  1  0  0  0  0  1  1  0  0  1  0  1  0  0  1  1  1  1  1  1  1  0  0  1  1  -653.0       1    0.08
87   0  1  1  0  1  1  0  1  0  1  0  0  1  1  0  1  1  0  0  1  0  1  1  1  1  1  0  0  1  1  1  1  0  0  0  1  0  1  0  1  1  1  1  0  0  1  1  0  0  1 -652.25       1     0.0
461  0  1  1  1  0  0  1  1  1  1  0  1  0  1  1  1  1  0  0  0  0  0  1  1  1  1  1  1  0  0  1  1  0  0  1  0  1  0  0  1  1  1  0  1  0  1  0  0  1  1 -652.25       1    0.16
171  0  1  1  1  0  0  1  1  1  1  0  1  1  0  1  1  1  0  0  0  0  0  0  1  1  1  1  0  1  0  1  0  1  0  1  0  1  1  0  1  1  1  0  1  1  0  0  0  0  1  -652.0       1    0.06
425  0  1  1  1  0  1  1  1  1  1  0  1  0  0  1  1  1  0  0  0  0  0  1  1  1  1  1  1  0  0  1  0  1  0  1  0  0  0  1  1  1  1  0  1  1  1  0  0  1  1  -652.0       1    0.12
327  0  1  1  0  0  0  1  1  0  1  0  1  0  1  1  1  1  0  0  0  1  0  1  1  1  1  1  1  1  0  1  0  0  0  1  0  1  1  0  1  1  1  0  1  1  1  0  0  0  1 -651.25       1    0.08
368  0  1  1  0  0  0  1  1  0  1  0  1  1  0  1  1  1  1  0  0  0  0  1  1  1  1  0  1  0  0  1  1  1  0  1  1  1  1  0  1  1  1  1  0  1  0  0  1  0  0 -651.25       1    0.06
496  0  1  1  1  1  0  1  1  1  1  0  1  0  0  0  1  1  1  0  1  0  0  1  1  1  0  1  1  0  0  1  0  1  0  1  0  1  0  0  1  1  1  0  1  1  1  0  0  0  1 -651.25       1    0.16
288  0  1  1  1  0  1  1  1  1  1  0  1  0  1  1  1  1  0  0  0  0  0  1  1  1  1  0  1  0  0  1  1  0  0  1  0  1  0  0  1  1  0  1  1  0  0  1  0  0  1  -651.0       1    0.06
354  0  1  1  1  0  0  1  1  1  1  0  1  0  0  1  1  1  0  0  1  0  0  1  1  1  0  0  0  1  0  1  1  0  0  1  0  1  1  0  1  1  1  1  1  0  1  0  0  0  1  -651.0       1     0.1
393  0  1  1  1  0  0  1  1  0  1  0  1  0  1  1  1  0  1  0  0  0  0  0  1  1  1  0  0  1  0  1  1  0  0  1  0  1  0  0  1  1  1  0  1  1  1  0  0  0  1  -651.0       1     0.1
451  0  1  1  1  0  0  1  1  0  1  0  1  0  1  1  1  1  1  0  0  0  0  0  1  1  1  0  1  1  0  1  1  0  0  1  0  1  1  0  1  1  1  0  0  0  1  0  0  1  1  -651.0       1    0.14
93   0  0  0  1  0  0  1  1  0  1  1  1  1  1  1  1  1  1  1  0  0  0  1  1  1  0  0  0  1  1  1  0  1  0  0  0  0  1  0  1  1  0  1  1  0  0  0  0  1  1 -650.25       1     0.0
205  0  1  1  1  1  0  0  1  0  1  0  1  0  1  1  1  1  0  0  0  0  0  0  1  1  1  1  0  1  0  1  1  1  0  0  0  0  1  0  1  1  1  1  1  1  1  1  0  0  1 -650.25       1    0.02
296  0  1  1  0  1  0  1  0  1  1  0  1  1  0  1  1  1  0  1  0  0  0  1  1  1  1  1  0  0  0  1  0  1  0  1  0  1  1  0  1  1  1  0  1  1  0  0  0  1  1 -650.25       1    0.06
484  0  1  1  1  0  0  1  1  0  1  0  1  0  1  1  1  1  1  0  1  0  0  1  0  1  1  1  1  0  0  1  0  0  0  1  0  1  0  0  1  1  1  0  1  1  1  1  0  0  1 -650.25       1    0.14
260  0  1  1  1  0  0  1  0  1  1  0  1  1  1  1  1  1  1  0  0  1  0  0  1  1  1  0  1  0  0  1  0  0  0  1  0  1  1  1  1  1  1  0  1  0  0  0  0  0  1  -650.0       1    0.08
492  0  1  1  1  0  0  1  1  1  1  0  1  0  1  1  1  1  0  0  0  0  0  1  1  1  1  1  0  0  0  1  1  0  0  1  0  1  1  0  1  0  1  1  1  0  0  0  0  1  1  -650.0       1    0.16
99   0  1  0  0  1  0  0  0  0  1  0  1  1  1  1  1  1  1  1  1  0  0  1  1  1  0  1  0  0  1  1  1  1  0  0  0  0  1  0  1  0  1  1  1  1  0  0  0  0  1 -649.25       1     0.0
351  0  1  1  1  0  0  1  1  1  1  0  1  0  1  1  1  1  1  0  0  0  0  0  1  1  1  1  1  0  1  1  0  0  0  1  0  0  0  0  1  1  1  0  1  1  1  0  0  1  1 -649.25       1    0.12
479  0  1  1  1  0  0  1  1  1  1  0  1  0  0  1  1  1  1  1  1  0  0  1  0  1  1  0  0  1  0  1  0  1  0  1  0  1  0  0  1  1  1  0  1  1  1  0  0  0  1 -649.25       1    0.14
184  0  1  0  1  1  0  0  0  0  0  1  0  1  1  1  1  0  0  1  1  1  0  1  1  0  1  0  0  1  1  1  1  1  0  0  1  0  1  0  0  0  0  1  0  1  1  1  0  1  0  -649.0       1    0.02
299  0  1  1  1  1  0  0  1  0  1  0  0  0  0  1  1  1  1  1  0  0  1  0  1  1  1  1  0  1  1  1  0  1  1  1  1  1  0  0  1  1  0  0  0  0  1  0  0  0  1  -649.0       1    0.04
415  0  1  0  1  1  0  1  1  1  1  0  1  0  0  1  1  1  1  0  1  0  0  1  1  1  1  0  1  1  0  1  0  0  0  1  0  1  0  0  1  1  1  0  1  0  1  0  0  0  1  -649.0       1    0.12
102  0  1  0  0  0  0  0  1  0  1  0  0  1  1  1  1  1  0  0  0  0  1  1  1  1  0  1  1  0  1  1  1  1  0  0  1  1  1  0  1  0  1  1  1  0  1  0  0  1  0 -648.25       1     0.0
237  0  1  1  1  1  0  1  1  1  1  0  1  0  1  1  1  1  0  0  0  0  1  0  1  1  1  1  1  0  0  1  0  1  0  0  0  1  0  0  1  1  1  1  1  0  0  1  0  0  1 -648.25       1    0.04
478  0  1  1  1  0  0  1  1  0  1  0  1  0  1  1  1  1  1  0  0  0  0  1  0  0  1  1  1  1  0  1  0  1  0  1  0  0  1  0  1  1  1  1  1  0  1  1  0  0  1 -648.25       1    0.08
105  0  1  1  0  0  0  1  1  0  1  0  1  0  0  1  1  0  0  1  0  1  0  1  1  0  1  1  0  1  0  1  1  1  0  0  0  0  1  1  1  1  1  1  1  0  1  1  0  0  1  -648.0       1     0.0
211  0  1  0  1  0  0  0  1  0  1  1  1  0  0  1  1  1  0  0  0  1  1  1  0  1  0  0  0  1  0  1  1  1  1  1  0  1  0  1  1  1  1  0  1  1  1  0  0  0  1  -648.0       1    0.02
376  0  1  1  1  1  0  1  1  1  0  0  1  0  0  1  1  1  0  0  1  0  0  0  1  1  0  0  1  1  0  1  1  0  0  1  0  1  1  0  1  1  1  1  1  1  1  0  0  0  1 -647.25       1    0.08
444  0  1  1  0  1  0  1  1  0  1  1  1  0  1  1  1  1  1  0  0  0  0  0  1  1  1  1  1  0  0  1  1  0  0  1  0  1  0  0  0  1  1  0  1  1  1  1  0  0  1 -647.25       1    0.12
209  0  1  1  1  1  0  1  1  1  1  0  1  1  1  1  1  0  0  0  1  0  0  1  0  1  1  0  0  0  0  1  1  1  1  0  0  0  1  0  1  1  1  1  0  0  1  0  0  0  1  -647.0       1    0.02
361  0  1  0  1  1  0  1  1  1  1  1  1  0  1  1  0  1  0  0  0  0  1  1  1  1  1  1  0  0  0  1  1  0  0  0  0  1  0  0  1  1  0  0  1  0  1  0  1  1  1  -647.0       1    0.06
426  0  1  1  1  0  1  1  1  0  1  0  1  0  0  1  1  1  1  0  0  0  0  1  1  1  1  1  1  0  0  1  1  1  0  1  0  0  0  0  1  1  1  0  1  0  1  1  0  1  1  -647.0       1     0.1
429  0  1  0  1  0  0  1  1  0  1  0  1  0  1  1  1  1  0  0  0  0  0  1  1  1  0  1  0  0  0  1  1  0  0  1  0  1  1  1  1  1  1  0  1  1  1  0  0  1  1  -647.0       1     0.1
250  1  1  1  1  0  0  1  1  1  1  0  1  0  1  1  1  1  0  0  1  0  0  1  1  1  0  0  0  0  0  1  1  1  0  1  0  0  1  0  1  1  0  0  1  1  1  0  0  1  1 -646.25       1    0.04
476  0  1  1  1  0  0  1  1  1  1  0  1  1  1  1  1  1  0  0  0  0  0  1  1  1  1  1  1  0  0  1  0  0  0  1  0  1  0  0  1  1  1  0  1  1  1  0  0  0  1 -646.25       1    0.14
440  0  1  1  1  0  0  1  1  1  1  0  1  0  0  1  1  1  0  0  0  0  0  0  1  1  1  1  1  0  0  1  1  0  0  1  0  1  1  1  1  1  1  0  1  1  0  0  0  0  1  -646.0       1    0.14
497  0  1  1  1  0  0  1  1  1  1  0  1  0  1  1  1  1  1  0  0  0  0  1  1  1  1  1  0  0  0  1  0  0  0  0  0  1  0  0  1  1  1  1  1  1  1  0  0  0  1  -646.0       1    0.18
116  0  1  0  1  1  1  0  1  0  1  1  1  0  1  1  1  1  0  0  0  0  0  1  1  1  1  0  0  0  1  1  1  1  0  0  0  0  1  0  1  1  0  1  1  0  1  1  0  1  1 -645.25       1     0.0
330  0  1  1  1  1  0  1  1  1  1  1  1  0  1  0  1  1  1  1  0  1  0  0  1  1  1  0  0  0  0  1  0  0  0  1  0  1  1  0  1  1  1  0  0  1  1  0  0  0  1 -645.25       1    0.06
248  0  1  1  1  1  0  0  1  0  1  0  1  1  0  1  1  1  1  0  1  0  0  0  1  1  1  1  1  1  0  1  1  1  0  1  1  0  0  0  1  1  0  0  0  0  0  0  0  1  1  -645.0       1    0.04
121  0  1  1  0  0  0  1  1  1  1  0  1  1  0  1  1  1  0  0  0  0  0  1  1  0  1  0  1  0  0  1  1  1  1  1  0  0  1  0  1  1  1  1  0  1  1  0  0  1  1 -644.25       1     0.0
122  0  1  0  1  1  0  1  1  0  1  0  1  0  1  1  1  1  1  1  1  0  0  1  0  1  1  0  1  0  0  1  1  1  0  1  0  1  0  0  1  1  0  0  1  0  1  0  0  1  1 -644.25       1     0.0
236  1  1  1  1  0  0  0  1  0  1  0  1  0  0  1  1  1  0  0  0  0  0  0  1  0  1  1  0  0  0  1  1  1  1  1  1  0  1  0  1  1  1  1  1  1  1  0  1  0  1 -644.25       1    0.04
420  0  1  1  1  0  0  1  1  0  1  0  1  1  0  1  1  1  0  0  1  0  0  1  1  1  1  1  1  0  0  1  0  0  0  0  0  1  0  0  1  1  1  0  1  0  1  1  1  1  1 -644.25       1    0.12
448  0  1  1  1  0  0  1  1  0  1  1  1  0  1  1  1  1  1  0  0  0  0  1  1  0  1  1  0  1  0  1  1  0  0  1  0  1  0  0  1  1  1  0  1  0  1  0  0  1  1 -644.25       1    0.14
491  0  1  1  1  0  1  1  1  1  1  0  1  1  1  1  1  1  0  0  0  0  0  1  1  1  1  0  0  0  0  1  0  1  0  1  0  1  0  0  1  1  1  1  1  0  0  1  0  0  1 -644.25       1    0.16
452  0  1  0  1  0  1  1  1  1  1  0  1  0  1  1  1  1  1  0  1  0  0  1  1  0  1  0  1  0  0  1  0  1  0  1  1  0  0  0  1  1  1  0  1  1  1  0  1  0  1  -644.0       1    0.12
262  0  1  1  1  0  0  1  1  1  1  0  1  0  1  1  1  1  0  0  0  0  1  0  1  0  1  0  0  1  0  1  1  0  0  1  0  1  1  0  1  1  1  0  1  1  1  0  1  0  1 -642.25       1    0.04
365  0  1  1  1  0  0  1  1  0  1  0  1  0  1  1  1  1  0  1  0  0  1  1  1  1  1  1  0  1  0  1  0  0  0  1  0  1  0  0  1  1  1  0  1  1  0  0  0  1  1 -642.25       1     0.1
499  0  1  1  1  1  0  1  1  0  1  0  1  0  1  1  1  1  1  0  0  0  0  0  1  1  1  1  0  0  0  1  0  0  0  1  0  1  1  0  1  1  1  0  1  1  1  0  0  1  1 -642.25       1    0.18
466  0  1  1  1  0  0  1  1  1  1  1  1  0  1  1  1  1  0  0  0  0  0  0  1  1  1  0  1  1  0  1  1  1  0  1  0  1  0  0  1  1  1  0  0  1  1  0  0  1  1  -642.0       1    0.12
483  0  1  1  0  0  1  0  1  0  1  0  1  1  0  1  1  1  1  0  1  0  0  0  1  1  1  0  0  1  0  1  1  0  1  1  0  1  0  0  1  1  1  0  1  0  1  1  0  1  1 -640.25       1     0.1
446  0  1  1  1  0  0  1  1  1  1  0  1  0  0  1  1  1  1  0  0  0  0  1  1  1  1  1  0  1  0  1  1  1  0  1  0  1  0  0  1  1  1  0  1  0  1  0  0  1  1  -640.0       1    0.14
374  0  1  1  1  0  0  1  1  1  1  0  1  0  0  1  1  1  0  0  0  0  0  1  1  1  1  1  1  0  0  1  0  1  1  1  1  1  0  0  1  1  1  0  1  0  1  1  0  0  1  -638.0       1    0.08
431  0  1  1  1  1  0  1  1  1  1  0  1  1  1  1  1  1  0  0  0  0  1  0  1  1  1  1  1  1  0  1  0  0  0  1  0  1  0  0  1  1  1  0  1  0  1  0  0  1  0  -638.0       1    0.12
463  0  1  1  1  0  0  1  1  1  1  0  1  1  1  1  1  1  1  1  0  0  0  1  1  1  1  0  0  0  0  1  1  0  0  1  0  1  0  0  1  1  1  0  1  0  1  0  0  0  1 -637.25       1    0.14
488  0  1  1  1  0  0  1  1  0  1  0  1  0  0  1  1  1  1  1  0  0  0  1  1  1  1  1  0  0  0  1  1  0  0  1  0  1  0  1  1  1  1  1  0  1  0  0  0  1  1 -637.25       1    0.14
411  0  1  1  1  0  0  1  1  0  1  0  1  0  0  1  1  1  1  0  0  0  1  0  1  1  1  1  1  1  0  1  1  0  0  1  0  0  1  0  1  1  1  1  1  1  1  0  0  0  1  -634.0       1     0.1
485  0  1  1  1  0  0  1  1  1  1  0  1  1  0  1  1  1  0  0  0  0  0  1  1  1  0  1  1  1  0  1  1  1  0  1  0  1  0  0  1  1  1  0  1  1  1  0  0  1  1 -631.25       1    0.16
424  0  1  1  1  0  0  1  1  1  1  0  1  0  1  1  1  1  0  0  0  0  0  1  1  1  1  1  1  0  1  1  1  0  0  1  0  1  0  0  1  1  1  0  1  1  1  0  0  1  1 -628.25       1    0.12
['BINARY', 500 rows, 500 samples, 50 variables]Valid partition found with 97 cut edges
Solution:  [0, 1, 0, 1, 1, 1, 0, 1, 0, 1, 0, 1, 0, 0, 1, 1, 1, 1, 0, 0, 0, 1, 1, 0, 0, 0, 0, 0, 0, 1, 0, 1, 1, 1, 1, 0, 1, 1, 0, 0, 1, 0, 1, 0, 0, 0, 1, 1, 0, 1]