--------------- DW_2000Q_6 ---------------
    0  1  2  3  4  5  6  7  8  9 10 11 12 13 14 15 16 17 18 19 20 21 22 23 24 25 26 27 28 29 30 31 32 33 34 35 36 37 38 39  energy num_oc. chain_.
0    1  1  1  0  1  1  0  0  1  0  1  0  0  1  0  1  0  1  1  0  0  1  1  0  0  0  1  1  0  1  0  1  0  0  0  0  1  1  0  1  -340.0       1     0.0
1    0  0  0  0  0  0  1  1  1  1  0  1  1  1  1  1  1  0  0  0  1  0  0  1  1  0  1  1  1  1  0  0  1  1  0  1  0  0  0  0  -334.0       1     0.0
2    0  1  0  1  0  0  1  1  1  1  1  1  1  1  0  0  0  0  0  0  1  0  1  0  0  0  1  0  1  1  1  1  0  1  0  1  0  0  1  0  -334.0       1     0.0
3    1  1  1  1  1  1  0  0  0  0  1  0  1  1  0  1  0  1  0  0  0  1  1  1  0  1  1  0  0  1  0  1  0  0  0  0  1  1  0  1 -332.75       1     0.0
4    0  1  0  1  0  0  1  1  0  1  0  0  1  1  1  0  1  0  0  1  1  0  0  1  1  0  0  1  1  1  1  0  0  1  1  1  1  0  0  0 -332.75       1     0.0
5    0  1  0  1  0  1  0  1  0  1  1  0  1  1  0  0  0  1  0  0  1  1  0  0  0  0  1  1  0  1  1  0  0  1  1  1  1  1  0  1 -332.75       1     0.0
6    1  1  1  0  1  1  0  0  1  0  0  0  1  1  0  1  0  1  0  1  1  1  0  1  0  1  1  0  0  0  0  1  0  0  0  0  1  1  0  1  -332.0       1     0.0
7    1  1  0  0  0  0  1  1  1  0  1  1  1  1  0  0  0  0  0  0  1  0  1  0  1  0  1  0  1  1  1  0  0  1  0  1  0  0  0  0  -332.0       1     0.0
8    1  1  0  0  0  0  1  1  1  1  1  0  1  1  0  0  1  1  0  0  1  0  1  0  1  0  1  0  1  1  1  0  0  1  0  1  0  0  0  0  -332.0       1     0.0
196  1  1  1  0  0  1  0  1  0  0  1  0  1  1  0  1  0  1  1  0  0  1  1  1  0  0  1  1  0  0  0  1  0  1  0  0  1  1  0  0  -332.0       1   0.025
204  1  1  1  1  0  1  0  0  0  1  1  0  0  1  1  1  0  1  1  0  0  1  0  1  0  1  1  1  0  0  1  0  0  1  1  0  1  0  0  1  -332.0       1   0.025
9    1  1  0  1  1  1  0  0  0  0  1  0  1  1  0  1  1  1  1  0  0  0  0  1  0  1  1  0  0  1  0  1  0  1  0  0  1  1  0  1 -331.75       1     0.0
10   0  1  0  1  0  0  1  1  1  1  1  1  1  0  0  1  1  0  0  1  1  0  0  0  1  0  1  1  1  1  1  0  0  1  0  1  0  0  0  0 -331.75       1     0.0
11   0  1  0  1  0  1  0  0  1  0  1  0  1  1  0  0  0  1  0  0  1  0  1  0  0  0  1  0  1  0  1  1  0  0  1  0  1  1  1  0  -331.0       1     0.0
12   1  1  0  0  1  0  0  0  1  1  1  0  1  1  0  1  0  1  0  1  1  1  1  0  1  0  1  0  1  0  1  1  0  0  0  0  0  1  0  0  -331.0       1     0.0
13   1  1  0  1  0  1  0  0  1  0  1  1  1  1  0  0  0  1  0  0  1  1  1  0  0  0  1  0  1  0  1  1  0  0  0  0  0  1  1  1  -331.0       1     0.0
14   1  0  0  0  0  1  0  1  1  1  1  1  1  1  0  0  0  1  0  0  1  1  1  0  0  0  1  0  1  0  1  0  0  0  1  1  0  1  1  1 -330.75       1     0.0
15   1  1  0  1  0  1  0  1  1  0  1  1  0  1  0  1  0  1  0  0  0  1  1  1  0  0  1  1  0  1  0  1  0  0  0  0  1  1  0  1 -330.75       1     0.0
16   0  0  0  1  0  0  1  1  1  1  1  0  1  1  1  1  0  0  0  0  1  1  1  1  1  0  1  1  1  0  1  0  0  1  0  1  0  0  0  0 -330.75       1     0.0
17   0  1  1  0  1  0  1  1  0  1  0  0  0  0  1  0  1  1  1  1  0  0  0  1  1  0  0  1  0  0  1  0  1  0  1  0  0  0  1  0  -330.0       1     0.0
18   1  1  1  0  0  1  0  0  1  0  1  0  1  1  0  1  0  1  0  0  0  1  1  0  0  0  1  0  0  0  0  1  0  0  0  1  1  1  0  1  -330.0       1     0.0
19   1  1  1  0  1  1  0  0  0  0  0  0  0  1  0  1  0  1  1  0  0  1  1  1  0  1  1  1  0  0  0  1  1  0  0  0  1  0  0  0  -330.0       1     0.0
20   0  1  0  1  0  1  1  1  1  1  1  0  1  1  0  0  0  1  0  0  1  1  1  0  1  0  1  0  1  0  1  0  0  1  0  1  0  0  0  0  -330.0       1     0.0
281  1  1  0  1  0  1  0  0  1  0  1  0  1  1  0  0  0  1  0  0  1  1  1  0  0  0  1  0  1  1  0  0  0  1  1  0  1  1  0  1  -330.0       1   0.025
352  0  0  0  1  0  1  0  0  1  1  1  1  1  1  0  0  0  1  0  0  1  0  0  0  0  0  1  1  1  1  1  0  0  1  1  1  1  1  0  0  -330.0       1   0.025
21   1  1  1  0  1  1  0  0  1  0  0  0  0  1  0  1  0  1  1  0  0  0  0  1  0  0  1  0  0  1  0  1  1  0  0  0  1  1  1  1 -329.75       1     0.0
22   1  0  0  1  1  1  0  1  0  0  1  0  0  1  1  0  0  1  1  0  0  1  1  0  0  0  1  0  1  0  1  0  0  0  1  0  1  1  0  1 -329.75       1     0.0
23   1  0  0  0  0  1  0  0  1  0  1  1  1  0  0  0  0  1  1  0  0  1  1  0  0  0  1  0  1  0  1  0  0  1  1  1  1  1  0  1 -329.75       1     0.0
24   0  1  0  0  0  1  1  0  1  0  1  1  1  1  0  0  1  1  1  0  1  0  0  1  0  0  1  1  1  0  0  0  0  1  1  0  1  0  0  0 -329.75       1     0.0
25   1  1  0  1  0  0  0  1  1  0  1  1  1  1  0  1  0  1  0  0  1  0  1  0  0  0  1  1  1  1  0  0  0  1  0  0  1  1  0  1 -329.75       1     0.0
26   0  0  0  1  0  0  1  0  1  1  0  1  1  0  0  1  1  0  0  1  1  0  0  0  0  1  0  1  1  1  1  0  1  1  1  1  0  0  1  0  -329.0       1     0.0
27   0  0  1  1  1  0  1  0  1  1  0  0  1  0  1  0  1  0  0  1  1  0  0  0  1  1  0  0  1  0  1  0  1  0  1  1  1  0  1  0  -329.0       1     0.0
28   1  1  1  0  1  1  0  0  1  0  1  1  1  1  0  1  0  1  0  0  0  0  1  0  0  0  1  0  0  0  0  1  0  1  0  0  1  1  0  0  -329.0       1     0.0
29   0  1  0  0  0  0  1  1  1  1  1  1  1  1  0  0  1  1  1  0  1  1  1  0  0  0  0  1  0  1  0  0  0  1  0  0  1  1  0  0  -329.0       1     0.0
274  0  1  1  0  0  1  0  0  1  0  1  0  1  1  1  1  0  1  1  0  0  1  0  1  0  1  1  1  0  0  0  1  1  0  1  0  1  0  0  0  -329.0       1   0.025
30   0  1  0  0  0  0  1  1  1  1  0  0  1  1  0  0  0  0  0  0  1  0  1  0  1  0  1  1  1  1  1  1  1  1  0  1  0  0  0  0 -328.75       1     0.0
31   1  1  0  0  1  1  0  0  1  1  1  1  1  1  0  0  0  1  1  0  0  0  1  0  0  0  1  1  0  1  0  1  0  1  0  0  1  1  1  0 -328.75       1     0.0
32   0  1  0  1  0  0  1  1  0  1  0  1  0  1  1  0  1  0  0  0  1  0  0  1  0  0  1  1  1  1  1  0  1  1  0  1  0  0  0  0 -328.75       1     0.0
33   1  1  0  1  0  1  0  0  1  0  1  0  1  1  0  1  0  1  1  0  0  1  1  1  0  0  1  0  1  0  0  1  0  1  0  0  1  1  1  0 -328.75       1     0.0
34   0  1  0  1  0  1  1  1  1  0  0  1  1  1  1  1  1  0  0  1  1  0  0  1  1  0  1  0  1  1  0  0  0  1  0  1  0  0  0  0 -328.75       1     0.0
216  0  0  1  0  0  0  1  1  1  1  1  0  1  0  1  1  0  1  0  1  1  1  0  0  1  0  1  1  0  0  1  1  1  0  0  1  0  0  1  0 -328.75       1   0.025
253  0  0  0  1  0  0  1  1  1  1  1  1  0  1  1  0  1  0  0  0  1  0  1  0  1  0  0  0  1  1  1  0  0  1  0  1  1  0  1  1 -328.75       1   0.025
35   1  0  1  1  0  1  0  0  0  0  1  0  1  1  1  1  0  1  0  0  0  1  1  0  0  1  1  1  0  1  0  1  0  1  1  0  1  1  0  1  -328.0       1     0.0
36   0  1  0  1  0  0  1  1  1  1  0  1  1  1  0  0  1  0  0  1  1  0  0  0  0  0  1  1  1  1  1  0  0  1  0  0  0  0  0  0  -328.0       1     0.0
37   1  0  0  1  1  1  0  0  1  0  1  0  1  1  0  1  0  0  0  0  0  0  1  0  0  1  1  0  1  0  1  1  0  1  0  0  1  1  1  1  -328.0       1     0.0
38   0  0  1  0  1  1  1  1  1  1  0  0  1  0  1  1  0  0  0  0  1  0  1  1  1  0  1  0  1  0  0  1  1  0  0  1  0  0  1  0  -328.0       1     0.0
269  0  1  1  0  0  0  0  1  1  0  1  0  1  1  1  1  0  1  1  0  1  1  1  1  1  0  1  0  0  0  0  1  1  0  0  1  0  0  0  0  -328.0       1   0.025
488  0  1  1  0  0  0  1  1  1  1  0  0  1  1  0  1  1  0  0  0  1  0  1  1  1  0  1  0  0  0  0  1  1  0  0  1  0  0  0  0  -328.0       1   0.025
39   0  1  0  1  0  1  1  1  1  1  1  0  1  1  0  1  0  1  0  0  1  1  0  0  1  0  1  1  0  0  1  1  0  1  0  1  0  0  0  0 -327.75       1     0.0
40   0  1  1  1  0  1  0  0  1  0  1  0  1  1  0  1  0  1  0  0  0  1  1  0  0  0  1  0  0  0  1  1  0  0  1  0  1  0  1  1 -327.75       1     0.0
41   1  1  0  1  0  1  0  0  1  0  0  0  1  1  0  1  0  1  0  0  1  1  0  1  0  0  1  1  0  1  1  1  0  0  1  0  1  1  0  1 -327.75       1     0.0
42   1  0  1  1  1  1  0  0  1  0  0  0  0  1  1  1  0  1  1  0  0  1  1  1  0  1  1  0  0  0  1  1  0  0  0  0  1  1  1  0 -327.75       1     0.0
43   1  1  0  1  0  1  0  1  0  0  1  0  0  1  1  1  0  1  0  0  0  1  0  1  0  1  1  1  1  0  1  0  0  1  1  0  1  0  1  0 -327.75       1     0.0
44   1  0  0  0  1  0  1  0  1  0  1  1  1  1  0  0  1  1  1  0  0  0  1  0  0  0  1  0  0  0  1  1  0  0  1  0  1  1  1  0 -327.75       1     0.0
45   1  1  0  0  1  0  0  1  1  0  0  0  1  1  0  0  1  1  0  0  0  1  1  0  0  0  1  1  1  1  0  1  0  1  0  0  0  1  0  0  -327.0       1     0.0
46   1  0  1  0  0  1  0  0  1  0  1  0  1  1  0  1  0  1  1  0  0  1  1  0  0  0  1  1  1  0  0  1  0  0  1  0  1  1  1  0  -327.0       1     0.0
47   1  1  0  0  0  0  1  1  1  0  0  0  1  1  0  0  1  1  0  0  1  0  1  1  1  0  1  1  1  1  0  0  0  1  0  1  0  0  0  1  -327.0       1     0.0
437  1  0  1  1  1  1  0  0  1  0  0  0  1  1  0  1  0  1  0  0  0  1  1  0  0  1  1  0  1  0  0  1  1  0  0  1  0  0  1  1  -327.0       1    0.05
48   0  1  0  1  0  0  0  0  1  0  1  0  1  1  0  1  0  1  0  0  1  1  1  0  0  0  1  1  1  0  0  1  0  0  1  1  0  1  0  1 -326.75       1     0.0
49   1  0  0  1  1  1  0  0  0  0  1  0  0  1  1  1  0  1  1  1  0  1  1  1  0  0  1  0  1  1  0  1  0  1  0  0  1  0  0  1 -326.75       1     0.0
50   0  1  0  1  0  0  1  0  1  1  1  1  1  1  0  0  1  0  0  1  1  0  0  1  0  0  1  0  1  1  1  0  0  1  0  1  1  0  1  0 -326.75       1     0.0
51   1  1  0  0  1  1  0  0  1  1  1  0  1  1  0  1  0  1  0  1  1  0  1  0  1  0  1  0  0  1  1  1  0  0  0  0  0  1  0  1 -326.75       1     0.0
52   0  0  0  1  0  0  1  1  1  0  1  1  1  1  0  1  0  0  0  0  1  1  0  0  1  1  1  0  1  0  1  1  0  1  0  0  0  0  1  0 -326.75       1     0.0
53   0  1  1  0  0  1  0  1  0  0  0  0  0  1  1  1  0  1  1  0  0  1  0  1  1  1  1  1  0  0  0  1  1  0  1  0  1  0  1  1 -326.75       1     0.0
54   0  1  0  0  0  0  1  1  1  1  1  1  1  1  0  0  1  1  0  0  1  0  0  0  1  1  1  0  1  1  1  0  0  1  1  1  0  0  0  0 -326.75       1     0.0
380  1  1  1  0  1  1  0  0  0  0  0  0  0  1  1  1  0  1  1  0  0  1  1  1  1  0  1  0  0  0  0  1  1  0  0  0  1  1  1  1 -326.75       1   0.025
55   0  1  1  0  1  0  0  1  1  0  0  0  0  1  0  0  0  1  1  0  1  0  1  1  1  0  1  1  1  1  0  1  0  0  0  0  1  1  0  1  -326.0       1     0.0
56   1  0  0  1  0  0  0  0  1  0  1  1  1  1  0  1  0  0  0  1  1  0  1  0  0  0  1  0  1  1  1  1  0  0  0  1  1  1  0  1  -326.0       1     0.0
57   1  1  0  1  0  1  0  0  1  1  1  0  1  1  0  0  0  1  0  0  0  1  0  0  0  0  1  1  1  0  0  1  1  1  1  0  1  1  0  0  -326.0       1     0.0
58   1  1  0  0  1  1  0  0  0  1  0  0  0  1  1  1  1  1  0  0  0  1  0  1  0  1  0  1  0  1  0  1  1  1  0  0  1  1  0  0  -326.0       1     0.0
59   1  1  0  0  1  1  0  1  0  0  0  0  0  1  0  1  0  1  1  0  1  1  1  1  0  0  1  1  0  1  0  1  1  0  0  0  1  1  0  0  -326.0       1     0.0
60   1  1  0  0  1  1  0  1  0  0  0  0  0  1  0  1  0  1  1  0  0  1  1  1  1  0  1  1  0  1  0  1  1  0  0  0  1  1  0  0  -326.0       1     0.0
61   0  0  0  1  1  1  0  1  0  0  0  0  0  1  1  1  0  1  0  0  0  1  1  1  0  1  1  1  0  1  0  1  1  0  1  1  1  1  0  1  -326.0       1     0.0
62   1  1  0  0  1  1  0  0  1  1  0  0  0  1  0  0  0  1  1  0  0  1  1  1  0  0  1  1  1  1  0  0  0  0  0  1  1  1  0  1  -326.0       1     0.0
63   1  1  0  1  1  1  0  0  0  0  0  0  0  1  1  1  0  1  1  0  0  1  1  1  0  1  1  0  0  0  0  1  1  1  0  0  1  0  1  0  -326.0       1     0.0
64   1  0  0  0  1  1  0  0  1  1  1  1  0  1  0  1  0  1  1  0  0  1  1  0  0  0  0  0  1  1  0  1  0  1  0  0  1  1  1  0  -326.0       1     0.0
65   1  0  0  1  1  1  0  0  0  1  0  0  0  1  0  0  0  1  1  0  0  1  1  0  0  1  1  1  1  0  0  1  1  0  0  0  1  1  1  1  -326.0       1     0.0
66   1  1  1  0  1  1  0  0  1  1  0  0  0  1  0  1  0  1  1  1  0  0  1  1  0  0  1  0  1  0  0  1  1  0  0  0  0  1  1  0  -326.0       1     0.0
67   0  1  0  0  0  0  0  1  1  0  0  0  1  1  0  1  1  1  0  0  1  1  0  1  0  1  1  1  1  1  0  0  1  0  1  1  0  0  0  1  -326.0       1     0.0
297  1  1  0  0  1  1  0  1  0  0  1  0  1  1  1  1  0  1  1  0  0  1  1  1  0  0  1  1  0  0  0  1  0  0  1  0  1  1  0  1  -326.0       1   0.025
388  0  1  0  1  1  1  0  0  1  0  1  1  1  1  0  1  0  1  0  0  1  0  0  0  0  0  1  1  1  0  0  1  0  0  1  0  1  1  0  1  -326.0       1   0.025
471  1  1  0  0  1  0  1  1  1  0  1  0  1  1  0  1  0  0  0  0  1  0  1  1  1  0  1  0  1  1  1  0  0  0  0  1  0  1  0  0  -326.0       1    0.05
68   0  1  0  0  0  0  0  1  1  0  0  0  1  1  0  0  1  1  0  0  1  1  1  0  0  0  1  1  1  1  0  1  0  0  1  0  1  1  0  1 -325.75       1     0.0
69   1  0  0  0  1  1  1  1  1  0  1  0  1  1  0  1  0  1  0  0  0  1  1  0  0  0  1  0  0  0  0  1  1  0  0  0  1  1  0  1 -325.75       1     0.0
70   0  1  0  1  0  1  1  1  1  1  1  1  1  1  0  0  1  0  1  0  1  1  1  0  0  0  1  1  1  0  0  0  0  1  0  1  0  0  0  0 -325.75       1     0.0
71   1  1  0  0  1  1  0  1  0  0  0  0  0  1  0  1  0  1  1  0  0  1  1  1  0  0  1  1  1  1  0  1  1  0  1  0  1  1  0  0 -325.75       1     0.0
72   0  1  1  1  1  1  0  0  1  0  1  0  1  1  0  1  0  1  0  0  0  0  1  0  0  0  1  0  0  0  0  1  1  0  1  0  1  1  1  0 -325.75       1     0.0
73   1  0  1  1  1  1  0  0  1  1  1  0  0  0  1  1  0  1  1  0  0  1  1  0  1  0  0  0  0  0  0  1  0  1  0  0  1  1  1  1 -325.75       1     0.0
74   1  1  0  1  0  1  0  0  0  1  0  0  0  1  1  1  0  1  1  0  0  1  0  1  0  1  1  1  0  0  1  0  1  1  1  0  1  0  1  0 -325.75       1     0.0
75   1  0  1  1  1  1  1  0  0  0  0  0  0  1  1  0  0  1  0  1  0  1  1  0  0  1  1  0  1  0  1  1  1  0  0  1  0  0  1  1 -325.75       1     0.0
260  1  0  0  1  0  1  0  0  1  1  1  0  1  1  0  1  0  0  0  0  1  1  1  1  1  0  1  0  1  0  1  1  1  0  0  1  0  1  0  0 -325.75       1   0.025
76   0  0  0  1  0  1  0  1  1  0  1  0  1  1  0  1  1  1  0  0  1  1  1  0  1  1  1  1  0  0  0  1  0  1  0  0  0  0  0  1  -325.0       1     0.0
77   1  1  0  0  1  1  0  0  1  0  1  0  0  1  0  0  1  1  0  0  0  1  1  0  0  0  1  0  0  1  0  1  1  1  0  0  1  1  0  0  -325.0       1     0.0
78   0  0  1  1  0  1  0  0  1  0  1  0  1  1  1  1  0  0  0  0  1  0  1  1  1  1  1  0  0  0  1  1  0  0  1  1  0  0  0  1  -325.0       1     0.0
79   1  0  0  0  1  1  0  0  1  0  1  0  1  1  0  0  0  1  0  0  0  0  1  0  0  0  1  0  1  0  1  1  0  1  1  1  1  1  1  1  -325.0       1     0.0
80   1  0  0  1  0  1  1  0  0  0  1  1  1  1  0  1  1  0  0  0  1  0  0  1  0  1  1  0  1  1  1  0  0  1  1  0  1  0  0  0  -325.0       1     0.0
81   0  1  1  1  1  1  0  0  1  0  1  0  1  1  0  1  1  1  1  0  0  0  1  0  0  0  1  1  1  0  0  1  0  0  1  0  1  1  1  0  -325.0       1     0.0
82   0  1  0  0  0  0  1  1  1  1  0  0  1  1  1  1  1  1  1  0  1  0  0  1  1  0  1  0  0  0  0  1  1  1  0  0  0  0  1  0  -325.0       1     0.0
83   0  1  0  0  0  1  1  1  0  1  0  0  1  0  1  0  1  1  0  1  1  0  0  1  1  0  1  1  0  0  1  0  1  0  1  1  0  1  0  0  -325.0       1     0.0
84   1  1  0  0  1  1  0  1  1  1  1  1  1  1  0  0  0  1  1  0  1  0  1  0  0  0  1  1  1  0  0  0  0  1  0  0  1  0  1  0 -324.75       1     0.0
85   1  0  0  1  0  1  1  0  1  1  1  1  1  0  0  0  0  1  1  0  0  1  1  0  0  1  0  0  0  0  1  0  0  1  0  0  1  1  1  0 -324.75       1     0.0
86   1  0  0  1  0  1  0  0  1  0  1  1  0  1  0  0  0  1  0  0  1  1  1  0  0  0  1  0  0  1  1  1  0  0  0  1  1  1  1  0 -324.75       1     0.0
87   1  1  0  1  0  1  0  0  1  1  1  0  1  1  0  1  0  1  0  0  1  1  0  0  0  1  1  1  0  1  1  0  0  0  0  0  1  1  0  1 -324.75       1     0.0
88   0  1  0  1  0  1  1  1  1  1  1  0  0  1  0  1  1  0  0  1  1  0  0  1  1  0  1  1  0  1  1  0  1  0  0  1  0  0  0  0 -324.75       1     0.0
89   0  1  0  1  0  0  1  1  0  1  0  0  0  1  1  0  1  1  0  0  1  0  0  1  1  0  1  1  1  1  1  0  1  0  1  1  0  1  0  0 -324.75       1     0.0
90   0  1  0  1  0  1  0  1  1  0  1  1  1  1  0  0  1  0  0  0  1  0  0  1  0  0  1  1  1  1  1  0  0  0  1  1  0  0  0  0 -324.75       1     0.0
91   1  0  0  1  1  1  0  1  0  0  1  0  0  1  1  1  0  1  1  0  0  1  1  1  1  1  0  1  0  0  0  0  0  0  1  1  1  0  0  1 -324.75       1     0.0
317  1  0  1  1  0  1  0  1  0  0  1  0  0  1  1  1  0  0  1  0  0  1  1  1  0  1  0  1  0  0  0  1  1  0  1  0  1  0  1  1 -324.75       1   0.025
351  1  0  1  0  1  1  0  0  0  1  0  0  0  1  0  1  0  1  0  0  0  1  1  0  0  0  1  1  1  1  0  1  1  0  1  1  1  1  0  1 -324.75       1   0.025
357  1  0  1  1  1  1  0  0  0  1  0  0  0  0  1  1  0  1  1  0  0  1  1  0  0  0  1  0  0  1  1  1  1  0  0  0  1  1  1  1 -324.75       1   0.025
92   0  1  1  0  0  1  0  0  0  0  0  0  1  1  0  1  1  1  0  1  1  1  0  1  0  1  1  1  0  1  0  1  1  0  1  0  1  0  0  0  -324.0       1     0.0
93   1  0  0  0  0  1  0  1  1  1  1  0  0  0  0  0  0  1  0  0  1  1  1  0  0  0  1  1  1  0  1  0  0  0  0  1  1  1  0  1  -324.0       1     0.0
94   0  1  0  1  1  0  0  0  1  1  1  0  1  1  0  1  0  0  0  1  1  0  1  1  1  0  1  0  1  1  1  1  0  0  0  0  0  1  0  0  -324.0       1     0.0
95   1  0  0  1  0  1  1  0  0  0  1  1  1  1  0  0  0  0  0  0  1  1  1  0  1  1  1  0  1  0  1  1  0  1  0  0  0  0  0  0  -324.0       1     0.0
96   0  1  1  1  0  1  0  1  0  0  1  0  1  1  0  1  0  1  0  0  1  1  0  1  0  0  1  1  1  1  0  0  1  0  1  1  0  0  0  0  -324.0       1     0.0
97   0  0  1  1  0  1  0  1  1  0  1  0  1  1  0  1  0  1  0  0  1  1  1  0  1  0  1  0  1  0  0  1  0  1  0  1  0  0  1  0  -324.0       1     0.0
98   1  1  0  1  0  0  0  1  1  0  1  0  1  1  0  1  0  1  0  0  1  1  0  0  0  0  1  1  1  1  1  0  0  1  0  1  1  0  0  0  -324.0       1     0.0
99   1  1  1  0  1  1  0  0  0  1  1  0  0  1  0  0  0  1  1  0  0  1  1  0  0  1  1  1  1  0  0  1  0  0  1  0  1  0  1  0  -324.0       1     0.0
100  0  1  0  1  0  0  1  1  0  0  0  0  1  1  0  1  0  1  0  1  1  0  0  1  1  0  1  1  1  1  0  0  1  1  0  1  1  0  0  0  -324.0       1     0.0
311  1  1  1  0  1  1  0  0  0  1  0  0  0  1  1  1  0  1  1  0  0  1  0  1  0  0  1  1  0  1  0  1  1  0  1  0  1  0  0  0  -324.0       1   0.025
425  1  1  0  1  0  1  0  1  1  0  1  0  1  1  0  1  0  1  0  0  0  1  0  1  0  0  1  0  0  1  0  1  0  1  0  1  1  1  0  0  -324.0       1   0.025
101  1  1  1  0  1  0  0  1  1  0  0  0  1  0  0  0  1  1  0  0  1  0  1  0  0  0  1  1  1  1  0  1  0  1  0  0  0  1  0  1 -323.75       1     0.0
102  1  0  0  1  0  1  0  0  0  0  0  1  1  1  0  0  0  0  0  0  1  0  0  1  0  0  1  1  1  1  1  0  0  1  1  1  1  0  1  1 -323.75       1     0.0
103  1  0  1  1  0  1  1  1  0  0  0  0  0  1  1  1  0  0  1  0  0  1  1  1  1  1  0  1  1  1  0  0  1  1  0  1  1  0  0  1 -323.75       1     0.0
104  0  0  0  1  0  0  1  1  1  1  0  0  1  1  1  0  1  0  0  1  1  0  0  1  1  1  1  0  0  1  1  0  0  1  0  1  0  0  1  1 -323.75       1     0.0
105  1  1  1  0  0  1  0  1  0  0  1  0  0  1  1  1  0  1  1  0  0  1  1  1  0  0  1  1  0  0  0  0  1  0  1  1  1  0  0  1 -323.75       1     0.0
106  0  1  0  0  0  0  1  1  1  1  1  1  1  1  0  1  0  0  0  0  1  0  1  1  1  0  1  0  1  1  1  0  0  0  0  1  0  1  0  1 -323.75       1     0.0
107  0  0  1  1  1  0  1  0  1  0  1  1  1  0  0  1  0  0  0  1  1  0  1  0  0  0  1  0  1  0  0  1  0  1  0  1  0  0  1  1 -323.75       1     0.0
108  0  1  0  1  0  1  0  1  0  1  0  0  0  1  1  1  0  0  0  0  1  0  0  1  1  1  1  1  1  1  1  0  1  1  0  1  1  0  0  0 -323.75       1     0.0
342  0  1  0  1  0  1  1  1  1  0  0  1  1  1  0  1  1  0  0  0  1  0  1  0  0  0  1  0  1  1  1  0  0  1  0  1  0  0  0  0 -323.75       1   0.025
371  0  1  1  1  0  1  0  1  0  0  1  0  0  1  1  1  0  1  0  0  0  1  0  1  1  1  1  0  0  0  1  1  1  0  1  0  1  0  1  0 -323.75       1   0.025
396  0  1  0  1  0  1  1  1  0  0  1  0  1  1  0  1  0  0  0  0  1  1  0  1  0  0  0  1  1  1  0  0  0  1  1  1  1  0  0  0 -323.75       1   0.025
109  0  1  0  0  0  0  1  1  1  1  1  1  1  0  0  0  0  1  0  0  1  0  1  0  0  0  1  0  1  1  1  0  0  1  1  1  0  0  0  0  -323.0       1     0.0
110  0  1  1  0  0  1  0  1  0  0  0  0  0  1  1  1  1  1  0  0  0  1  0  1  1  1  1  0  0  0  1  1  1  0  1  1  1  0  0  0  -323.0       1     0.0
111  1  1  0  1  1  1  0  0  0  1  1  0  0  1  1  1  0  1  1  0  0  1  0  1  0  0  1  0  0  0  1  1  1  0  0  0  1  0  1  0  -323.0       1     0.0
112  0  1  0  0  0  1  0  0  1  0  1  0  1  1  0  1  1  1  1  0  1  1  1  1  1  0  1  1  0  0  0  1  1  0  0  1  0  0  0  0  -323.0       1     0.0
113  1  1  0  0  0  1  1  1  1  1  1  1  1  1  0  0  0  1  0  0  1  1  1  0  1  0  1  0  1  1  1  0  0  1  0  0  0  0  0  1  -323.0       1     0.0
114  1  1  0  0  0  1  1  1  1  1  1  0  1  1  1  1  0  1  0  0  1  1  0  0  1  0  1  0  0  0  1  0  1  0  0  1  0  0  0  0  -323.0       1     0.0
115  1  1  0  0  1  1  1  1  0  0  0  1  1  1  1  1  0  1  1  0  1  1  0  0  0  1  1  1  0  0  0  0  0  1  0  0  0  0  0  1  -323.0       1     0.0
116  1  1  1  0  1  1  0  0  0  1  1  1  0  0  1  1  0  1  1  0  0  1  1  0  0  0  1  0  0  0  0  1  1  0  1  0  1  0  1  0  -323.0       1     0.0
312  0  1  0  1  0  1  0  1  1  0  0  0  1  1  0  1  1  1  0  0  0  1  1  0  1  1  1  0  0  0  0  1  0  1  0  0  1  1  0  1  -323.0       1   0.025
329  1  1  0  1  0  1  0  0  0  0  1  0  0  1  0  1  0  1  1  0  0  1  1  1  1  1  1  0  0  0  0  1  1  0  0  0  1  0  1  1  -323.0       1   0.025
343  0  1  1  1  0  1  0  1  0  0  1  0  0  1  1  1  0  1  1  0  0  1  1  1  1  1  0  0  0  0  0  1  0  1  0  0  1  0  1  0  -323.0       1   0.025
403  0  1  1  1  0  0  1  1  1  1  1  1  1  0  0  0  0  0  0  0  1  1  1  0  0  0  1  1  1  0  0  0  0  1  1  1  0  0  0  1  -323.0       1   0.025
117  1  1  0  1  1  1  0  0  1  1  1  0  0  1  0  1  0  1  1  0  0  1  1  0  1  0  1  0  0  1  0  1  0  1  0  0  1  1  0  0 -322.75       1     0.0
118  1  1  0  0  1  0  1  0  1  0  1  1  1  1  0  1  0  1  1  0  0  0  1  0  1  1  1  0  0  0  0  1  0  0  0  0  1  1  0  0 -322.75       1     0.0
119  1  0  0  0  1  1  0  0  1  1  0  0  0  1  0  1  0  0  0  1  1  1  1  1  1  0  1  0  1  1  0  1  1  0  0  1  1  1  0  0 -322.75       1     0.0
120  0  1  0  1  0  1  0  1  1  1  1  0  1  1  0  0  1  1  0  0  1  1  1  0  0  0  1  1  1  0  1  0  0  1  0  0  0  0  0  0 -322.75       1     0.0
121  1  0  0  1  1  1  0  0  0  0  0  0  0  1  1  0  0  1  1  0  0  0  1  1  0  0  1  1  1  1  1  0  0  0  0  0  1  1  1  1 -322.75       1     0.0
122  1  0  0  1  0  1  0  1  0  0  1  0  0  1  1  0  0  1  0  0  0  1  1  0  0  1  1  1  1  0  0  1  1  0  1  0  1  1  1  1 -322.75       1     0.0
123  1  1  0  0  0  0  1  1  1  0  0  1  1  1  0  0  1  0  0  0  1  0  1  0  1  0  0  0  1  1  0  0  1  1  0  1  0  0  0  0 -322.75       1     0.0
124  0  1  0  1  0  1  1  0  0  1  0  0  1  1  0  1  0  0  0  0  1  1  0  1  0  0  1  1  0  1  1  1  1  1  0  1  0  0  0  0 -322.75       1     0.0
125  1  1  0  1  0  1  0  1  1  0  1  1  1  0  0  0  0  1  0  0  1  0  0  1  0  0  1  0  1  1  0  0  0  0  1  1  1  1  0  0 -322.75       1     0.0
126  1  0  0  1  0  1  0  1  0  1  1  0  1  1  1  0  0  1  0  0  1  1  0  1  1  1  0  1  0  0  1  0  0  1  1  0  1  1  0  0 -322.75       1     0.0
127  1  1  0  0  1  0  0  0  1  0  1  1  1  1  0  0  1  1  0  1  1  0  1  0  0  0  1  0  1  1  0  1  0  1  0  0  0  0  1  0 -322.75       1     0.0
128  1  1  0  1  0  1  0  1  0  0  1  0  1  1  0  1  0  1  1  0  0  1  0  1  0  0  1  1  0  1  1  0  0  1  0  1  1  1  0  0 -322.75       1     0.0
361  1  0  0  0  1  0  1  1  1  1  0  0  0  1  1  1  0  1  1  0  0  1  1  0  0  0  1  1  1  0  0  1  1  0  0  1  0  0  1  1 -322.75       1   0.025
387  0  1  0  1  0  0  1  0  1  1  0  0  1  1  0  0  1  1  0  1  1  0  0  0  1  1  1  0  1  1  1  0  0  1  0  0  0  0  1  0 -322.75       1   0.025
413  0  1  0  1  0  1  1  1  0  1  1  0  0  1  1  1  0  0  0  0  0  1  0  1  1  1  1  1  0  0  1  0  1  1  0  1  1  0  0  0 -322.75       1   0.025
129  0  0  1  1  0  1  1  0  1  0  0  1  1  1  1  1  0  0  0  1  1  0  0  1  0  0  1  1  1  0  1  0  1  0  1  1  0  0  1  1  -322.0       1     0.0
130  1  1  1  0  1  0  1  0  1  1  0  0  1  0  0  0  1  1  1  0  0  0  1  0  0  0  1  0  1  0  0  0  1  1  0  0  1  0  1  0  -322.0       1     0.0
131  0  0  0  1  0  1  1  1  1  1  1  1  1  0  0  0  0  0  0  0  1  1  1  0  0  0  1  0  1  0  1  0  0  1  0  0  0  0  1  1  -322.0       1     0.0
132  1  1  1  0  0  1  0  1  0  0  0  0  0  1  0  1  1  1  1  0  1  1  0  1  0  0  1  1  0  1  0  1  1  1  0  0  1  1  0  1  -322.0       1     0.0
133  1  0  0  0  1  0  1  1  1  0  1  1  0  1  0  1  0  1  0  1  1  0  0  0  0  0  1  1  1  1  1  0  0  0  0  1  0  1  0  1  -322.0       1     0.0
134  0  1  0  1  0  0  1  1  0  0  0  0  1  1  0  0  1  0  0  0  1  1  0  0  1  0  1  1  1  1  1  0  1  0  0  1  0  0  0  1  -322.0       1     0.0
135  1  0  1  0  1  1  1  0  1  0  1  1  1  0  0  0  1  0  0  1  1  0  1  0  0  0  1  0  1  1  0  1  0  1  0  0  1  1  0  0  -322.0       1     0.0
136  1  1  0  0  1  0  1  0  1  0  1  0  1  1  0  1  0  1  0  0  0  1  1  1  0  0  1  1  1  0  0  1  0  0  0  0  1  1  0  1  -322.0       1     0.0
137  1  1  0  1  1  1  0  1  0  0  0  0  0  0  1  1  0  1  1  0  0  1  1  0  0  0  1  1  1  0  0  0  1  0  1  1  1  0  0  1  -322.0       1     0.0
138  0  1  0  1  0  1  0  1  0  0  0  1  1  0  0  0  1  0  0  0  1  0  0  1  0  0  1  1  1  1  1  0  0  1  1  1  0  1  0  0  -322.0       1     0.0
139  1  1  0  0  0  1  0  1  1  1  1  0  1  1  0  1  0  1  0  0  1  1  1  0  1  0  1  0  1  0  1  0  1  0  0  1  0  0  0  0  -322.0       1     0.0
140  1  1  1  1  1  0  0  1  1  0  0  0  1  1  0  1  0  1  0  1  0  0  0  0  0  0  1  0  1  1  0  1  0  0  0  0  0  0  1  1  -322.0       1     0.0
141  0  1  0  1  0  0  0  1  0  1  0  1  0  1  1  0  1  1  1  0  1  1  0  1  1  1  0  1  0  1  0  0  0  0  0  1  1  0  0  1  -322.0       1     0.0
142  1  1  0  0  0  1  0  1  0  1  0  0  0  1  0  1  0  1  0  0  1  1  0  1  1  0  1  1  0  1  0  0  1  0  1  1  1  0  0  1  -322.0       1     0.0
143  1  0  0  1  0  0  1  1  1  1  1  0  1  0  0  0  1  0  0  1  1  0  0  0  1  0  1  0  1  1  1  0  0  1  0  1  0  1  0  1  -322.0       1     0.0
144  0  1  1  0  0  1  0  1  1  1  1  0  1  0  1  1  0  1  0  0  1  1  0  1  0  0  1  0  0  0  1  0  1  1  1  1  0  0  0  0  -322.0       1     0.0
358  1  0  0  1  0  1  0  0  1  0  1  1  1  1  0  0  0  0  0  0  1  0  0  0  0  1  0  1  1  1  1  1  0  1  0  1  1  1  0  1  -322.0       1   0.025
414  0  1  1  1  0  0  0  1  1  1  0  0  1  1  0  1  0  0  0  1  1  1  1  0  1  0  1  0  1  1  1  1  1  0  0  1  0  0  1  0  -322.0       1   0.025
419  0  0  0  1  0  1  1  1  1  1  0  0  0  1  1  0  1  0  0  0  1  0  0  0  1  1  1  0  1  1  1  0  0  1  0  1  1  0  1  0  -322.0       1   0.025
145  0  0  1  0  0  1  1  0  1  1  0  0  1  0  1  1  0  0  0  0  1  1  0  0  1  0  1  1  0  0  1  1  1  0  1  1  0  0  1  0 -321.75       1     0.0
146  1  1  0  1  0  1  0  1  0  0  0  0  0  1  0  0  1  1  1  0  0  1  1  1  1  0  1  0  1  1  0  0  0  1  0  1  1  0  0  0 -321.75       1     0.0
147  1  1  0  1  1  1  0  1  0  0  1  0  1  1  1  1  1  1  1  0  0  1  0  0  0  1  1  0  0  0  1  0  0  1  0  0  1  1  0  0 -321.75       1     0.0
148  0  1  0  0  0  0  1  1  1  1  1  1  1  1  0  1  1  0  0  0  1  0  0  1  0  1  1  0  0  0  1  0  0  1  1  0  1  0  0  0 -321.75       1     0.0
149  0  0  0  1  0  1  0  1  1  0  1  1  1  1  0  0  0  1  0  0  1  1  0  0  0  0  1  0  0  0  1  1  0  1  1  1  0  0  1  1 -321.75       1     0.0
150  0  1  1  0  1  1  0  0  1  1  1  0  1  1  0  0  0  1  0  0  0  0  0  1  0  0  1  0  0  0  1  1  1  0  1  1  1  0  1  0 -321.75       1     0.0
151  1  0  1  0  1  1  0  0  0  1  0  0  0  1  1  1  0  1  0  0  0  1  0  1  0  1  0  0  0  1  0  1  1  0  1  0  1  1  1  0 -321.75       1     0.0
152  1  1  0  1  1  1  0  1  0  0  1  0  0  1  0  1  0  1  1  0  0  0  1  1  0  1  1  1  1  0  0  0  0  0  0  1  1  1  0  1 -321.75       1     0.0
153  0  1  0  0  0  0  0  1  0  1  1  0  1  0  1  0  1  1  1  0  0  1  1  1  1  0  0  1  0  1  0  0  0  1  1  1  1  1  0  1 -321.75       1     0.0
315  1  0  1  0  1  1  0  0  0  0  1  0  1  0  1  1  0  1  1  0  0  0  0  1  0  1  1  0  0  0  0  1  1  0  1  1  1  0  1  0 -321.75       1   0.025
412  0  1  0  0  0  0  1  0  1  0  1  1  1  1  0  0  1  0  1  0  1  0  1  1  0  0  1  0  1  1  1  1  0  1  0  0  1  0  0  0 -321.75       1   0.025
416  0  0  0  1  0  1  1  0  1  0  1  0  1  1  0  1  0  1  0  0  1  0  0  1  1  1  1  0  0  0  1  1  0  1  1  0  1  0  0  0 -321.75       1   0.025
154  0  0  0  1  1  1  0  0  1  1  1  0  1  0  0  0  0  1  0  0  1  1  1  0  0  0  1  1  1  0  0  0  0  1  1  1  1  0  1  1  -321.0       1     0.0
155  0  1  0  1  0  0  1  0  1  0  1  1  1  1  0  0  1  0  0  0  1  0  1  0  0  1  1  1  1  1  1  0  0  1  0  0  1  0  1  0  -321.0       1     0.0
156  0  1  0  1  0  1  0  1  0  0  1  0  1  0  0  0  1  1  0  0  1  0  1  0  0  0  1  1  1  1  1  0  0  1  1  1  1  0  0  1  -321.0       1     0.0
157  1  1  1  0  1  1  0  0  1  1  0  0  0  1  0  1  0  0  1  0  1  0  1  1  0  0  1  0  1  1  0  1  1  0  0  0  1  0  1  0  -321.0       1     0.0
158  1  1  1  0  0  1  0  1  1  1  1  1  1  1  0  0  0  1  1  0  1  0  1  0  1  0  1  0  1  1  0  0  0  0  0  1  0  0  0  0  -321.0       1     0.0
159  1  1  1  0  1  1  0  1  0  0  0  0  0  0  1  1  0  1  1  0  0  1  0  1  0  0  0  1  0  0  0  0  1  0  1  1  1  1  0  0  -321.0       1     0.0
160  0  0  0  1  0  0  1  1  0  0  1  0  1  1  1  0  0  1  0  0  1  1  0  1  1  1  1  1  0  0  1  0  1  1  1  1  0  0  0  0  -321.0       1     0.0
161  0  1  0  1  0  0  0  1  0  1  1  0  1  1  0  0  1  1  0  0  0  1  0  1  1  0  1  0  0  1  1  0  1  1  1  1  1  0  0  0  -321.0       1     0.0
162  1  0  0  1  1  1  0  1  0  0  0  0  0  1  0  1  0  1  0  0  0  1  1  1  0  1  1  1  1  1  0  1  0  0  0  1  1  0  0  0 -320.75       1     0.0
163  0  1  0  1  0  1  1  0  1  1  1  0  1  1  0  0  1  1  1  1  1  0  0  1  0  0  1  0  1  0  1  0  0  0  1  1  0  0  1  0 -320.75       1     0.0
164  1  1  1  0  1  1  0  0  1  0  0  0  1  0  0  1  0  1  0  0  0  1  1  0  0  0  1  0  0  1  0  1  1  1  1  0  1  1  0  0 -320.75       1     0.0
165  1  1  1  0  0  1  0  0  1  1  1  0  1  1  0  1  0  1  1  0  0  1  1  0  0  1  1  0  0  0  0  1  1  1  0  0  1  0  1  0 -320.75       1     0.0
166  1  1  1  0  1  0  0  0  1  0  1  0  1  0  0  1  0  1  1  0  1  1  1  0  0  0  1  0  1  1  0  0  0  0  0  0  1  1  0  1 -320.75       1     0.0
167  0  1  1  0  0  1  1  1  0  0  0  0  1  1  1  1  0  0  0  0  1  0  0  1  1  1  1  1  1  0  0  0  1  1  1  1  1  0  0  0 -320.75       1     0.0
168  1  1  0  0  0  1  0  1  0  1  1  0  0  1  1  0  1  1  0  0  1  1  0  1  1  0  1  0  0  1  1  0  1  0  1  1  1  0  0  0 -320.75       1     0.0
169  0  1  0  0  0  0  1  1  0  1  1  1  1  0  0  0  1  0  1  1  1  0  1  1  1  0  1  1  1  0  0  0  1  1  0  1  1  0  0  0 -320.75       1     0.0
170  0  1  0  1  1  0  0  1  0  1  0  0  0  1  1  1  0  1  0  1  0  1  0  1  0  0  1  1  0  1  0  0  1  1  1  1  1  0  0  1 -320.75       1     0.0
171  1  1  0  0  1  0  0  1  1  1  1  1  1  1  0  1  0  0  0  1  1  0  0  1  0  0  1  0  1  1  0  0  1  1  0  0  0  0  0  0 -320.75       1     0.0
172  0  0  0  1  0  1  0  1  1  0  1  1  1  0  0  0  0  0  0  0  1  1  0  1  0  0  1  1  1  1  1  0  0  1  1  1  1  0  0  0 -320.75       1     0.0
350  0  1  0  1  0  0  1  1  1  0  1  1  1  1  0  0  0  1  0  0  0  1  1  0  0  0  1  1  1  0  1  0  0  0  1  1  0  1  0  0 -320.75       1   0.025
365  0  0  1  1  0  1  0  0  0  1  0  0  1  1  1  0  0  1  0  0  1  1  0  1  1  1  1  0  0  0  1  1  1  1  1  1  0  0  1  0 -320.75       1   0.025
389  1  0  0  0  0  1  1  0  1  1  0  1  1  1  0  0  1  0  0  1  1  0  1  0  0  1  1  0  1  1  1  0  0  1  0  1  0  0  0  0 -320.75       1   0.025
402  0  1  0  1  0  0  1  1  1  0  0  0  1  1  1  1  1  1  0  0  1  0  0  1  0  1  1  1  0  1  0  0  0  1  0  1  0  0  0  0 -320.75       1   0.025
434  1  1  0  1  1  1  0  1  1  1  1  0  0  1  0  1  0  1  1  0  0  1  1  1  0  0  1  0  0  0  0  1  0  0  0  0  1  0  0  0 -320.75       1   0.025
494  1  1  1  1  1  0  0  0  0  1  1  0  0  1  0  1  0  1  1  0  0  1  1  0  0  0  1  1  1  1  0  1  1  0  0  0  1  0  1  0 -320.75       1   0.075
173  0  0  0  0  0  1  1  1  1  1  1  0  1  1  0  1  0  1  0  1  1  0  0  0  1  0  1  1  1  1  1  1  0  1  0  0  0  0  0  0  -320.0       1     0.0
174  0  1  0  1  0  0  0  1  0  1  1  0  1  1  0  1  0  1  0  0  1  1  1  1  0  0  1  1  1  1  1  1  0  1  0  0  0  0  0  0  -320.0       1     0.0
175  0  1  0  1  0  1  0  1  1  0  1  0  1  1  1  1  0  1  0  0  1  0  1  0  1  0  1  0  0  0  1  1  0  0  1  1  0  0  0  1  -320.0       1     0.0
176  1  1  0  0  0  0  1  1  1  0  0  0  0  1  1  1  1  1  0  0  1  1  0  1  0  0  1  1  1  1  1  0  1  0  0  1  0  0  0  0  -320.0       1     0.0
177  1  1  1  0  1  1  0  0  1  1  0  0  0  1  1  1  0  0  1  0  0  0  1  1  1  1  1  0  0  0  0  1  1  0  0  0  1  0  1  0  -320.0       1     0.0
178  1  0  0  1  0  1  0  0  0  0  1  0  1  0  1  1  0  1  1  0  0  1  1  1  1  1  0  0  0  0  0  1  1  1  1  0  1  0  1  0  -320.0       1     0.0
179  1  0  0  1  1  1  1  1  0  0  0  1  0  0  1  0  0  1  1  0  0  1  1  0  0  1  1  1  0  0  1  0  0  1  1  0  1  1  0  0  -320.0       1     0.0
180  0  1  0  0  0  0  0  1  1  0  1  0  1  1  0  1  1  0  0  1  1  0  0  1  0  0  1  0  1  1  1  0  0  0  1  1  0  1  0  0  -320.0       1     0.0
181  0  0  0  1  0  0  1  1  0  0  0  1  1  0  1  1  0  0  0  0  1  1  0  1  1  1  1  0  1  0  1  0  1  1  1  1  1  0  0  0  -320.0       1     0.0
182  0  1  0  1  0  1  1  1  0  0  0  0  0  1  1  1  0  1  0  0  0  1  0  1  1  0  1  1  0  1  1  0  1  0  1  1  1  0  0  0  -320.0       1     0.0
392  1  1  1  0  1  0  1  0  1  0  0  1  1  1  0  1  1  1  0  1  1  0  0  0  0  0  1  0  0  1  1  1  0  1  0  0  0  1  0  0  -320.0       1   0.025
183  0  1  1  0  0  0  1  1  1  0  0  0  1  0  0  1  1  1  0  0  1  0  1  1  1  1  1  1  0  0  0  1  0  0  0  1  0  0  0  1 -319.75       1     0.0
184  0  1  1  0  0  1  0  0  0  1  0  0  1  0  1  1  0  0  0  0  1  1  0  1  1  1  1  1  0  0  1  1  1  0  1  1  1  0  0  1 -319.75       1     0.0
185  0  0  0  1  1  0  1  1  0  1  1  0  1  1  1  1  1  1  1  1  0  1  1  0  1  0  0  0  0  0  0  1  1  1  0  0  0  0  1  0 -319.75       1     0.0
186  0  1  0  1  0  0  0  1  0  1  1  0  1  1  0  1  1  1  0  0  1  1  0  0  1  0  1  1  1  1  0  1  0  1  1  1  0  0  0  0 -319.75       1     0.0
187  0  1  0  0  1  0  1  0  1  1  0  1  1  0  0  0  0  0  1  0  1  0  1  1  0  0  1  0  1  0  1  0  0  0  1  0  1  0  1  0 -319.75       1     0.0
188  1  1  0  1  0  0  1  1  1  0  0  1  1  1  0  0  1  1  0  0  1  1  1  0  1  0  1  1  1  1  0  0  0  0  0  1  0  1  0  0 -319.75       1     0.0
189  0  0  0  1  0  1  1  0  1  1  0  1  0  0  1  1  1  0  0  1  1  1  0  1  1  1  1  0  0  1  1  0  1  0  1  1  0  0  0  0 -319.75       1     0.0
190  0  1  0  0  1  0  1  0  1  0  0  1  0  1  0  0  0  0  1  0  1  0  1  1  1  1  1  0  1  1  0  1  0  0  0  1  1  0  1  0 -319.75       1     0.0
191  0  1  0  1  0  0  1  1  1  0  1  0  1  0  0  0  1  0  1  0  1  0  1  1  1  0  1  0  1  0  1  0  0  0  0  1  0  0  0  0 -319.75       1     0.0
192  0  1  0  1  0  0  0  0  1  1  0  1  1  0  0  0  0  1  0  1  1  0  1  1  0  0  1  0  1  0  1  0  0  0  1  1  0  0  1  0 -319.75       1     0.0
193  0  0  0  1  0  1  0  1  0  1  0  0  0  0  1  1  0  1  0  0  1  1  1  1  0  0  1  1  0  1  0  0  1  1  0  1  1  0  0  1 -319.75       1     0.0
194  0  0  0  1  0  1  1  1  0  1  0  0  1  0  1  1  0  1  0  0  1  1  0  1  1  1  1  1  0  0  1  0  1  1  0  1  1  0  0  0 -319.75       1     0.0
195  0  1  0  1  0  0  1  1  0  1  0  0  1  0  1  1  0  1  0  1  0  1  0  1  0  0  1  1  1  1  0  0  1  1  1  1  1  0  0  0 -319.75       1     0.0
379  0  1  1  0  0  1  0  0  1  0  1  0  1  0  0  0  0  1  0  0  1  0  0  0  0  0  1  1  1  0  1  1  0  0  1  1  0  1  1  0 -319.75       1   0.025
197  0  0  1  1  0  1  0  0  1  0  0  0  1  1  1  1  1  1  0  0  1  1  1  0  0  1  1  0  0  0  0  1  0  0  1  0  1  1  0  1  -319.0       1     0.0
198  1  1  1  1  1  1  0  0  0  1  0  0  0  0  1  0  0  0  1  1  0  0  0  1  1  1  1  0  0  1  1  0  1  0  1  0  1  0  1  0  -319.0       1     0.0
199  1  0  0  1  0  1  0  0  1  0  0  0  0  1  1  1  0  1  1  0  0  1  0  1  1  1  1  0  0  0  0  1  1  0  1  0  1  0  1  1  -319.0       1     0.0
200  0  0  0  1  0  1  1  0  1  1  0  0  1  1  1  1  0  1  0  0  1  1  0  0  0  1  1  1  0  0  1  0  0  1  0  1  1  0  0  1  -319.0       1     0.0
201  1  0  1  1  1  0  1  0  0  0  1  0  0  1  1  1  0  1  1  0  0  1  1  0  1  1  0  1  1  0  0  1  1  1  1  0  1  0  0  0  -319.0       1     0.0
202  1  0  0  1  0  0  1  0  1  1  1  1  1  0  0  0  0  0  0  1  1  0  1  0  0  0  1  1  1  1  1  0  0  0  0  1  0  1  0  0  -319.0       1     0.0
203  1  1  0  0  1  0  0  0  1  1  0  0  1  1  0  0  0  1  0  0  0  0  0  1  0  0  1  0  1  1  1  1  1  0  0  0  1  1  1  0  -319.0       1     0.0
370  1  1  0  0  1  0  0  0  1  0  1  0  1  0  0  1  0  1  1  0  0  1  1  1  0  0  1  1  0  0  0  1  0  0  1  1  1  1  1  0  -319.0       1   0.025
415  0  1  0  1  1  0  0  1  0  1  1  0  0  1  1  1  0  1  1  0  0  1  0  1  1  0  0  1  1  1  1  0  0  1  0  0  1  0  0  0  -319.0       1   0.025
479  0  1  0  1  0  0  1  1  1  0  0  1  1  1  1  0  1  1  0  0  1  1  0  0  1  1  1  0  0  1  1  0  0  1  0  1  0  0  0  0  -319.0       1    0.05
205  0  0  1  1  1  1  1  0  1  1  0  0  1  1  1  1  0  0  0  1  1  0  0  0  1  0  1  1  1  1  1  1  1  0  0  1  0  0  0  1 -318.75       1     0.0
206  0  1  0  0  1  1  0  0  1  0  1  0  1  1  0  0  0  1  0  0  1  0  0  1  0  1  1  1  1  0  1  0  0  0  1  0  1  1  1  0 -318.75       1     0.0
207  1  1  0  0  1  1  1  0  1  1  1  0  1  1  0  1  0  1  0  1  0  0  1  0  0  0  1  0  1  1  1  1  0  0  0  0  1  1  0  0 -318.75       1     0.0
208  1  1  1  1  0  1  0  0  1  0  0  0  0  1  1  1  0  1  1  0  0  1  1  1  0  1  1  1  1  0  0  1  0  1  0  1  0  0  0  0 -318.75       1     0.0
209  1  0  1  0  1  1  1  0  1  1  1  1  1  0  0  0  0  0  0  0  0  0  1  0  0  0  1  0  0  0  1  0  1  1  1  0  1  1  1  0 -318.75       1     0.0
210  1  0  0  1  0  1  0  1  0  0  0  0  1  1  0  1  0  1  0  0  1  1  0  1  1  1  1  1  1  0  1  1  1  0  1  1  0  0  0  0 -318.75       1     0.0
211  1  1  0  0  0  0  0  1  0  0  1  0  1  1  0  0  1  1  1  0  0  1  0  1  1  0  1  1  0  0  1  1  1  1  1  0  1  1  0  0 -318.75       1     0.0
212  1  1  1  0  1  1  1  1  1  0  0  0  1  0  1  1  0  0  1  1  1  0  1  1  1  0  0  0  1  0  0  0  1  0  0  1  0  0  0  1 -318.75       1     0.0
213  1  1  0  1  1  1  0  0  1  1  1  0  1  1  0  0  0  1  0  0  1  1  0  0  1  0  1  0  1  1  1  0  0  1  1  0  0  1  0  0 -318.75       1     0.0
214  0  1  0  1  0  0  0  1  1  1  1  0  1  1  0  1  1  1  0  0  1  1  0  1  1  0  1  1  0  1  0  1  1  0  0  1  0  1  0  1 -318.75       1     0.0
215  1  0  0  1  1  1  1  0  1  0  1  1  1  0  0  0  1  0  0  1  1  0  1  0  0  0  1  0  1  1  1  0  0  1  0  0  0  1  0  0 -318.75       1     0.0
356  0  1  0  1  0  1  1  1  1  1  0  1  1  1  1  0  1  0  0  0  1  0  0  0  0  1  1  1  1  0  1  0  1  1  0  1  0  0  0  0 -318.75       1   0.025
432  0  1  0  1  0  1  0  1  1  1  1  0  1  1  0  1  1  0  0  1  1  0  0  1  0  0  1  0  1  1  0  0  0  1  0  1  1  0  0  1 -318.75       1   0.025
217  0  0  0  1  0  0  0  1  1  1  1  1  1  0  0  1  0  1  0  0  1  1  1  0  0  0  1  0  1  0  1  1  0  1  1  0  0  1  0  1  -318.0       1     0.0
218  1  1  0  1  0  0  0  1  1  0  0  0  0  1  0  1  0  1  0  0  0  1  1  0  1  0  1  1  1  1  0  0  0  1  0  0  1  1  1  1  -318.0       1     0.0
219  1  1  1  0  1  1  1  1  1  1  0  0  0  1  0  1  0  0  1  0  1  0  1  1  1  0  1  0  1  0  0  0  1  0  0  1  0  0  0  0  -318.0       1     0.0
220  1  1  1  1  0  1  0  0  0  1  1  0  1  0  1  1  0  1  1  0  0  1  0  1  0  0  1  0  0  0  1  0  0  0  1  1  1  0  1  0  -318.0       1     0.0
221  1  1  0  0  1  0  0  1  1  1  0  1  1  1  0  0  0  1  0  1  1  1  0  0  1  0  1  1  0  1  1  1  0  0  0  1  0  1  0  1  -318.0       1     0.0
222  1  0  1  0  1  1  0  0  0  1  1  0  0  1  1  1  0  1  1  0  0  1  0  1  0  0  0  1  0  1  1  1  1  0  1  1  1  1  0  0  -318.0       1     0.0
223  0  0  0  1  1  0  1  1  0  0  0  0  1  1  1  0  1  0  0  1  1  0  1  0  1  0  0  0  1  1  1  1  1  1  0  0  1  0  1  0  -318.0       1     0.0
224  0  1  0  1  0  1  1  1  0  0  0  0  0  1  0  1  0  1  0  0  0  1  1  1  0  0  1  1  1  1  0  1  1  0  1  1  1  0  0  0  -318.0       1     0.0
225  1  1  0  1  0  1  0  1  0  1  1  0  0  1  0  1  0  1  1  0  1  1  1  1  1  0  1  0  1  1  0  0  0  1  0  1  0  0  0  1  -318.0       1     0.0
226  1  0  1  1  0  1  0  0  1  1  0  1  0  0  1  0  0  0  0  0  1  0  0  0  0  1  1  1  1  0  1  0  0  1  1  0  1  1  1  1  -318.0       1     0.0
227  1  1  1  1  1  1  0  0  0  1  1  0  0  1  1  1  0  0  1  0  0  0  1  1  1  1  1  0  0  0  0  1  1  0  0  0  0  0  1  0  -318.0       1     0.0
228  0  0  1  0  0  1  1  0  1  0  1  1  1  0  0  0  0  0  0  0  1  1  1  0  1  1  1  0  1  0  1  0  1  0  1  1  0  0  1  1  -318.0       1     0.0
229  1  0  0  1  0  1  0  0  1  0  0  0  1  1  1  1  0  1  0  0  0  1  1  1  0  1  1  0  1  0  1  1  0  0  1  1  0  1  0  0  -318.0       1     0.0
230  0  1  0  1  0  1  1  0  1  0  1  0  1  1  0  0  0  0  0  0  1  1  1  1  1  0  1  0  1  1  0  1  0  0  0  1  1  0  1  0  -318.0       1     0.0
231  1  1  1  1  1  0  1  1  1  0  0  0  1  1  0  1  0  1  0  1  0  1  1  0  1  1  1  0  1  0  0  1  0  1  0  0  0  0  1  0  -318.0       1     0.0
405  0  1  0  0  0  1  0  1  0  1  0  0  1  1  0  1  0  1  1  1  1  1  0  1  1  0  1  1  1  1  0  0  1  0  0  1  0  0  0  0  -318.0       1   0.025
455  0  0  1  0  0  0  1  1  1  1  1  1  1  0  0  0  1  0  0  1  1  0  1  0  0  0  0  1  0  1  1  0  0  1  0  1  0  1  0  0  -318.0       1    0.05
486  1  1  1  0  1  1  0  0  1  0  0  0  0  1  0  0  0  1  1  0  1  0  1  1  1  0  1  1  1  0  0  1  1  0  0  0  1  0  1  0  -318.0       1   0.075
232  1  1  0  1  1  1  0  0  0  1  1  0  0  1  1  0  0  1  1  0  0  1  1  1  1  0  1  0  0  0  0  0  0  1  0  0  1  0  1  0 -317.75       1     0.0
233  1  0  0  0  1  1  0  0  1  1  0  1  1  1  0  1  0  1  0  1  1  0  0  0  1  1  1  0  0  1  0  1  0  1  0  0  1  1  0  1 -317.75       1     0.0
234  1  1  1  0  1  0  0  1  0  1  1  1  0  0  0  0  0  0  0  1  1  0  1  0  0  0  1  0  1  1  1  0  1  0  0  1  0  0  1  1 -317.75       1     0.0
235  1  1  1  0  1  0  0  0  1  1  1  1  1  1  0  1  0  0  1  1  0  0  0  0  0  0  1  0  0  1  1  1  0  1  0  0  0  1  0  0 -317.75       1     0.0
236  0  0  0  1  0  1  0  1  1  1  1  0  1  1  0  1  0  1  0  1  1  1  0  1  0  0  1  0  1  0  1  0  0  1  0  1  0  0  1  1 -317.75       1     0.0
237  1  0  0  1  0  0  1  1  1  1  0  1  1  0  0  0  0  0  1  0  0  0  1  0  0  0  1  1  1  1  1  0  0  1  0  1  1  0  0  1 -317.75       1     0.0
238  0  1  0  0  0  0  0  1  1  1  0  1  1  0  0  0  1  1  0  0  1  1  1  0  0  0  1  1  1  1  0  0  1  0  0  1  1  1  0  0 -317.75       1     0.0
239  0  0  0  1  0  1  0  1  0  0  1  0  1  1  0  1  0  0  0  0  1  1  0  1  1  1  1  0  0  1  1  0  1  1  1  1  1  1  0  0 -317.75       1     0.0
240  1  1  0  0  0  1  0  1  1  1  0  0  1  1  0  0  0  1  0  0  1  0  0  1  0  0  1  0  1  1  1  0  1  0  1  1  0  0  0  1 -317.75       1     0.0
241  1  1  1  0  1  1  1  0  1  0  1  0  1  1  1  1  0  1  0  0  0  1  1  1  1  0  1  0  0  0  0  1  0  0  0  1  0  0  1  0 -317.75       1     0.0
242  0  0  0  1  0  1  0  0  0  1  1  0  0  1  0  1  0  1  1  0  1  1  1  1  1  0  1  1  0  1  0  0  1  0  0  1  1  1  0  1 -317.75       1     0.0
243  0  1  0  1  0  0  0  1  1  1  1  1  1  1  0  0  1  1  0  1  1  0  0  1  0  0  0  0  0  0  1  0  0  0  1  1  0  1  0  1 -317.75       1     0.0
404  0  1  0  1  0  0  1  0  1  0  1  0  1  0  0  0  1  1  0  0  1  0  1  1  0  0  1  0  1  0  1  0  0  0  1  1  1  1  1  0 -317.75       1   0.025
426  1  1  1  1  1  0  0  1  0  0  1  0  0  1  1  1  0  1  1  0  0  0  1  1  1  0  1  0  1  1  0  1  0  0  0  0  1  0  0  1 -317.75       1   0.025
433  1  0  0  0  0  0  1  1  0  0  1  0  1  1  0  1  1  1  0  0  1  1  1  1  1  0  1  1  1  1  0  1  1  0  0  1  0  0  0  0 -317.75       1   0.025
440  0  1  0  1  0  1  0  1  0  1  0  0  0  1  1  1  0  1  1  0  0  1  0  1  0  0  0  1  1  1  0  0  1  1  1  1  1  0  1  0 -317.75       1   0.025
446  0  1  0  1  0  0  1  0  1  1  0  0  0  1  1  1  0  0  0  0  1  1  0  1  1  0  1  0  1  1  1  0  0  1  1  1  0  0  0  0 -317.75       1   0.025
450  1  1  0  0  0  0  0  1  1  0  1  0  1  1  0  1  0  1  1  1  1  1  0  1  0  0  1  1  0  1  0  1  1  0  0  1  0  1  0  0 -317.75       1   0.025
244  0  0  0  0  1  0  1  0  1  1  0  0  1  0  0  0  1  1  0  1  1  1  1  0  0  0  1  1  1  1  0  0  1  0  0  1  0  1  1  1  -317.0       1     0.0
245  0  1  0  1  1  0  0  1  1  0  1  0  1  1  0  0  0  1  1  0  0  1  1  1  0  0  1  0  0  0  0  1  0  0  0  0  1  1  1  0  -317.0       1     0.0
246  1  1  0  0  1  0  0  0  0  0  1  0  1  0  1  1  0  1  1  0  1  1  1  1  0  0  1  0  0  0  1  1  0  1  1  0  1  1  0  0  -317.0       1     0.0
247  0  1  0  1  1  0  1  1  1  0  0  0  0  1  1  1  0  1  0  0  0  1  1  0  0  0  1  1  0  1  0  1  0  0  0  0  1  1  1  1  -317.0       1     0.0
248  0  1  0  0  0  1  0  1  1  1  1  0  1  1  1  1  0  1  1  0  0  1  1  1  0  0  1  1  0  0  0  1  0  0  0  0  1  1  0  0  -317.0       1     0.0
249  1  1  1  0  1  1  0  0  1  0  0  1  1  1  0  0  0  1  0  0  0  0  1  0  1  1  1  0  1  0  1  0  0  0  0  0  1  1  1  1  -317.0       1     0.0
250  1  0  1  0  1  1  0  0  1  1  1  1  1  1  0  1  0  0  0  1  1  0  0  1  0  0  1  0  1  1  0  0  0  1  0  1  1  1  0  1  -317.0       1     0.0
251  0  1  0  0  0  1  1  1  1  0  0  1  1  0  0  0  1  1  0  0  0  1  0  0  0  1  0  1  0  0  0  1  0  0  1  0  1  1  1  1  -317.0       1     0.0
252  1  0  0  1  0  1  1  1  0  1  1  0  1  0  0  0  1  1  0  0  1  0  1  0  0  0  0  1  1  1  1  0  0  1  0  1  1  1  0  0  -317.0       1     0.0
254  0  0  0  1  0  0  1  1  1  1  0  0  1  0  0  0  0  1  0  1  1  1  0  0  1  0  0  1  1  0  1  0  1  1  1  1  0  0  0  0  -317.0       1     0.0
255  1  0  0  0  1  1  1  0  1  0  1  1  1  1  0  1  0  0  1  0  1  0  1  0  1  0  1  1  1  1  0  0  0  1  0  1  1  0  0  1  -317.0       1     0.0
256  0  1  0  1  0  1  0  1  1  1  1  0  1  0  1  1  1  1  1  0  0  1  0  0  0  0  1  1  0  0  1  0  0  1  1  1  1  1  0  0  -317.0       1     0.0
257  1  1  0  0  0  1  0  0  0  0  1  1  1  1  0  1  0  1  0  0  1  1  0  1  0  1  1  0  1  0  1  0  1  0  1  0  1  1  0  0  -317.0       1     0.0
258  1  1  0  1  0  1  0  1  1  1  0  0  1  1  0  1  1  1  0  0  1  1  0  0  1  0  1  1  1  1  0  0  0  0  0  1  0  1  0  1  -317.0       1     0.0
259  0  1  1  0  1  1  0  0  1  0  0  0  1  0  1  1  0  1  0  0  0  1  0  1  0  1  1  0  0  0  1  1  1  0  0  1  0  0  1  0  -317.0       1     0.0
424  1  1  0  1  1  1  0  1  0  0  0  0  0  1  0  1  0  1  0  1  0  1  1  1  0  1  1  1  1  0  0  1  1  0  0  1  1  0  0  1  -317.0       1   0.025
430  0  1  1  0  1  0  0  0  1  1  0  0  0  0  1  0  0  1  1  0  0  0  0  0  1  0  0  1  0  1  0  1  1  0  1  1  1  1  0  1  -317.0       1   0.025
261  0  0  0  1  0  1  1  0  1  1  1  0  1  1  0  1  0  1  0  0  1  0  0  0  1  1  1  1  1  0  1  0  0  1  1  0  1  0  1  0 -316.75       1     0.0
262  0  1  0  1  0  0  0  1  0  0  1  0  1  1  1  1  0  1  0  0  1  1  1  1  0  0  1  1  1  0  0  1  1  1  1  1  0  0  0  0 -316.75       1     0.0
263  1  1  1  1  1  0  0  0  1  0  0  0  1  1  0  1  0  1  0  0  0  1  1  1  0  0  1  1  1  1  0  1  1  1  0  1  0  0  0  0 -316.75       1     0.0
264  1  1  0  1  0  0  1  1  1  0  0  1  1  0  0  0  1  1  0  0  1  0  0  0  1  1  1  0  1  1  1  0  0  1  0  1  0  0  0  0 -316.75       1     0.0
265  1  0  0  1  1  1  0  1  0  0  0  1  0  1  0  1  0  1  0  0  1  1  0  0  0  1  0  1  0  1  1  0  1  0  0  0  1  1  0  1 -316.75       1     0.0
266  1  1  0  0  1  1  0  0  1  1  1  0  0  1  0  1  0  0  0  0  1  1  1  1  0  0  1  0  1  1  1  0  0  1  0  1  0  1  0  1 -316.75       1     0.0
267  1  0  0  1  1  0  1  0  1  0  0  0  1  0  1  1  0  0  0  1  1  0  1  0  0  1  1  0  1  0  1  1  0  0  1  0  1  1  1  1 -316.75       1     0.0
268  1  1  0  0  0  1  0  1  1  1  1  0  1  1  0  0  0  1  0  0  1  0  1  1  0  0  1  0  1  0  0  1  0  0  0  1  1  0  1  0 -316.75       1     0.0
417  1  0  0  1  1  0  0  1  0  1  1  0  0  0  1  0  0  0  0  0  1  1  1  1  1  0  1  1  1  0  1  0  0  1  0  1  1  0  0  0 -316.75       1   0.025
431  1  0  0  1  1  1  0  1  0  1  0  0  0  1  1  1  0  1  0  0  0  1  1  0  0  1  0  1  0  0  0  1  1  0  0  0  1  0  1  1 -316.75       1   0.025
448  0  1  0  0  0  1  0  1  0  0  1  0  1  1  1  1  0  1  1  0  0  0  0  1  0  0  1  1  1  0  0  1  1  1  1  0  1  0  0  0 -316.75       1   0.025
270  1  1  0  0  1  1  0  1  1  1  1  0  0  0  0  0  0  1  1  0  1  0  1  0  1  0  1  0  1  1  1  0  0  1  0  1  1  0  0  0  -316.0       1     0.0
271  1  1  0  1  0  0  0  0  1  1  0  1  1  1  0  0  1  0  0  1  1  1  0  0  0  0  1  0  1  1  1  1  0  1  0  0  0  0  0  0  -316.0       1     0.0
272  1  1  0  0  0  0  1  1  1  1  1  0  0  1  0  1  0  1  1  0  0  1  1  0  1  1  0  1  0  0  0  1  0  1  0  0  0  1  1  0  -316.0       1     0.0
273  1  1  0  0  1  0  0  1  1  1  0  0  1  0  0  0  0  0  0  1  1  0  1  0  1  0  1  0  1  1  1  0  0  0  0  1  1  1  0  0  -316.0       1     0.0
438  1  1  0  0  0  1  1  1  0  1  1  0  1  1  0  1  1  1  0  0  1  0  0  0  0  0  1  0  1  1  1  0  1  1  0  1  0  0  0  0  -316.0       1   0.025
275  0  1  0  1  0  0  1  1  1  1  1  1  1  0  0  0  1  1  0  1  0  1  0  0  1  1  0  0  0  1  1  0  0  1  1  0  1  1  0  0 -315.75       1     0.0
276  1  1  1  0  0  0  0  1  1  0  1  1  1  0  0  1  0  0  0  0  1  0  1  0  0  0  1  1  1  0  1  1  1  0  0  1  0  0  1  0 -315.75       1     0.0
277  0  1  0  1  0  1  0  1  1  1  1  0  1  0  1  1  1  1  1  0  1  1  0  1  0  0  1  0  1  0  0  0  0  1  1  0  1  0  0  0 -315.75       1     0.0
278  1  1  1  0  1  1  0  0  0  0  0  0  0  0  1  0  0  1  1  0  0  1  1  1  1  0  1  1  0  1  0  0  1  0  0  0  1  1  1  0 -315.75       1     0.0
279  1  1  1  0  1  0  0  0  1  1  0  0  1  1  1  1  0  0  0  1  0  1  1  0  0  0  1  1  1  1  1  1  1  0  0  0  0  0  1  0 -315.75       1     0.0
280  0  1  0  1  0  0  1  0  1  1  1  0  1  1  0  0  0  1  0  0  1  0  0  1  0  1  1  1  1  1  1  0  0  0  1  1  1  1  0  0 -315.75       1     0.0
445  0  1  1  0  1  0  1  1  0  1  0  0  1  1  1  1  1  1  1  0  0  0  1  0  0  0  1  1  1  0  0  0  0  0  0  1  0  0  1  0 -315.75       1   0.025
456  0  1  1  1  1  0  1  0  1  0  0  0  1  0  1  0  1  0  0  0  1  0  1  1  1  0  0  0  1  0  1  0  1  0  1  1  0  0  0  1 -315.75       1   0.025
282  1  1  0  1  0  1  0  1  0  1  1  0  0  1  1  1  0  1  1  0  0  1  0  1  1  1  0  1  0  1  0  0  1  1  1  0  0  0  1  0  -315.0       1     0.0
283  1  1  1  1  0  0  1  1  1  0  0  0  1  1  1  1  0  0  0  1  1  0  1  0  1  1  1  1  1  0  1  0  0  0  0  0  0  0  0  0  -315.0       1     0.0
284  1  0  0  0  0  1  0  0  0  1  1  0  0  1  0  1  0  1  0  0  1  1  1  1  0  0  1  1  0  1  0  1  0  0  0  1  1  1  1  1  -315.0       1     0.0
285  1  0  0  1  0  1  0  0  0  1  0  1  0  0  0  0  0  1  1  0  1  1  1  0  0  0  1  1  1  1  1  0  0  0  0  1  1  0  0  1  -315.0       1     0.0
286  1  1  0  1  1  0  0  1  1  0  0  0  1  1  0  1  0  1  0  0  1  1  0  0  0  0  1  0  1  1  0  1  1  0  0  1  0  0  1  1  -315.0       1     0.0
287  1  1  0  0  0  1  1  1  1  1  1  1  1  1  0  0  1  1  0  0  1  0  0  1  1  1  1  0  1  0  1  0  1  0  0  1  0  0  0  0  -315.0       1     0.0
288  0  0  1  0  1  0  1  0  1  1  0  0  1  1  0  1  0  1  1  0  0  0  1  1  0  0  1  1  0  1  0  1  1  0  0  0  1  1  1  0  -315.0       1     0.0
289  0  0  1  1  1  0  0  0  0  1  0  0  0  1  1  0  0  1  0  0  0  1  1  0  1  1  0  1  0  0  0  1  1  0  1  1  1  0  1  0  -315.0       1     0.0
390  1  1  0  0  1  1  0  0  1  0  0  0  1  0  1  1  0  1  0  0  0  0  1  1  0  0  1  0  0  0  0  1  1  0  1  0  1  1  1  0  -315.0       1   0.025
447  1  1  0  0  0  1  0  0  1  1  1  0  0  1  1  1  0  1  1  0  1  1  0  1  1  0  1  1  0  0  1  0  1  0  1  0  1  1  0  0  -315.0       1   0.025
451  0  1  0  1  1  1  0  1  1  0  1  0  1  0  0  0  0  1  0  0  0  0  1  0  0  0  1  0  1  1  1  1  0  1  0  1  0  1  1  1  -315.0       1   0.025
460  0  1  1  0  1  1  0  1  0  1  0  0  0  1  0  1  0  1  1  0  1  0  0  1  0  0  1  1  0  1  0  1  1  0  0  1  1  0  1  0  -315.0       1   0.025
487  1  1  0  0  0  1  0  1  1  1  0  0  1  1  0  1  1  1  0  1  0  1  0  0  0  0  1  0  1  0  0  1  1  0  1  0  0  1  0  1  -315.0       1    0.05
290  1  1  1  0  0  1  1  1  1  1  0  1  1  1  0  0  0  0  0  0  1  1  0  1  1  0  0  1  1  0  0  0  1  1  1  1  0  0  0  0 -314.75       1     0.0
291  1  1  0  0  1  1  0  0  0  0  0  0  0  1  1  0  1  1  0  0  1  0  0  1  1  0  1  0  1  1  1  0  1  1  1  0  1  0  0  0 -314.75       1     0.0
292  0  1  0  0  1  1  0  1  0  0  0  0  0  0  1  1  1  1  1  0  0  1  0  1  0  1  1  0  0  1  1  1  1  0  1  0  1  1  1  0 -314.75       1     0.0
293  0  0  0  1  1  1  0  1  0  1  1  0  0  0  1  1  0  1  0  0  1  1  0  1  0  0  1  0  1  1  1  0  1  0  0  1  1  1  0  1 -314.75       1     0.0
294  0  1  0  1  0  0  0  0  1  1  0  0  1  1  1  0  1  1  0  0  0  0  0  1  1  0  1  1  1  1  1  0  1  0  0  1  1  0  0  0 -314.75       1     0.0
295  1  1  0  0  1  0  0  1  0  1  0  0  0  1  1  0  0  1  0  0  1  1  1  1  1  0  1  0  1  1  1  0  0  1  0  0  1  0  0  0 -314.75       1     0.0
296  0  1  1  1  1  0  0  0  1  0  0  1  1  1  0  0  0  1  0  0  0  0  1  0  0  1  1  0  1  1  0  1  1  0  1  0  1  0  1  0 -314.75       1     0.0
428  0  1  0  1  0  0  1  1  1  0  1  1  1  1  1  0  1  1  0  0  1  0  0  1  0  0  1  0  1  0  0  0  0  1  0  1  0  0  0  1 -314.75       1   0.025
459  0  1  1  1  0  1  1  0  0  1  0  1  1  0  0  1  0  0  1  1  1  0  0  1  1  1  0  1  1  1  0  0  1  1  0  0  1  0  0  0 -314.75       1   0.025
298  0  1  0  1  1  1  1  0  1  1  1  0  1  0  0  1  0  0  0  1  1  0  0  0  0  0  1  1  1  0  1  0  1  0  0  1  0  1  1  0  -314.0       1     0.0
299  0  0  1  1  0  1  0  0  1  1  1  0  0  1  1  1  0  1  0  0  1  0  0  1  1  1  1  0  0  0  1  0  1  0  0  1  1  0  1  0  -314.0       1     0.0
300  1  1  0  1  0  1  0  0  1  1  1  0  1  1  1  0  1  0  0  1  0  1  0  0  0  0  1  0  1  0  1  0  0  1  0  1  0  1  1  0  -314.0       1     0.0
301  0  1  0  0  0  1  0  1  0  1  1  0  0  1  0  1  1  0  0  0  1  1  1  0  1  0  1  1  1  1  0  0  0  1  0  1  0  0  0  0  -314.0       1     0.0
302  1  1  0  0  0  0  0  1  0  1  1  0  0  1  1  1  0  1  1  0  1  1  0  1  1  0  1  1  0  0  1  0  1  0  0  0  1  0  1  0  -314.0       1     0.0
303  1  1  0  0  0  1  1  1  1  1  1  1  1  0  0  0  1  1  0  0  1  0  0  0  0  1  1  1  0  0  0  0  1  1  0  0  1  1  0  0  -314.0       1     0.0
453  0  1  0  0  0  1  0  1  1  0  1  0  1  1  0  1  0  1  0  1  1  0  1  0  0  0  1  1  1  0  0  1  0  1  0  1  0  0  0  0  -314.0       1   0.025
490  1  0  0  0  0  1  0  0  1  1  1  0  0  1  0  1  0  1  1  0  1  0  1  1  1  0  1  1  1  0  0  1  0  0  0  0  1  1  1  0  -314.0       1    0.05
304  1  1  1  0  0  1  0  0  1  1  1  1  1  0  1  0  1  0  1  0  0  0  0  1  1  0  0  0  0  0  1  1  1  1  1  0  1  0  1  0 -313.75       1     0.0
305  0  1  0  0  0  1  1  0  1  1  0  0  1  1  1  1  0  0  1  0  1  0  0  1  1  1  0  0  0  0  1  0  1  1  0  1  0  0  1  0 -313.75       1     0.0
306  1  0  0  1  0  0  1  0  1  0  1  0  1  1  0  0  0  1  0  0  1  1  1  0  0  0  1  1  1  0  0  1  0  1  0  1  1  0  1  0 -313.75       1     0.0
307  1  1  0  0  0  0  0  0  1  1  1  0  1  1  0  0  1  1  0  0  1  0  0  1  0  0  0  0  1  0  1  0  0  1  1  0  1  1  0  0 -313.75       1     0.0
308  0  0  0  1  1  0  1  1  0  1  1  0  0  1  1  1  0  1  1  0  0  1  0  0  1  0  0  1  0  0  1  0  1  0  0  1  1  1  1  1 -313.75       1     0.0
309  0  1  0  1  1  0  0  1  1  1  0  0  0  1  1  0  0  1  0  0  0  1  1  0  1  0  1  0  1  1  0  1  1  0  0  0  1  0  1  0 -313.75       1     0.0
310  1  0  0  1  1  1  1  1  0  0  1  0  1  1  1  1  0  1  0  0  1  1  0  1  1  1  1  0  0  0  0  0  0  1  0  0  1  1  0  0 -313.75       1     0.0
435  1  1  0  0  0  1  0  1  0  1  1  0  0  1  1  1  0  1  1  0  0  0  0  1  0  1  1  0  0  0  1  1  0  0  1  0  1  0  1  0 -313.75       1   0.025
441  1  1  0  1  1  1  0  1  0  1  0  0  0  0  1  1  0  1  1  0  0  1  1  1  0  0  1  1  0  0  0  0  1  0  0  1  1  0  0  0 -313.75       1   0.025
449  0  0  0  1  0  1  0  0  0  1  1  0  1  1  1  0  0  1  1  0  1  0  0  1  1  0  1  1  0  0  1  0  0  0  1  1  1  0  1  0 -313.75       1   0.025
484  1  0  1  0  0  1  0  1  0  1  0  0  0  1  1  1  0  1  0  0  0  1  1  1  1  0  1  1  0  1  0  1  1  0  0  1  1  0  0  1 -313.75       1    0.05
492  0  1  0  1  1  0  0  1  0  1  0  0  0  1  1  1  0  0  0  0  0  1  0  1  0  0  1  1  0  1  0  1  1  0  1  1  1  0  1  0 -313.75       1    0.05
496  0  1  0  0  1  1  0  1  0  1  0  0  1  1  0  1  0  1  0  1  1  1  0  1  1  0  1  1  0  1  1  1  0  0  0  1  1  0  0  0 -313.75       1    0.05
313  1  0  0  1  1  1  0  0  1  1  1  0  1  0  1  1  0  0  0  0  1  0  1  1  0  0  1  0  1  0  1  0  0  0  0  1  1  0  1  1  -313.0       1     0.0
314  1  1  1  0  0  0  0  0  0  0  0  0  0  0  1  1  0  0  1  0  1  0  1  1  1  1  1  1  1  1  0  0  1  0  1  1  1  0  0  1  -313.0       1     0.0
316  1  1  1  1  1  1  1  0  0  0  0  0  0  1  1  1  0  1  1  1  0  0  1  1  1  0  0  0  0  1  0  1  1  0  0  0  1  1  1  0  -313.0       1     0.0
318  1  1  0  0  1  1  0  1  0  1  0  0  0  0  1  1  0  1  0  0  0  1  0  1  1  1  1  1  0  0  0  0  1  0  1  1  1  1  0  0  -313.0       1     0.0
319  0  0  0  1  0  1  0  0  1  1  0  0  1  1  0  1  0  1  0  0  0  1  1  0  0  0  1  0  0  0  1  1  1  0  0  1  0  1  1  1  -313.0       1     0.0
320  1  0  0  0  0  1  0  0  1  1  1  1  1  1  0  1  0  0  1  0  1  0  1  1  0  1  1  1  1  0  1  0  0  0  0  1  1  0  0  0  -313.0       1     0.0
443  1  0  0  1  1  0  1  1  1  0  0  1  1  1  0  0  1  0  1  0  1  0  1  0  0  0  0  0  1  1  1  0  0  1  0  0  1  0  0  0  -313.0       1   0.025
321  1  1  0  0  0  1  0  0  1  0  1  0  1  1  1  0  1  0  0  0  0  1  0  1  0  1  1  0  1  1  0  1  1  1  1  1  0  1  0  0 -312.75       1     0.0
322  1  0  0  0  1  1  0  1  0  1  1  0  0  1  1  1  0  1  1  0  1  1  1  0  0  0  1  1  0  1  0  1  1  0  0  1  0  1  0  0 -312.75       1     0.0
323  1  1  0  0  0  0  0  0  1  0  1  0  1  0  0  0  1  1  0  0  1  0  1  0  0  0  1  0  1  0  0  1  0  1  1  0  1  1  0  1 -312.75       1     0.0
324  1  0  1  0  1  0  0  0  0  0  0  0  0  1  1  0  0  1  1  0  1  0  1  1  1  1  1  1  0  1  1  1  1  0  0  0  1  1  0  1 -312.75       1     0.0
325  1  0  0  1  0  1  0  1  0  0  1  0  0  0  1  0  0  1  0  0  1  1  1  1  1  0  1  1  1  0  0  0  1  0  1  1  0  1  0  0 -312.75       1     0.0
326  1  0  1  0  1  0  0  0  1  1  0  0  0  1  0  1  0  1  1  0  0  0  1  1  1  1  1  0  0  0  0  1  1  0  1  0  1  0  1  0 -312.75       1     0.0
327  0  1  0  1  0  1  1  1  1  1  0  0  1  0  1  0  0  1  0  0  1  0  0  1  0  1  1  0  0  0  1  0  0  0  1  1  0  0  1  1 -312.75       1     0.0
328  0  0  0  1  1  1  0  0  0  1  1  0  0  1  1  1  0  1  0  1  0  1  1  0  1  0  1  1  0  0  0  1  1  0  1  0  1  1  1  0 -312.75       1     0.0
442  1  1  1  0  0  1  0  0  1  1  0  0  0  1  1  1  0  1  0  0  0  1  1  0  0  1  1  1  0  0  0  1  1  1  0  1  1  0  0  1 -312.75       1   0.025
498  1  1  1  1  0  1  0  0  1  1  1  0  1  1  0  0  0  1  0  0  0  1  0  0  1  0  1  1  0  0  1  1  1  0  0  0  1  1  1  0 -312.75       1   0.075
330  0  0  0  1  1  0  1  1  0  1  1  0  1  1  0  1  0  0  0  0  1  1  1  0  1  1  1  1  0  1  1  1  0  1  0  1  1  0  0  0  -312.0       1     0.0
331  1  1  0  0  1  1  1  0  0  1  0  0  0  1  1  1  0  1  1  0  0  1  1  1  0  0  1  1  0  0  0  1  1  0  0  1  1  0  0  0  -312.0       1     0.0
332  0  1  0  1  1  0  0  1  1  1  0  0  1  0  1  0  1  1  0  1  1  0  0  1  0  0  1  1  1  1  1  0  0  0  0  0  1  1  0  0  -312.0       1     0.0
333  0  1  0  1  0  1  0  0  0  1  0  0  1  0  1  1  0  0  1  0  0  1  0  1  0  0  1  1  0  1  1  1  1  0  1  1  1  0  0  1  -312.0       1     0.0
334  0  1  0  1  1  0  1  1  0  1  0  0  0  1  1  1  0  1  1  0  0  1  1  0  0  0  1  1  1  1  0  1  0  1  1  0  1  0  1  0  -312.0       1     0.0
461  0  1  0  1  1  0  1  1  0  0  1  0  0  0  1  0  1  0  1  0  0  0  1  1  0  0  1  1  1  0  1  0  0  1  0  0  1  1  0  0  -312.0       1   0.025
464  0  1  0  1  0  1  1  1  1  1  1  0  1  0  0  1  0  1  0  0  1  0  1  0  0  0  1  0  1  1  0  0  0  1  0  1  0  0  0  0  -312.0       1   0.025
335  0  1  0  0  1  1  1  1  1  0  0  0  0  1  1  0  0  0  1  0  1  0  1  1  1  1  1  1  1  1  1  0  0  0  0  1  0  0  1  0 -311.75       1     0.0
336  1  0  0  1  0  0  1  0  0  1  1  1  1  0  1  0  0  1  0  0  1  1  1  0  0  0  1  0  1  1  1  0  0  1  0  1  1  1  1  0 -311.75       1     0.0
337  1  1  0  1  0  1  0  1  0  1  0  0  0  1  1  1  0  1  0  0  1  1  1  1  0  0  0  1  1  1  0  0  1  0  1  1  1  0  0  0 -311.75       1     0.0
338  1  1  1  1  1  0  0  1  1  1  0  0  0  1  1  1  0  1  0  0  0  0  1  1  0  0  1  0  1  1  1  1  0  0  0  0  0  1  1  0 -311.75       1     0.0
339  0  1  0  0  1  1  1  1  1  1  0  0  0  0  1  1  0  1  0  1  1  0  0  1  1  0  1  0  1  1  0  1  1  0  0  0  1  0  1  0 -311.75       1     0.0
340  0  1  0  1  0  1  1  1  1  0  1  0  1  0  1  0  1  0  0  0  1  0  1  1  1  1  1  0  1  0  0  0  1  0  0  1  0  0  0  0 -311.75       1     0.0
341  1  1  1  0  1  0  0  0  0  1  0  0  0  0  1  1  0  1  1  0  0  1  1  0  1  1  1  0  0  1  0  1  1  1  1  0  1  0  1  0 -311.75       1     0.0
458  1  1  0  0  1  1  0  1  0  1  1  0  0  1  1  1  0  1  1  0  0  1  1  1  1  0  0  1  0  1  0  1  1  0  1  0  1  1  0  0 -311.75       1   0.025
462  0  1  1  1  0  0  1  0  1  1  0  0  1  1  0  1  0  0  1  0  1  0  0  1  1  1  1  1  0  0  1  1  1  0  0  0  0  1  1  0 -311.75       1   0.025
344  0  1  0  0  0  1  0  1  0  1  0  0  1  1  1  0  1  1  1  0  0  1  1  1  0  0  1  0  0  0  0  1  0  0  1  1  1  1  0  1  -311.0       1     0.0
345  0  1  0  1  0  1  1  1  0  1  0  0  1  1  0  1  0  1  0  0  0  0  0  1  0  1  0  1  1  1  0  0  1  1  1  0  1  0  1  0  -311.0       1     0.0
346  0  0  1  0  1  1  1  0  0  1  0  0  1  1  1  0  0  1  0  0  0  1  0  0  0  1  0  1  1  0  0  1  1  0  1  0  0  1  1  0  -311.0       1     0.0
347  1  1  0  1  1  0  1  0  0  1  1  0  1  1  0  1  0  0  1  0  0  1  1  0  0  0  1  1  1  1  1  0  0  1  1  0  1  0  1  0  -311.0       1     0.0
348  0  1  0  0  0  0  0  1  1  0  0  0  1  0  1  0  1  1  0  0  1  0  0  1  0  1  0  0  0  1  0  1  1  0  1  1  1  1  0  1  -311.0       1     0.0
349  0  1  0  0  0  1  0  0  1  1  0  1  1  1  0  1  0  1  0  0  1  1  1  0  1  1  1  0  0  0  1  1  0  1  0  1  0  0  1  0  -311.0       1     0.0
457  0  0  0  0  0  0  1  1  1  1  0  0  0  1  0  1  0  1  0  0  0  1  1  0  1  1  1  1  1  0  1  1  1  0  0  1  1  0  1  0  -311.0       1   0.025
466  0  1  1  1  1  1  0  1  0  1  0  0  0  1  1  0  0  1  0  0  0  0  1  1  1  0  1  1  0  1  0  1  1  0  0  1  1  0  0  0  -311.0       1   0.025
495  1  0  1  0  1  1  0  1  1  1  1  0  0  1  1  1  0  1  1  0  0  1  0  0  0  0  0  1  0  0  0  1  1  0  1  0  1  0  1  0  -311.0       1   0.075
353  0  1  0  1  1  1  0  1  0  0  0  0  0  1  1  0  0  1  1  0  0  0  1  1  1  0  1  1  1  0  0  0  1  0  1  0  1  0  1  0 -310.75       1     0.0
354  1  1  1  1  1  1  0  1  0  1  0  0  0  1  1  1  0  1  1  1  0  1  0  0  0  0  1  1  0  1  0  0  1  1  0  0  1  0  1  1 -310.75       1     0.0
355  1  0  0  1  0  1  1  1  0  0  0  1  1  0  0  0  0  0  0  0  1  0  0  1  0  0  1  0  1  0  1  0  0  1  1  1  1  1  0  0 -310.75       1     0.0
452  0  1  1  1  1  0  1  1  1  0  1  1  1  1  1  1  0  0  0  0  1  0  1  0  0  0  1  0  0  0  1  1  0  0  1  1  0  0  0  1 -310.75       1   0.025
454  1  0  1  0  1  1  0  0  1  0  0  0  1  1  0  0  0  1  0  0  0  0  1  0  1  1  1  1  0  0  1  1  1  0  0  1  0  1  1  0 -310.75       1   0.025
463  1  1  1  0  0  1  0  0  1  1  1  0  1  1  1  1  0  0  1  0  0  0  1  1  0  1  1  0  0  0  1  1  1  0  0  0  1  0  1  0 -310.75       1   0.025
476  0  1  0  1  0  0  0  1  0  1  1  1  1  0  0  0  1  0  0  0  1  0  0  0  0  0  1  1  1  0  1  0  1  1  1  0  1  1  0  1 -310.75       1   0.025
359  0  1  0  1  0  0  0  1  1  1  0  0  0  0  0  0  1  1  0  0  0  1  1  0  0  0  1  1  1  1  1  0  0  1  0  0  1  0  1  1  -310.0       1     0.0
360  1  0  0  0  0  1  0  1  1  1  0  0  1  1  0  1  0  1  1  0  1  1  1  0  1  0  1  1  0  1  0  1  0  0  0  1  1  1  0  1  -310.0       1     0.0
362  1  1  1  1  0  0  1  1  1  1  1  0  1  1  0  0  1  1  0  0  0  1  1  0  1  0  0  0  0  0  1  1  0  0  0  0  0  0  0  0  -310.0       1     0.0
363  0  1  0  1  1  1  1  0  1  1  0  1  1  1  0  0  0  0  0  0  1  0  0  0  0  1  1  0  0  0  1  1  1  1  0  0  0  0  1  0  -310.0       1     0.0
364  1  1  0  0  0  1  1  0  0  1  0  0  0  1  1  0  0  1  0  0  1  0  0  1  1  0  1  1  0  1  1  0  0  1  0  1  1  0  0  0  -310.0       1     0.0
470  0  0  1  1  1  0  1  1  1  0  1  0  1  0  0  1  0  0  0  0  1  1  1  0  0  0  1  0  1  0  1  0  1  1  0  1  0  1  0  1  -310.0       1   0.025
366  1  0  1  0  0  0  1  0  1  1  0  0  1  1  0  0  0  1  0  1  1  0  0  1  0  0  1  1  1  0  1  1  1  0  1  1  1  0  1  0 -309.75       1     0.0
367  1  1  1  0  1  0  0  0  0  0  1  0  0  1  0  1  0  0  1  0  1  0  0  1  0  0  1  1  1  1  1  0  0  1  1  1  1  0  0  0 -309.75       1     0.0
368  1  0  0  1  1  1  0  1  1  0  0  1  1  1  1  0  0  0  0  0  1  0  1  0  0  0  1  0  1  1  0  1  0  1  0  1  0  0  1  0 -309.75       1     0.0
369  1  1  0  1  0  1  0  1  1  1  1  0  0  1  1  1  0  0  0  0  1  0  0  1  1  0  1  1  1  1  1  0  0  1  0  1  1  1  0  0 -309.75       1     0.0
472  1  1  1  0  0  1  1  0  0  0  1  0  1  0  1  1  0  1  0  0  0  1  0  1  0  0  1  1  0  0  1  1  1  0  1  0  1  1  1  0 -309.75       1   0.025
474  0  1  0  1  0  0  1  1  1  1  0  0  1  1  0  1  1  0  1  0  1  1  0  0  0  1  1  1  0  0  1  1  0  1  0  0  1  0  0  1 -309.75       1   0.025
480  1  1  1  1  0  1  1  1  0  1  1  0  0  1  0  1  0  1  1  0  1  1  0  1  1  1  0  1  0  0  0  0  1  0  1  0  1  0  0  1 -309.75       1    0.05
372  1  1  0  0  1  1  0  1  0  1  1  0  1  1  1  1  0  1  1  1  1  0  1  0  0  0  1  0  0  0  0  1  0  1  0  0  1  0  0  0  -309.0       1     0.0
373  1  1  0  1  0  0  1  0  1  0  1  0  1  1  1  0  0  1  1  0  1  0  0  0  0  0  0  1  1  0  1  1  0  1  1  0  1  1  0  0  -309.0       1     0.0
374  0  0  0  0  1  1  0  0  0  1  0  1  1  0  1  0  1  1  0  0  1  0  0  0  0  0  1  0  0  1  1  1  1  1  0  1  1  1  0  0  -309.0       1     0.0
375  1  1  0  0  0  0  0  1  1  1  0  0  1  1  0  0  0  1  1  0  0  0  1  0  0  0  1  1  1  0  0  1  0  1  0  1  1  0  0  1  -309.0       1     0.0
376  1  1  0  0  1  0  0  0  1  1  0  0  1  1  1  0  0  1  0  0  0  0  0  1  0  0  1  0  1  1  1  0  1  0  0  1  0  0  1  1  -309.0       1     0.0
377  0  0  0  1  1  0  1  1  0  1  1  0  1  1  1  0  0  0  0  1  0  1  1  1  1  0  1  0  1  0  1  0  1  1  1  1  1  0  0  0  -309.0       1     0.0
378  1  1  0  1  0  1  0  0  0  1  0  0  0  1  1  1  0  1  1  0  0  1  1  0  1  1  1  1  0  0  1  0  1  0  1  1  1  0  0  1  -309.0       1     0.0
477  0  0  0  0  0  0  0  1  1  1  1  1  1  0  1  1  1  0  0  1  1  0  1  1  1  1  0  0  1  0  0  0  0  1  1  0  1  0  0  1  -309.0       1   0.025
381  1  1  0  1  1  0  0  0  1  0  0  0  1  1  0  0  0  1  0  0  0  0  1  1  0  1  1  1  0  1  0  1  1  1  0  0  1  0  0  1 -308.75       1     0.0
382  1  1  0  1  0  1  0  0  0  1  1  0  1  1  0  0  0  1  0  1  1  0  0  0  1  0  1  1  0  0  1  0  1  1  1  0  1  0  0  0 -308.75       1     0.0
383  0  1  0  1  1  0  1  1  1  0  1  0  0  0  1  1  0  0  0  0  1  1  1  1  1  0  1  0  1  1  0  1  0  0  0  1  1  0  1  0 -308.75       1     0.0
384  0  1  0  0  0  1  1  0  0  0  1  1  1  0  0  1  0  1  1  0  1  1  1  1  0  0  1  1  1  0  0  0  1  1  1  0  0  0  0  0 -308.75       1     0.0
385  1  1  1  1  1  1  1  0  0  1  1  0  1  0  0  1  0  0  0  0  1  0  1  0  0  0  1  0  1  0  1  0  1  1  0  1  0  0  0  0 -308.75       1     0.0
386  1  0  0  1  0  0  0  0  1  0  0  0  1  1  0  0  1  0  0  0  1  0  1  1  1  1  1  0  1  1  1  0  0  1  0  0  0  1  0  0 -308.75       1     0.0
469  1  0  1  0  1  1  0  1  0  1  1  0  0  1  1  0  0  1  1  0  0  1  1  0  0  0  1  1  1  1  0  1  1  0  0  1  1  0  0  0 -308.75       1   0.025
391  0  0  1  0  1  0  1  1  0  0  1  0  0  1  1  1  0  1  1  0  1  0  1  1  0  1  1  1  1  1  0  1  1  0  0  0  1  0  0  1  -308.0       1     0.0
393  0  1  1  0  0  0  1  0  0  0  0  0  1  1  1  1  1  0  0  1  1  0  1  1  0  1  1  0  1  1  0  0  1  0  1  1  1  0  0  0  -308.0       1     0.0
394  1  1  1  0  1  0  0  1  1  1  1  0  0  0  0  0  0  1  0  0  0  1  1  0  0  0  0  1  0  1  0  0  0  1  0  0  1  1  0  0  -308.0       1     0.0
395  1  0  0  1  1  0  0  1  0  1  1  0  0  1  1  1  0  0  1  0  0  1  1  1  1  0  0  1  0  1  0  1  1  0  1  0  1  1  1  0  -308.0       1     0.0
478  0  1  0  1  1  0  1  1  0  1  0  0  0  1  1  0  0  1  1  0  1  1  1  1  0  0  1  1  0  1  0  0  0  0  0  1  1  1  1  1  -308.0       1   0.025
485  0  1  1  1  1  1  0  1  0  0  0  0  1  1  0  1  1  1  0  0  1  0  1  1  0  0  1  0  0  1  1  1  0  0  0  1  0  0  0  1  -308.0       1   0.025
397  0  1  1  1  0  0  1  1  0  0  0  0  1  1  0  1  0  1  1  0  0  0  1  1  1  0  1  1  0  0  0  0  0  0  1  1  1  0  1  0 -307.75       1     0.0
398  1  1  0  1  1  0  0  0  0  1  0  0  1  1  0  1  0  1  1  0  0  1  0  1  1  1  1  0  0  1  0  0  1  0  0  0  1  0  0  1 -307.75       1     0.0
399  1  1  0  1  0  0  1  1  0  1  1  1  0  1  1  0  0  0  0  0  1  1  1  1  0  0  0  1  1  0  1  0  0  1  0  0  0  1  0  0 -307.75       1     0.0
400  0  1  0  1  0  1  1  0  1  0  1  1  1  0  0  0  0  0  0  1  1  0  0  0  0  1  1  0  1  1  1  0  0  1  0  1  0  1  0  1 -307.75       1     0.0
401  0  1  0  0  1  0  0  1  0  1  0  1  1  1  0  1  0  1  0  1  1  0  0  1  0  0  1  0  0  1  1  0  1  1  1  0  1  0  0  0 -307.75       1     0.0
467  1  1  0  0  1  1  1  0  0  1  0  0  1  1  0  1  0  1  1  1  0  1  0  1  0  1  1  0  0  0  1  0  1  1  0  0  1  0  1  0 -307.75       1   0.025
406  1  1  0  1  1  0  1  1  0  0  1  0  0  0  1  1  0  1  0  0  1  1  1  0  1  0  1  0  1  0  1  0  0  0  1  1  1  0  0  0  -307.0       1     0.0
407  0  1  0  1  0  1  0  1  1  0  0  0  0  1  1  1  1  1  0  0  0  1  0  1  0  0  1  0  1  1  0  0  1  0  0  1  0  0  1  0  -307.0       1     0.0
465  0  1  0  0  0  0  1  0  1  0  1  0  1  1  0  1  0  0  0  0  1  0  1  1  0  0  1  0  1  1  1  0  0  1  0  1  0  0  0  0  -307.0       1   0.025
408  1  0  0  1  1  1  0  0  0  1  0  0  1  0  0  0  0  1  0  0  0  1  1  1  0  0  1  1  0  0  1  1  1  0  0  0  1  1  0  0 -306.75       1     0.0
409  0  0  0  1  1  1  1  0  1  1  0  0  0  0  0  0  0  0  0  0  0  1  1  1  0  0  1  0  1  1  0  0  1  0  0  1  1  1  1  0 -306.75       1     0.0
410  1  1  0  1  1  1  1  1  0  1  0  0  1  0  1  0  1  1  0  1  0  0  0  0  0  0  1  0  0  1  1  0  0  1  0  0  1  0  0  1 -306.75       1     0.0
411  0  1  0  0  0  1  1  1  0  1  0  0  1  1  1  1  0  1  0  0  1  0  0  1  0  1  1  0  0  1  1  0  1  1  1  1  0  0  1  0 -306.75       1     0.0
473  0  0  1  1  0  0  1  0  1  0  1  0  1  0  0  0  1  0  0  1  1  1  1  0  1  1  0  0  0  1  1  1  0  1  1  1  0  1  0  1 -306.75       1   0.025
418  1  0  0  1  1  1  0  0  0  0  1  1  1  0  1  0  0  0  1  0  0  0  1  1  0  1  0  0  0  1  1  1  0  0  0  1  1  1  0  0  -306.0       1     0.0
420  1  1  0  1  0  1  0  1  0  1  1  0  1  0  1  0  0  0  0  1  1  0  1  0  1  0  1  0  1  1  1  0  0  1  1  0  0  1  0  0  -306.0       1     0.0
421  1  1  0  0  1  0  0  0  0  1  1  0  1  1  1  1  0  1  1  0  0  0  0  1  1  0  1  1  0  1  1  1  1  0  1  0  1  0  1  0  -306.0       1     0.0
422  1  1  0  0  1  1  0  0  0  0  0  0  0  1  1  1  1  1  1  0  1  0  1  1  0  0  1  0  1  0  0  1  1  1  0  0  1  1  1  0 -305.75       1     0.0
423  1  1  0  0  0  1  1  0  1  0  0  0  1  1  0  1  1  1  0  0  1  1  1  1  1  0  0  1  0  1  1  0  0  0  1  1  0  1  0  0 -305.75       1     0.0
491  0  1  0  0  0  0  0  1  0  0  0  0  1  1  1  0  0  1  1  0  1  1  1  1  0  0  1  0  0  1  0  1  1  1  0  1  1  0  0  1 -305.75       1   0.025
427  1  0  1  1  0  0  0  1  1  0  0  0  1  1  0  0  0  1  0  0  1  1  1  0  1  0  1  0  1  1  0  0  0  1  0  1  1  0  0  0  -305.0       1     0.0
429  1  0  0  0  0  0  0  1  1  1  1  1  0  0  1  1  0  1  1  0  0  1  0  0  0  1  1  0  1  0  1  0  1  1  0  1  0  0  0  1 -304.75       1     0.0
436  1  1  0  0  1  1  0  1  0  1  0  1  0  1  0  1  0  1  1  0  0  0  1  1  1  0  1  0  0  1  0  0  1  1  0  1  1  1  0  1  -304.0       1     0.0
489  0  1  0  1  1  1  1  0  1  1  0  0  1  1  1  0  0  0  0  0  1  0  1  0  1  0  1  0  1  1  1  1  0  0  0  0  0  1  0  1  -304.0       1   0.025
439  1  0  0  0  1  0  0  1  0  1  1  0  1  1  0  0  0  1  0  1  1  0  0  1  0  0  1  1  0  1  1  1  0  0  0  0  1  0  0  0 -303.75       1     0.0
475  1  0  0  0  1  1  0  1  0  1  1  0  1  1  1  1  0  1  0  0  0  1  0  1  1  0  1  0  1  0  0  0  1  0  1  0  0  0  1  0 -303.75       1   0.025
444  1  1  1  0  0  1  0  0  1  1  1  0  0  1  1  1  0  0  1  0  0  0  0  1  0  1  0  1  0  1  0  1  1  0  1  1  1  1  1  0  -303.0       1     0.0
481  1  0  0  0  1  1  0  0  0  1  0  0  1  1  1  1  0  1  1  1  0  1  0  1  0  0  1  1  0  0  1  0  1  1  0  1  1  1  1  1 -302.75       1   0.025
497  1  1  0  0  0  1  0  0  1  1  1  0  0  1  0  1  0  1  1  0  1  0  0  0  1  0  1  1  1  0  1  0  1  0  1  0  1  0  1  1 -302.75       1    0.05
482  1  0  0  0  1  1  0  0  1  1  0  0  1  1  0  0  0  0  1  0  0  0  1  0  1  0  1  0  1  0  1  1  1  0  0  1  1  0  1  0  -302.0       1   0.025
493  1  0  0  0  1  1  0  0  0  1  1  0  1  1  0  1  0  1  1  0  1  0  0  1  1  1  1  1  0  0  1  0  1  1  0  1  0  0  1  0 -300.75       1   0.025
483  1  0  0  0  1  0  0  1  0  1  1  0  1  0  1  1  1  1  1  0  0  1  1  0  1  1  1  1  0  0  0  1  1  0  0  1  1  0  1  0  -300.0       1   0.025
499  1  1  1  1  0  1  0  0  1  1  0  0  0  0  0  1  0  1  1  0  0  0  0  1  1  0  1  1  1  0  0  1  1  0  1  1  1  0  1  0 -299.75       1   0.075
468  1  0  0  1  0  0  0  1  1  1  0  0  1  1  1  1  1  1  0  0  1  1  1  0  0  0  1  0  0  0  0  1  1  1  0  1  1  0  0  0  -298.0       1     0.0
['BINARY', 500 rows, 500 samples, 40 variables]Valid partition found with 160 cut edges
Solution:  [1, 1, 1, 0, 1, 1, 0, 0, 1, 0, 1, 0, 0, 1, 0, 1, 0, 1, 1, 0, 0, 1, 1, 0, 0, 0, 1, 1, 0, 1, 0, 1, 0, 0, 0, 0, 1, 1, 0, 1]