--------------- DW_2000Q_6 ---------------
     0  1  2  3  4  5  6  7  8  9 10 11 12 13 14 15 16 17 18 19 20 21 22 23 24 25 26 27 28 29 30 31 32 33 34 35 36 37 38 39 40 41 42 43 44 45 46 47 48 49  energy num_oc. chain_.
85   1  0  1  0  1  0  1  1  1  0  1  1  1  0  0  0  0  1  1  1  1  1  0  0  1  0  0  1  0  0  0  0  1  0  1  1  0  0  1  0  0  1  0  1  1  0  0  0  1  1 -312.25       1    0.02
0    0  0  1  0  1  1  1  1  1  0  0  1  0  0  0  0  0  0  1  0  0  1  0  0  1  1  1  1  0  0  1  0  0  0  1  1  1  1  1  0  0  1  0  1  1  1  0  1  1  1  -312.0       1     0.0
1    1  0  1  0  1  0  0  1  1  0  1  1  0  0  0  0  0  0  1  0  0  1  1  1  1  1  1  1  0  0  0  0  0  0  1  0  1  1  0  0  0  1  0  1  1  1  0  0  1  0 -311.25       1     0.0
2    1  0  0  0  0  1  1  1  1  0  1  0  1  0  0  0  1  1  1  1  0  0  0  0  1  1  1  1  1  1  0  1  0  0  0  0  0  1  0  1  0  1  0  1  1  0  0  0  1  1 -311.25       1     0.0
3    1  0  1  0  1  0  0  1  0  0  1  1  0  1  1  0  0  1  1  1  0  0  1  1  0  1  1  1  0  0  0  0  0  1  1  1  1  0  1  0  0  1  0  0  1  1  1  0  0  0 -310.25       1     0.0
4    1  0  1  1  1  1  1  1  1  0  0  1  0  0  0  0  0  0  1  0  0  1  0  1  1  0  0  1  1  0  0  0  1  0  1  0  0  0  1  1  0  0  1  1  1  0  0  1  1  1 -310.25       1     0.0
72   0  0  1  0  1  0  1  0  1  1  0  1  0  1  0  1  0  1  1  1  1  1  1  1  1  0  0  1  1  0  1  0  1  0  0  1  1  1  1  0  0  1  0  1  0  0  0  0  0  1 -310.25       1    0.02
5    1  0  1  1  0  0  1  1  0  1  1  1  0  0  1  1  0  0  1  0  0  1  1  1  1  0  0  1  1  0  0  0  1  0  0  1  1  0  1  0  0  1  0  0  0  1  1  1  0  0 -309.25       1     0.0
6    0  0  1  1  0  0  1  1  0  1  1  1  0  1  1  1  0  0  1  0  0  1  1  1  1  1  0  1  0  1  0  0  0  0  0  1  1  0  0  0  0  0  0  1  1  1  1  1  0  0 -309.25       1     0.0
7    0  0  1  1  0  1  0  1  0  1  1  1  0  1  1  1  0  0  0  0  1  0  1  0  0  1  0  1  0  1  0  0  0  1  0  1  1  1  0  0  0  1  0  0  1  1  1  1  0  0  -309.0       1     0.0
8    1  0  0  1  1  1  0  1  1  0  1  0  1  1  0  0  0  0  1  0  0  0  1  0  0  0  1  1  0  1  0  1  0  1  1  0  1  1  0  0  0  1  0  1  1  1  1  0  0  0  -309.0       1     0.0
9    1  0  0  0  1  1  0  0  1  0  1  0  0  1  0  0  0  1  1  0  0  0  1  0  0  0  1  1  0  1  0  1  1  0  1  1  1  1  1  0  0  1  0  1  1  0  1  0  0  1  -309.0       1     0.0
10   1  1  1  0  1  1  1  0  1  0  1  0  0  1  0  0  0  0  1  1  1  1  0  0  0  0  0  1  1  1  0  0  1  1  1  1  1  1  0  0  1  1  0  0  1  0  1  0  0  1 -308.25       1     0.0
11   1  0  1  1  0  0  0  1  1  1  1  1  0  1  1  1  0  0  0  0  0  1  1  1  1  0  0  1  1  0  0  0  1  0  1  0  1  0  0  0  0  1  0  0  1  1  1  1  0  0 -308.25       1     0.0
12   1  0  1  0  1  1  1  1  1  0  1  1  0  1  1  1  0  0  1  0  0  0  1  0  0  1  0  1  0  0  0  0  1  1  0  0  1  1  1  0  1  1  0  1  1  1  0  1  0  0 -308.25       1     0.0
203  1  0  1  1  1  0  0  1  0  1  1  1  0  1  1  1  0  1  1  0  0  0  1  1  0  0  0  1  0  0  0  0  1  0  0  1  1  0  1  0  0  1  0  0  1  1  1  1  0  0 -308.25       1    0.02
13   1  0  1  1  1  1  0  1  0  1  1  1  0  1  1  1  0  0  1  0  0  0  0  1  0  1  0  1  0  0  0  0  1  1  0  0  1  1  1  0  0  1  0  0  1  1  1  1  0  0  -308.0       1     0.0
14   0  1  1  0  1  1  0  0  0  0  1  1  0  1  0  1  0  0  1  1  0  0  0  0  0  1  1  1  0  1  1  0  0  1  1  1  1  1  0  0  0  1  0  0  1  1  1  0  1  1  -308.0       1     0.0
15   1  0  1  1  0  1  0  1  1  1  1  1  0  0  1  0  0  0  1  0  0  0  0  0  1  1  0  1  0  0  0  1  1  1  0  0  1  0  0  0  0  1  0  0  1  1  1  1  1  0  -308.0       1     0.0
16   0  1  1  0  1  1  0  0  0  0  1  1  0  1  0  1  0  1  1  1  1  0  0  0  0  0  0  1  1  0  0  0  1  0  1  1  1  1  1  0  1  1  0  0  0  0  1  0  0  1  -308.0       1     0.0
17   1  1  1  0  1  1  1  0  1  0  1  1  0  1  1  0  0  0  1  1  1  0  0  0  0  0  0  1  1  0  0  0  1  1  1  1  1  1  0  0  1  0  0  0  1  1  1  0  0  0  -308.0       1     0.0
18   1  0  1  1  1  1  0  1  1  1  1  0  1  0  0  0  0  1  0  0  0  0  1  0  1  0  1  1  0  0  0  0  0  0  1  1  0  1  1  1  0  1  0  1  1  1  0  0  1  1  -308.0       1     0.0
201  1  0  1  0  1  1  0  1  1  0  1  1  0  1  0  1  0  0  1  0  0  0  0  1  1  0  1  1  1  0  0  0  1  0  1  0  1  1  1  0  0  0  0  1  1  0  0  1  0  0  -308.0       1    0.02
19   1  0  0  1  0  0  0  1  1  1  1  1  0  0  1  1  0  0  1  0  0  1  1  1  1  0  0  1  0  1  0  0  1  0  0  1  1  0  1  0  0  1  0  0  1  1  0  1  1  0 -307.25       1     0.0
20   0  0  1  0  1  1  0  1  1  1  1  1  0  0  1  1  0  0  1  0  0  1  1  1  1  1  1  1  0  0  0  0  0  0  1  0  1  0  1  0  1  1  1  0  0  1  1  1  0  0 -307.25       1     0.0
21   1  1  1  0  1  1  1  1  1  0  1  0  1  0  0  0  1  1  1  0  0  0  1  0  1  1  1  0  1  0  0  0  0  0  1  0  0  1  0  1  1  0  1  1  0  0  0  0  0  1 -307.25       1     0.0
22   0  0  1  1  0  0  1  0  0  1  0  1  0  0  1  1  0  0  1  0  0  1  1  1  1  1  0  1  0  0  0  0  0  1  1  1  1  0  0  0  0  1  1  1  1  1  1  1  0  0 -307.25       1     0.0
226  0  1  1  1  0  0  0  1  1  1  1  1  0  1  1  1  0  0  1  0  0  1  0  1  1  1  0  1  0  1  0  0  1  0  0  1  0  0  0  0  0  0  1  0  1  1  1  1  0  0 -307.25       1    0.02
353  0  0  1  0  1  1  1  1  1  0  1  1  1  1  0  1  0  1  1  0  0  0  0  0  1  1  0  1  0  1  0  0  0  0  1  0  0  1  0  0  0  0  0  1  1  1  0  0  0  1 -307.25       1    0.02
23   1  0  1  0  1  1  1  0  0  0  1  0  1  1  0  1  0  1  1  0  0  0  1  1  0  1  1  1  0  0  0  0  1  0  1  1  1  1  0  0  1  1  0  0  1  1  1  0  0  0  -307.0       1     0.0
24   0  0  1  1  0  0  0  1  1  1  0  1  0  0  1  1  0  1  1  0  0  1  1  1  1  0  0  1  1  0  0  0  0  0  1  1  1  1  1  0  0  1  0  0  0  1  0  1  0  0  -307.0       1     0.0
187  0  1  0  1  0  0  1  0  1  0  1  0  1  1  0  1  1  1  0  0  0  0  1  0  1  1  1  0  1  1  1  0  0  0  0  1  0  1  0  1  0  0  0  1  1  0  0  1  1  0  -307.0       1    0.02
25   0  0  1  0  0  1  1  1  1  1  1  1  0  0  1  1  0  0  1  0  0  0  0  0  1  0  1  1  1  0  0  0  1  0  0  1  1  1  1  0  0  1  0  1  0  0  0  1  1  1 -306.25       1     0.0
26   0  0  1  1  1  0  0  1  0  1  1  1  0  0  1  1  0  0  0  0  0  0  1  1  1  1  1  0  0  1  0  0  0  1  0  0  1  1  0  1  0  0  1  1  1  0  1  1  1  0 -306.25       1     0.0
27   0  0  1  0  1  1  1  0  1  0  1  1  1  1  0  1  1  1  1  0  0  0  0  0  0  0  0  1  0  1  0  0  1  0  1  1  0  1  0  0  0  1  0  1  1  1  1  0  1  1  -306.0       1     0.0
28   1  0  1  0  1  1  0  1  1  1  0  1  0  1  1  0  0  0  1  0  0  0  1  1  1  1  0  1  0  0  0  0  1  0  1  1  1  0  1  0  0  1  1  0  1  1  0  1  0  0  -306.0       1     0.0
29   0  0  1  1  0  0  0  0  1  1  0  1  0  1  1  1  0  0  1  0  1  1  0  1  0  0  0  0  1  1  0  1  1  0  0  1  1  0  1  0  0  1  0  0  1  0  1  1  0  1  -306.0       1     0.0
191  0  1  1  0  1  1  1  1  1  0  1  0  0  1  1  1  0  1  1  1  0  0  0  1  0  0  0  0  1  1  0  0  1  1  1  0  0  1  1  1  0  0  0  1  1  0  0  0  1  0  -306.0       1    0.02
202  1  0  1  1  0  0  0  1  0  1  1  1  0  1  1  0  0  0  1  1  0  1  1  0  1  1  0  1  0  0  0  0  0  0  0  1  0  0  0  0  1  1  0  1  1  1  1  1  0  0  -306.0       1    0.02
30   1  1  1  0  1  1  0  0  0  0  1  0  1  1  1  0  0  1  1  1  0  0  0  0  0  1  1  1  0  1  0  0  0  1  1  1  0  1  0  0  0  1  0  0  1  1  1  0  0  1 -305.25       1     0.0
31   0  0  1  1  0  1  0  0  1  1  0  1  0  1  1  1  0  0  1  0  0  1  1  1  0  0  0  1  1  0  0  0  1  0  1  0  1  1  1  0  1  0  1  0  1  0  1  1  0  0 -305.25       1     0.0
217  0  1  0  1  0  1  0  0  0  0  1  1  0  1  0  1  1  1  0  0  1  0  0  0  1  0  0  1  1  1  1  0  0  1  0  1  1  1  1  1  0  1  0  1  0  0  0  0  1  1 -305.25       1    0.02
219  1  0  1  1  1  0  0  1  0  0  0  1  0  1  1  0  0  0  1  0  0  1  1  1  0  0  0  1  1  1  0  1  1  0  1  1  1  0  0  0  0  1  0  0  1  1  1  1  0  0 -305.25       1    0.02
32   0  0  1  0  1  1  1  0  1  0  1  0  0  1  0  1  0  0  1  0  0  0  0  1  1  0  1  1  1  1  1  0  1  0  0  1  1  1  0  0  0  1  0  0  1  0  0  0  1  1  -305.0       1     0.0
33   1  0  1  1  1  0  0  1  0  1  1  1  0  1  0  0  0  0  0  1  0  0  1  1  1  1  0  1  0  0  0  0  1  0  0  1  1  1  1  0  0  1  0  0  0  1  1  1  0  0  -305.0       1     0.0
34   1  0  1  1  1  1  1  1  1  0  1  1  0  1  0  1  0  0  0  0  0  1  0  0  1  1  0  1  0  0  0  1  1  0  1  0  1  0  0  0  0  1  0  1  1  1  1  1  0  0  -305.0       1     0.0
35   0  0  0  1  0  0  1  1  1  0  1  1  1  1  1  1  0  0  0  0  0  0  1  1  1  1  1  1  0  0  0  0  0  1  0  0  1  1  0  1  0  0  0  1  1  1  0  1  0  0  -305.0       1     0.0
233  0  1  1  1  0  1  0  0  0  0  0  1  0  0  1  1  1  0  1  0  0  0  0  1  1  1  1  1  0  1  0  0  0  1  1  1  1  1  0  0  0  1  0  0  1  1  0  1  0  0  -305.0       1    0.02
36   1  0  1  1  1  1  1  1  1  0  1  1  0  0  1  1  1  1  1  0  0  0  0  0  1  1  1  1  0  0  0  0  0  0  0  0  1  1  0  0  0  1  0  0  1  1  1  0  0  0 -304.25       1     0.0
37   0  0  1  1  1  1  1  1  1  1  1  1  0  1  1  1  0  0  1  0  0  0  0  1  1  0  0  1  0  0  0  0  1  0  0  1  0  0  1  0  0  0  0  0  1  1  1  1  1  0 -304.25       1     0.0
38   1  0  1  0  1  0  1  0  1  0  1  1  0  1  0  0  1  1  1  1  1  1  1  1  0  1  0  1  1  0  0  0  1  1  1  1  0  1  0  0  1  1  0  0  0  0  1  0  0  0 -304.25       1     0.0
39   0  0  1  1  0  0  0  0  1  1  1  1  0  1  1  0  0  0  0  0  1  0  1  1  1  1  0  1  0  0  0  1  1  1  0  0  1  0  1  0  0  1  0  0  1  0  1  1  0  0 -304.25       1     0.0
40   1  0  0  0  1  1  1  1  1  0  0  0  0  0  1  0  0  1  1  1  0  0  0  1  0  0  1  1  0  0  0  1  0  1  1  0  0  1  1  1  0  1  0  1  1  0  0  0  0  1 -304.25       1     0.0
189  0  1  0  1  0  1  1  0  1  0  1  1  1  1  0  1  1  0  0  0  0  0  0  0  1  1  1  0  0  1  1  0  0  1  0  0  0  1  0  1  0  0  1  1  1  1  0  1  1  0 -304.25       1    0.02
192  1  0  0  0  1  1  0  0  0  0  0  0  1  1  0  1  0  0  1  1  0  0  1  0  0  0  1  1  1  0  1  1  1  0  1  0  1  1  1  0  1  1  0  1  1  0  1  0  0  1 -304.25       1    0.02
220  1  0  1  1  0  0  1  1  1  0  0  0  0  1  1  0  1  1  1  1  1  1  1  1  0  0  0  1  0  1  0  0  1  0  0  1  0  1  0  0  0  1  0  0  1  1  1  0  0  0 -304.25       1    0.02
259  0  0  1  0  1  1  1  1  1  0  1  1  1  0  1  0  0  1  1  1  0  0  0  0  0  0  1  1  0  0  0  0  0  0  1  1  0  1  1  0  0  1  0  1  1  1  0  1  1  0 -304.25       1    0.02
330  1  0  0  0  1  0  1  1  1  1  1  0  0  0  1  0  0  0  1  0  1  1  1  1  1  0  0  1  0  0  0  1  1  0  0  0  1  1  1  0  0  1  0  0  1  1  0  0  1  1 -304.25       1    0.04
41   0  1  0  1  0  0  1  0  1  0  0  0  0  1  0  1  1  1  1  0  1  1  1  1  1  0  0  0  1  1  0  1  1  0  1  0  1  1  0  0  0  1  0  1  1  1  0  0  0  1  -304.0       1     0.0
42   0  0  1  1  0  0  1  1  0  1  1  1  0  1  1  1  0  0  1  1  0  0  1  1  0  0  0  1  1  0  0  0  1  1  0  1  1  1  1  0  1  1  0  0  0  0  1  1  0  0  -304.0       1     0.0
43   1  0  1  0  1  1  1  1  0  0  1  1  0  1  0  0  0  0  1  1  1  0  0  0  0  0  0  1  1  1  1  0  1  0  0  1  1  1  0  0  0  1  0  0  1  1  1  0  1  1  -304.0       1     0.0
44   0  1  1  0  1  0  0  0  0  0  1  1  0  1  0  1  1  1  1  1  0  0  0  1  0  1  1  1  1  0  1  0  0  1  1  0  0  1  1  1  1  1  0  0  0  1  1  0  0  0  -304.0       1     0.0
45   1  0  1  1  1  1  0  1  1  0  1  0  0  0  0  0  0  0  1  0  0  0  1  1  1  0  1  1  1  1  0  0  0  0  1  1  1  1  1  1  0  0  1  1  1  0  0  0  1  0  -304.0       1     0.0
46   1  0  1  0  1  1  1  0  1  0  1  1  1  1  0  1  1  0  1  0  0  0  1  1  0  0  1  1  1  0  0  0  1  1  0  0  1  1  0  0  1  1  0  0  1  1  0  1  0  0 -303.25       1     0.0
47   1  0  1  1  0  0  0  1  0  1  1  1  0  1  1  1  0  1  1  0  0  0  0  1  1  1  1  1  1  1  0  0  0  1  0  0  1  0  0  0  0  1  0  0  1  1  1  0  0  0 -303.25       1     0.0
48   1  0  1  0  0  1  1  1  1  0  1  0  0  1  1  0  0  0  1  1  0  0  0  1  0  0  1  1  0  0  0  0  1  1  1  1  1  1  1  0  0  1  0  0  1  1  1  0  0  0 -303.25       1     0.0
49   1  0  1  0  0  1  1  1  1  0  1  1  0  1  0  1  0  1  1  0  0  1  0  1  0  0  0  1  1  0  0  0  1  0  1  1  1  1  1  0  1  0  0  0  0  0  1  0  0  1 -303.25       1     0.0
50   0  0  0  0  1  1  0  0  0  1  1  1  1  1  0  1  0  1  1  1  1  0  0  0  0  0  0  0  1  0  1  0  0  1  1  0  0  1  1  1  1  1  0  0  0  0  1  0  0  1 -303.25       1     0.0
128  1  1  1  0  0  1  0  0  0  1  0  1  0  1  1  1  0  1  1  1  0  0  0  1  0  0  1  1  1  0  0  0  1  1  1  0  1  1  1  0  1  1  0  0  0  0  1  0  0  0 -303.25       1    0.02
179  1  0  1  1  1  0  0  1  0  0  0  1  0  1  0  1  0  0  0  0  0  1  1  1  1  0  0  1  0  0  0  0  0  1  1  1  1  1  1  0  0  0  0  1  1  1  0  1  0  0 -303.25       1    0.02
227  0  1  0  0  1  0  1  0  0  0  1  1  0  1  0  1  1  1  1  1  1  0  0  1  0  0  0  1  1  1  0  0  0  1  1  0  0  1  1  1  1  0  0  0  0  0  0  0  0  1 -303.25       1    0.02
270  0  1  1  1  1  0  0  0  1  0  1  1  0  1  0  1  1  1  1  0  1  0  0  0  1  1  1  1  1  1  1  0  0  1  0  0  1  1  0  1  0  0  0  0  0  0  0  0  1  0 -303.25       1    0.02
51   0  0  1  0  0  0  0  0  0  0  1  1  0  1  1  1  0  0  1  1  0  1  1  1  0  1  1  1  0  0  0  0  1  0  1  1  1  1  1  0  1  1  0  0  1  1  1  1  0  0  -303.0       1     0.0
52   0  0  1  0  0  0  0  1  0  1  1  1  0  1  1  1  0  1  1  0  1  0  1  1  1  1  0  0  1  0  1  0  0  0  0  1  1  1  1  0  0  1  0  0  0  1  0  1  0  0  -303.0       1     0.0
53   0  0  1  0  1  1  1  1  1  0  1  1  0  1  0  1  0  1  0  0  0  1  0  0  1  1  0  1  0  0  0  0  0  0  1  1  0  1  1  0  1  0  0  1  1  1  0  0  0  1  -303.0       1     0.0
54   0  1  1  0  1  1  1  0  1  0  1  0  0  1  0  0  0  1  1  1  0  0  0  0  1  0  1  1  0  1  1  0  0  0  1  1  1  1  0  1  0  1  0  0  1  1  0  0  1  1  -303.0       1     0.0
55   0  0  1  1  0  1  0  1  1  1  1  0  0  0  1  0  0  1  0  1  1  0  1  0  0  0  1  1  1  0  0  1  0  1  0  0  0  0  1  1  1  0  1  1  0  0  1  0  1  0  -303.0       1     0.0
56   1  1  1  1  1  1  0  1  1  0  1  1  1  0  0  0  1  0  1  0  0  1  0  0  1  1  1  1  0  1  1  0  0  0  0  0  0  1  0  1  0  0  0  1  1  1  0  0  1  0  -303.0       1     0.0
57   1  0  1  0  1  1  1  1  1  0  1  1  0  1  0  0  0  1  1  1  1  0  0  0  0  0  0  1  1  1  0  0  1  1  1  1  0  1  1  0  0  0  0  1  0  0  1  0  1  0  -303.0       1     0.0
58   1  0  0  0  0  1  0  1  1  0  1  0  0  1  0  0  0  0  1  1  0  0  1  1  0  1  1  1  0  1  0  1  0  1  1  0  1  1  0  0  1  1  0  0  1  1  1  0  0  0  -303.0       1     0.0
180  0  1  1  0  0  0  0  0  1  1  0  1  1  1  1  1  0  1  1  1  1  1  0  1  0  0  0  1  1  1  0  0  1  0  0  1  0  0  0  0  1  1  0  0  0  0  1  0  0  1  -303.0       1    0.02
188  0  0  1  0  0  0  0  0  0  1  1  1  0  1  1  1  0  0  1  1  1  0  0  1  0  1  0  1  0  0  0  0  1  1  1  1  1  0  1  0  1  1  1  0  0  0  1  1  0  0  -303.0       1    0.02
204  0  0  1  1  0  0  1  1  1  0  0  1  1  1  1  1  0  0  1  0  0  1  1  1  0  1  0  1  1  0  0  0  0  0  0  0  1  0  0  0  1  1  0  0  1  1  1  1  0  0  -303.0       1    0.02
460  0  0  1  0  1  0  0  0  0  0  0  1  0  1  0  1  0  0  1  1  0  1  1  0  0  1  1  1  1  0  1  0  1  0  1  1  1  1  1  0  0  1  0  1  1  1  1  1  0  0  -303.0       1    0.04
59   0  1  0  1  0  1  1  0  1  0  1  1  1  1  0  1  0  1  0  0  1  0  0  0  0  0  0  0  1  0  1  0  1  1  0  0  0  1  1  1  1  0  0  1  1  0  0  1  0  0 -302.25       1     0.0
60   1  0  1  0  1  1  1  1  1  1  1  0  0  1  0  0  0  0  1  0  1  0  0  1  1  0  1  1  0  1  0  0  1  0  0  1  1  1  1  0  0  1  0  1  1  1  0  0  1  0 -302.25       1     0.0
61   0  0  1  1  1  1  1  1  0  0  0  1  0  1  1  1  0  0  1  0  0  0  1  1  0  1  1  0  1  0  1  0  0  1  0  1  1  1  0  0  0  1  0  0  0  1  1  1  0  0 -302.25       1     0.0
62   0  0  1  0  1  1  1  0  1  0  1  1  0  1  1  0  0  0  1  0  1  0  0  0  0  0  0  1  1  1  0  0  1  0  1  1  1  0  1  0  1  1  0  0  1  1  1  1  0  0 -302.25       1     0.0
63   1  0  1  0  1  1  1  1  1  0  1  0  0  1  0  0  0  1  0  0  0  0  1  0  1  0  0  1  1  1  0  0  1  0  0  1  1  1  1  0  0  1  0  1  1  1  0  1  1  1 -302.25       1     0.0
64   1  0  1  1  1  1  1  1  1  0  1  1  1  1  1  1  0  0  0  0  0  0  1  1  1  1  0  1  0  0  0  0  0  1  1  0  0  1  0  1  0  0  0  1  1  1  0  1  0  0 -302.25       1     0.0
65   1  1  1  0  0  1  1  0  1  0  1  1  0  1  1  1  0  1  1  1  0  1  0  0  0  0  0  0  1  1  0  0  1  0  1  1  1  1  1  1  1  0  0  1  0  0  0  0  0  1 -302.25       1     0.0
66   1  0  1  0  1  0  0  1  1  0  0  1  0  1  0  0  1  1  1  1  0  1  1  1  0  1  0  1  0  0  0  0  1  0  1  1  1  1  1  0  1  1  0  1  0  1  0  1  0  0 -302.25       1     0.0
67   1  0  0  0  1  1  0  1  1  0  1  0  0  0  0  1  0  1  1  0  1  0  0  0  1  0  1  0  1  1  0  1  0  0  1  0  0  1  1  1  0  0  1  1  1  0  0  0  0  1 -302.25       1     0.0
196  1  0  1  0  0  0  1  1  1  1  1  1  0  1  1  1  0  0  1  1  0  1  0  1  0  0  0  1  1  0  0  0  1  0  0  1  1  0  1  0  1  1  0  0  0  0  1  1  0  0 -302.25       1    0.02
213  1  0  1  1  1  1  0  1  0  1  1  1  1  0  0  1  0  1  0  0  0  0  0  0  1  1  1  1  0  0  1  0  0  1  1  0  0  1  0  0  0  1  0  1  1  1  1  0  0  0 -302.25       1    0.02
221  1  0  1  1  1  1  0  1  0  1  1  1  0  1  0  1  0  0  1  0  0  1  1  0  0  1  0  1  0  0  0  1  1  0  0  0  1  0  0  0  0  1  0  1  1  0  1  1  0  1 -302.25       1    0.02
222  0  1  1  0  0  0  0  0  0  1  0  1  0  1  1  0  0  1  1  1  1  1  0  1  0  1  0  1  1  1  0  1  1  1  1  0  0  1  0  1  1  0  1  0  0  0  1  0  0  0 -302.25       1    0.02
228  1  1  1  0  0  0  0  0  0  1  1  1  1  1  1  0  0  0  1  1  1  0  0  0  0  0  0  1  0  0  0  0  1  1  1  1  1  1  0  0  1  1  0  0  0  1  1  0  0  0 -302.25       1    0.02
366  0  0  1  0  1  1  0  1  0  1  1  1  0  1  0  0  0  1  1  1  1  0  0  0  0  1  1  1  1  1  1  0  1  1  0  1  1  1  1  0  1  1  0  0  0  0  1  0  0  0 -302.25       1    0.04
421  1  0  1  0  1  0  1  0  0  1  0  1  0  1  1  0  0  0  1  1  1  1  0  1  0  0  0  1  1  1  0  0  1  0  1  1  1  0  1  0  0  1  1  0  0  0  1  1  0  0 -302.25       1    0.06
447  1  1  0  1  0  1  0  0  0  1  0  1  1  0  1  1  1  0  1  0  0  0  1  1  1  1  1  0  1  0  1  0  0  1  0  0  0  1  0  1  1  1  1  0  0  0  0  1  0  0 -302.25       1    0.06
68   1  0  0  0  1  1  1  1  1  0  1  0  1  1  0  1  0  1  1  0  0  0  0  1  0  0  0  1  1  1  0  0  1  1  1  0  1  1  0  0  0  1  0  0  1  1  0  0  1  1  -302.0       1     0.0
69   0  0  1  1  1  0  0  1  0  1  1  1  1  1  1  0  0  1  1  0  0  1  1  1  0  1  1  1  0  0  0  1  0  1  0  0  0  0  0  0  0  1  0  0  1  1  1  0  0  0  -302.0       1     0.0
70   0  0  0  0  1  1  1  1  0  1  1  1  0  1  0  1  0  1  1  1  1  0  0  0  0  1  1  1  1  0  1  0  0  1  0  0  1  1  0  1  1  0  0  0  0  1  1  0  0  1  -302.0       1     0.0
71   0  0  0  1  1  0  1  0  1  0  1  0  1  1  0  0  1  1  0  1  1  0  1  1  1  1  0  0  0  1  1  1  0  0  1  0  0  1  0  1  0  1  0  1  1  0  0  0  0  0  -302.0       1     0.0
173  0  0  1  0  0  1  1  0  0  1  1  1  0  0  1  1  0  1  1  1  1  0  0  0  0  0  0  0  1  1  1  0  1  1  1  1  0  1  1  0  1  1  0  0  0  0  1  0  0  0  -302.0       1    0.02
405  0  0  0  1  1  1  1  0  1  0  1  0  1  0  0  1  1  0  0  0  0  0  1  0  1  1  1  0  1  1  1  0  0  1  0  0  0  1  0  1  0  0  1  1  1  1  0  1  1  1  -302.0       1    0.06
73   1  0  1  1  1  1  0  1  1  1  1  1  0  1  1  1  0  0  1  0  0  0  0  0  0  0  1  1  1  0  0  0  1  0  0  1  1  1  1  0  0  1  0  1  0  0  0  0  0  1 -301.25       1     0.0
74   1  1  1  1  0  1  1  0  0  0  1  0  0  1  1  1  0  1  0  0  1  0  1  0  1  1  1  0  1  0  1  0  0  1  0  0  1  1  1  1  0  1  0  1  1  0  0  0  1  0 -301.25       1     0.0
75   0  0  1  1  1  0  0  1  1  1  1  1  0  1  1  1  0  0  1  0  0  0  1  1  1  0  1  1  0  0  1  0  0  0  0  1  1  0  0  0  0  0  1  1  1  1  0  1  0  0 -301.25       1     0.0
76   0  0  1  1  1  1  1  1  1  0  1  0  1  0  0  1  1  0  0  0  0  0  1  0  1  1  1  1  0  1  0  1  1  0  0  0  0  1  0  1  0  1  0  1  1  1  0  1  1  0 -301.25       1     0.0
77   0  0  0  0  1  0  1  1  1  1  1  1  1  1  1  0  0  1  0  0  1  0  1  1  1  0  1  1  0  0  0  0  0  0  1  1  0  1  0  1  0  1  0  0  1  1  0  0  0  1 -301.25       1     0.0
78   0  1  1  1  0  1  0  1  1  0  1  1  1  0  0  1  1  0  0  0  0  1  0  0  1  1  1  0  1  1  0  0  1  0  0  0  0  1  0  0  0  0  0  1  1  1  1  1  1  0 -301.25       1     0.0
337  0  1  0  0  0  1  0  0  0  0  1  0  1  1  1  0  1  1  1  0  0  0  0  1  0  1  1  0  0  1  1  1  0  1  0  0  0  1  0  1  0  1  0  0  1  1  0  0  0  0 -301.25       1    0.04
411  0  0  1  0  1  1  0  0  0  1  0  0  0  0  0  1  0  1  1  1  0  0  0  1  0  1  1  1  0  0  1  1  0  1  1  0  0  1  1  1  1  1  0  0  0  1  0  0  0  1 -301.25       1    0.04
79   0  0  1  1  0  0  0  1  1  1  0  1  1  0  1  1  1  0  1  0  0  0  1  1  1  0  1  1  0  0  0  0  1  0  0  1  0  1  0  0  0  0  1  1  1  1  1  1  1  0  -301.0       1     0.0
80   1  0  1  0  1  0  0  0  0  0  1  1  0  1  0  0  0  1  1  1  1  0  0  0  0  1  1  1  1  1  0  0  0  1  1  1  1  1  0  1  1  1  0  0  1  1  1  0  0  0  -301.0       1     0.0
81   0  0  1  1  1  0  0  1  0  1  1  1  0  1  0  1  0  1  1  0  0  1  0  1  0  1  0  1  0  0  0  0  1  0  0  1  0  1  1  0  1  0  0  0  1  1  1  1  0  0  -301.0       1     0.0
82   0  0  1  1  1  1  0  1  0  0  1  1  0  1  1  1  0  1  0  0  0  0  1  0  1  1  0  1  0  0  1  1  0  1  0  0  1  0  0  0  1  1  0  1  1  1  1  1  0  0  -301.0       1     0.0
83   0  0  0  1  1  1  1  1  1  0  1  0  1  0  0  0  1  0  0  0  0  0  1  0  1  1  1  1  0  1  0  1  1  0  0  1  0  1  0  0  0  1  0  1  1  1  0  1  1  1  -301.0       1     0.0
84   0  1  1  0  1  0  0  0  1  1  1  1  0  1  0  1  0  1  1  1  1  1  0  0  0  0  0  1  1  0  0  0  1  0  0  1  1  1  1  0  1  0  0  0  0  1  1  0  0  0  -301.0       1     0.0
242  0  1  0  0  0  1  1  0  1  1  1  1  1  1  1  0  0  1  1  0  1  0  0  1  0  0  1  0  1  1  0  0  0  1  1  1  0  1  0  1  1  0  0  0  0  1  0  0  0  0  -301.0       1    0.02
244  1  0  1  1  0  1  0  0  0  1  1  1  0  1  0  1  0  0  1  1  0  0  0  0  0  0  0  1  1  0  0  0  1  1  1  1  1  1  1  0  1  1  0  0  0  0  1  1  0  0  -301.0       1    0.02
280  0  0  1  0  1  0  0  0  1  1  1  1  0  1  1  0  0  1  0  1  1  1  0  0  1  0  0  1  0  1  0  0  1  0  1  1  1  1  1  0  1  1  0  0  1  1  1  0  0  0  -301.0       1    0.02
86   1  0  1  0  0  1  1  1  1  1  1  0  0  1  1  1  0  0  1  0  0  0  1  1  1  0  0  1  1  1  0  0  1  0  0  0  1  1  1  0  0  1  0  0  1  0  0  0  0  1 -300.25       1     0.0
87   1  0  0  1  1  1  1  1  1  0  1  1  1  1  0  0  1  1  0  0  0  0  1  1  0  0  0  1  1  0  0  0  1  1  0  0  0  1  0  1  0  0  0  1  1  0  0  1  1  0 -300.25       1     0.0
88   0  0  1  1  0  0  1  0  0  1  1  1  0  1  1  1  0  1  0  1  1  0  1  1  1  1  1  1  1  1  0  0  0  1  0  0  0  1  1  1  1  1  0  0  0  1  0  0  0  0 -300.25       1     0.0
89   1  0  1  0  1  1  1  1  0  0  1  0  0  0  1  1  0  0  1  0  0  0  0  1  1  1  1  1  1  0  0  0  1  0  1  0  1  1  0  0  0  0  1  1  1  0  0  1  1  0 -300.25       1     0.0
90   1  1  0  0  1  0  1  1  1  0  0  0  0  1  0  1  1  1  1  1  1  1  0  0  1  0  0  1  1  1  0  0  1  0  1  1  1  1  0  0  0  0  0  1  1  0  0  0  1  1 -300.25       1     0.0
190  1  0  1  0  1  0  1  1  0  0  1  0  0  1  0  0  0  0  1  1  1  1  0  0  0  0  0  1  1  1  0  0  1  0  0  0  1  1  1  0  0  1  0  1  1  0  1  0  0  1 -300.25       1    0.02
271  1  0  0  0  1  0  1  1  1  0  1  1  0  1  1  0  0  1  1  1  0  0  1  1  1  0  0  1  0  0  0  0  1  1  1  1  0  1  1  0  0  0  0  0  1  1  1  0  0  0 -300.25       1    0.02
276  0  0  1  1  1  0  0  1  1  1  1  1  1  1  1  0  0  1  1  0  0  0  1  1  1  0  1  1  0  0  0  0  0  1  0  1  1  0  0  0  0  0  0  0  1  1  0  1  1  0 -300.25       1    0.02
298  0  0  1  0  1  1  0  0  1  1  1  0  1  1  0  1  1  0  1  0  0  0  0  1  0  0  1  1  1  1  0  1  1  1  1  0  1  1  1  1  0  1  0  0  1  0  0  0  0  1 -300.25       1    0.02
328  0  1  1  1  0  1  1  0  1  0  0  1  1  0  0  1  1  1  0  0  1  1  1  0  1  1  0  0  1  0  1  0  1  0  0  1  0  1  0  0  0  0  0  1  0  0  1  1  1  0 -300.25       1    0.04
454  0  0  1  0  1  1  1  1  1  0  1  1  0  1  0  1  1  1  1  1  0  0  0  1  0  0  0  1  1  1  0  0  1  1  0  0  0  1  1  0  0  1  0  0  0  1  0  0  1  0 -300.25       1    0.06
91   1  0  1  1  1  0  0  1  0  1  1  1  0  1  1  0  0  1  0  1  0  0  0  1  1  1  1  1  0  0  0  0  0  1  0  1  0  1  1  1  1  1  0  1  0  0  0  1  0  0  -300.0       1     0.0
92   1  0  1  1  1  1  0  1  1  0  1  1  1  1  1  0  0  0  1  0  0  0  0  1  1  1  0  1  0  1  0  0  0  0  0  0  1  1  0  0  0  1  0  0  1  1  1  1  1  0  -300.0       1     0.0
93   1  0  1  1  1  1  1  1  0  1  0  0  1  0  0  1  0  0  1  0  0  1  0  0  1  1  0  1  0  1  1  0  1  0  0  1  1  0  0  0  0  0  1  1  1  1  0  1  1  0  -300.0       1     0.0
94   0  0  1  1  1  1  1  1  1  0  1  0  1  0  0  1  1  1  0  0  0  0  1  0  1  1  1  1  1  0  0  0  0  0  0  0  0  1  0  1  0  1  0  1  1  0  1  0  1  1  -300.0       1     0.0
235  0  0  1  1  1  0  1  1  1  0  1  1  0  1  1  1  0  1  0  0  0  0  1  0  1  1  1  1  0  0  0  0  1  1  0  0  0  1  0  1  0  0  0  1  1  1  1  1  0  0  -300.0       1    0.02
250  0  0  0  1  1  1  1  1  0  1  1  0  1  0  0  0  1  0  0  0  1  0  1  0  1  1  1  1  0  1  1  1  0  1  0  1  0  1  0  1  0  0  0  1  1  1  0  1  0  0  -300.0       1    0.02
95   1  0  1  1  1  0  0  1  0  1  1  0  0  0  1  1  0  1  1  1  0  0  1  0  0  0  1  1  0  0  0  0  1  1  0  0  0  0  0  0  0  1  1  0  1  1  1  0  1  0 -299.25       1     0.0
96   1  0  1  0  1  1  1  1  1  0  1  1  0  0  1  1  1  1  1  0  0  0  1  1  1  1  1  0  1  0  0  0  0  0  0  0  1  1  0  0  0  1  0  1  1  1  0  1  0  0 -299.25       1     0.0
97   0  0  1  0  1  1  0  0  1  1  1  1  1  1  0  1  0  0  1  0  1  1  0  0  1  0  1  1  1  1  1  0  1  0  0  1  1  1  0  0  0  1  0  0  1  1  0  0  0  1 -299.25       1     0.0
98   0  0  0  1  1  0  0  1  1  1  1  1  1  0  1  0  0  1  1  0  1  1  0  1  1  0  1  1  0  1  0  0  0  0  0  1  0  0  1  0  0  1  0  0  1  0  0  0  1  0 -299.25       1     0.0
99   1  1  1  1  0  1  0  1  1  1  1  1  0  1  1  1  0  0  1  0  0  0  0  1  0  0  0  1  0  0  0  0  0  1  1  0  1  0  1  0  0  0  0  0  1  1  1  0  0  0 -299.25       1     0.0
100  1  1  1  0  0  1  1  1  1  1  1  1  0  1  0  0  0  0  1  0  0  0  0  1  0  1  1  1  0  0  0  0  1  0  1  1  1  1  1  0  0  0  0  0  1  0  1  0  0  1 -299.25       1     0.0
101  1  0  1  1  0  1  1  1  1  1  1  0  0  1  1  0  0  0  1  1  0  0  0  0  1  0  1  1  0  1  0  0  1  0  1  1  1  0  0  0  0  1  0  0  1  1  1  0  0  0 -299.25       1     0.0
102  0  0  1  0  1  1  1  0  1  0  1  1  1  0  0  1  1  1  1  0  1  0  0  0  1  1  0  1  0  1  0  0  1  1  0  0  1  1  0  0  0  0  0  0  1  1  0  0  1  1 -299.25       1     0.0
103  0  1  1  1  0  1  0  0  0  0  1  1  1  1  0  1  1  0  0  0  0  0  1  1  1  1  1  0  1  1  1  0  0  1  1  1  0  1  0  1  0  1  0  1  0  1  0  1  0  0 -299.25       1     0.0
247  1  1  1  0  0  1  0  1  0  1  0  0  1  0  1  0  0  1  1  1  0  0  0  1  0  0  1  0  1  1  0  1  0  1  1  0  0  0  0  1  0  0  1  0  1  1  1  0  0  0 -299.25       1    0.02
370  0  1  0  0  1  0  1  0  0  1  1  0  1  1  0  0  0  1  1  1  1  0  0  0  0  1  0  1  1  1  0  1  1  1  1  1  1  1  0  1  1  1  0  0  0  1  1  0  0  0 -299.25       1    0.04
392  1  1  1  0  1  0  1  1  0  1  1  0  0  1  0  0  0  1  0  1  0  0  0  1  0  0  1  1  0  0  0  0  0  1  1  1  0  1  1  1  1  0  0  0  0  0  1  0  0  1 -299.25       1    0.04
104  1  1  0  0  1  0  0  0  0  0  1  0  0  1  0  1  0  0  1  0  0  1  0  0  1  1  0  1  0  1  0  0  1  0  1  1  1  1  0  0  0  1  0  0  1  1  1  0  0  1  -299.0       1     0.0
105  0  0  0  1  0  1  0  1  1  1  0  1  0  1  1  1  0  0  1  0  0  1  0  1  1  0  1  1  0  1  0  0  0  0  1  0  1  0  1  1  0  1  1  0  1  1  0  1  1  0  -299.0       1     0.0
106  0  1  0  0  1  1  1  0  0  0  1  1  1  1  0  1  1  1  0  1  0  0  0  0  1  1  1  1  1  0  1  0  0  1  0  0  0  1  0  1  0  1  0  1  1  0  0  0  0  0  -299.0       1     0.0
272  0  0  1  1  0  1  0  0  0  0  1  1  0  1  1  1  1  1  0  0  0  0  0  1  1  1  1  1  1  1  0  0  0  0  0  1  1  1  0  0  0  1  0  1  1  1  0  1  1  0  -299.0       1    0.02
282  0  1  1  0  0  0  1  0  1  1  1  1  0  1  0  1  1  1  0  1  1  1  0  1  0  0  0  1  1  1  0  0  1  1  0  0  0  1  0  1  1  0  0  0  0  0  0  0  1  0  -299.0       1    0.02
294  0  1  1  0  1  1  0  0  0  0  1  1  0  1  0  1  1  0  1  0  1  1  1  0  0  1  0  0  1  1  1  1  0  0  0  0  1  1  0  0  0  1  0  1  1  0  1  0  0  0  -299.0       1    0.02
295  1  0  0  1  0  1  1  0  0  0  0  0  1  1  1  0  0  0  1  1  0  0  0  1  0  0  0  1  1  0  0  1  1  0  1  1  0  1  1  1  1  1  0  1  0  0  1  1  0  0  -299.0       1    0.02
301  0  1  0  1  1  0  0  1  0  0  1  1  1  0  0  1  1  1  1  0  0  0  0  0  1  1  0  0  1  1  1  0  0  0  0  0  0  1  0  1  0  1  0  1  1  1  0  0  1  1  -299.0       1    0.02
310  1  0  0  0  1  1  0  1  1  1  1  1  0  0  1  0  0  0  1  0  0  1  0  0  0  0  0  1  0  1  0  0  1  1  1  0  1  1  1  0  0  1  0  0  1  1  1  0  1  0  -299.0       1    0.02
314  0  1  0  0  1  1  0  1  0  0  1  0  1  0  0  1  0  0  1  0  0  1  0  0  1  1  1  0  0  1  1  0  0  0  1  0  1  1  0  1  0  0  1  1  1  1  1  1  1  1  -299.0       1    0.02
389  0  0  1  0  1  1  0  0  0  1  1  1  0  1  1  1  0  1  0  1  1  0  0  0  0  0  0  1  1  1  0  0  1  1  1  1  0  1  0  0  1  1  0  1  0  0  1  0  0  0  -299.0       1    0.04
429  0  1  0  1  1  1  0  0  1  0  1  1  0  1  1  0  0  0  1  0  0  0  1  0  0  1  0  1  1  0  0  1  1  0  1  1  1  1  0  0  1  0  0  1  1  1  1  1  0  0  -299.0       1    0.04
459  1  0  1  0  0  0  0  1  0  1  0  1  0  1  1  1  0  1  1  1  0  1  0  1  0  0  0  1  0  1  0  0  1  1  1  1  1  0  1  0  0  1  0  0  0  1  1  1  1  0  -299.0       1    0.08
107  0  0  0  0  1  1  0  1  1  1  1  1  0  1  0  1  0  0  0  0  0  0  1  1  0  1  1  1  1  0  0  1  1  0  0  0  1  1  1  0  0  1  0  1  1  0  1  1  0  0 -298.25       1     0.0
108  0  0  1  1  1  0  0  0  1  0  1  1  1  1  1  1  0  0  1  0  0  1  1  1  1  0  0  1  1  0  0  0  1  1  0  0  1  1  1  0  1  1  0  0  1  1  0  1  0  0 -298.25       1     0.0
109  1  0  0  0  1  1  0  0  1  0  1  1  0  1  0  1  1  1  1  0  0  1  0  0  0  0  0  1  0  1  0  0  1  0  1  1  0  1  0  0  0  1  0  0  1  1  0  0  1  1 -298.25       1     0.0
110  0  0  1  1  0  1  0  1  0  1  1  1  1  1  0  1  0  0  0  0  0  0  1  0  0  0  1  1  0  0  1  0  0  1  0  0  1  1  1  1  1  0  0  1  0  1  0  1  0  0 -298.25       1     0.0
111  0  1  1  1  0  0  0  1  1  1  0  1  0  1  0  1  1  0  1  0  1  1  1  1  1  1  0  0  1  1  1  0  0  0  0  0  0  0  0  0  1  0  1  0  1  1  0  1  0  0 -298.25       1     0.0
112  0  0  1  1  1  1  0  1  0  1  1  1  1  1  0  1  0  0  1  0  0  0  0  0  0  1  1  1  1  1  1  0  0  1  0  1  1  1  0  0  0  0  1  0  1  1  1  1  0  0 -298.25       1     0.0
113  0  0  0  1  1  0  0  1  1  0  0  1  1  1  1  1  0  1  1  0  0  1  0  0  1  1  0  1  0  0  0  0  1  0  0  0  0  0  0  1  0  1  1  1  1  1  0  1  1  1 -298.25       1     0.0
114  1  1  1  0  1  0  0  1  0  0  1  0  0  0  1  0  0  1  1  1  0  0  1  1  1  1  1  0  1  1  0  0  0  0  1  1  0  1  0  1  0  0  0  1  1  0  0  0  0  0 -298.25       1     0.0
115  1  0  1  0  1  0  1  0  0  1  1  1  0  1  0  0  0  1  1  1  1  0  1  1  1  1  0  1  1  0  0  1  1  0  1  1  0  1  1  1  1  0  0  1  0  0  0  0  0  0 -298.25       1     0.0
229  0  1  1  0  0  1  1  0  0  1  0  1  0  1  1  1  0  1  1  1  0  0  0  1  0  0  0  0  1  1  0  0  1  1  1  0  1  0  1  1  1  0  0  0  0  0  1  0  0  0 -298.25       1    0.02
258  0  0  1  1  1  0  0  1  0  1  1  1  0  1  1  1  0  1  0  1  1  0  0  1  0  0  1  1  1  1  0  0  0  1  0  0  0  0  0  1  1  0  0  0  0  1  1  0  0  0 -298.25       1    0.02
274  0  1  1  0  0  0  0  0  1  1  1  1  0  1  1  1  0  1  1  1  1  0  0  1  1  0  0  0  1  1  0  0  1  1  1  0  1  1  1  0  0  1  0  0  0  0  0  0  0  1 -298.25       1    0.02
293  1  0  1  1  1  1  1  0  1  0  1  0  0  1  1  1  1  0  1  0  0  0  1  0  0  0  0  1  0  1  0  1  1  0  0  1  1  1  0  0  0  0  0  1  1  1  0  0  1  0 -298.25       1    0.02
306  0  0  0  1  0  0  0  1  0  1  1  0  0  0  1  0  0  1  0  1  1  0  0  1  1  0  1  1  1  1  0  0  0  1  1  1  0  1  1  1  0  1  0  0  0  1  1  0  0  0 -298.25       1    0.02
396  1  0  1  1  0  0  1  0  1  0  1  0  1  0  0  0  1  1  0  0  0  0  1  0  1  1  1  1  1  0  1  1  0  1  1  0  0  1  0  0  1  0  0  1  1  1  0  1  0  0 -298.25       1    0.04
399  0  0  0  1  1  1  1  1  1  1  1  1  1  1  1  0  0  1  1  0  0  0  0  1  1  1  1  1  0  0  0  0  0  0  0  0  0  1  1  1  0  0  0  1  1  1  0  1  1  0 -298.25       1    0.04
456  0  0  1  0  0  0  0  0  0  1  0  1  0  1  1  1  0  1  1  1  1  0  0  1  0  0  0  1  1  1  0  0  1  1  1  0  1  1  1  0  1  1  0  0  0  0  1  0  0  0 -298.25       1    0.08
481  1  0  1  0  0  0  1  1  0  1  0  0  0  1  1  0  0  1  1  1  0  1  0  1  0  0  0  1  1  0  0  0  1  0  1  1  1  0  1  0  1  1  0  0  0  1  1  0  0  0 -298.25       1     0.1
116  1  0  1  0  0  0  0  1  1  1  1  1  0  1  1  1  0  0  1  0  0  0  1  1  0  0  0  1  1  0  0  0  1  1  0  0  1  1  1  0  1  1  0  0  1  0  0  1  0  0  -298.0       1     0.0
117  1  0  1  1  0  1  0  1  1  1  1  0  0  0  1  1  1  0  1  0  0  1  1  1  0  1  1  1  1  0  0  0  0  1  0  0  1  0  0  0  1  1  1  0  0  0  0  1  1  0  -298.0       1     0.0
118  0  1  0  0  0  1  1  1  1  0  1  1  0  0  1  1  0  0  1  0  0  0  0  1  1  1  1  0  1  0  0  0  0  0  1  0  1  1  1  1  1  0  1  0  0  0  0  0  0  0  -298.0       1     0.0
119  0  1  0  1  0  0  1  0  1  0  1  1  1  1  1  0  0  1  0  0  0  0  1  1  1  1  0  1  0  0  0  1  1  0  1  1  0  1  0  0  1  1  0  1  1  1  0  1  0  0  -298.0       1     0.0
120  0  1  1  1  0  1  1  0  0  0  1  1  1  1  1  1  1  1  1  0  0  1  0  1  0  1  1  0  1  0  0  0  0  1  0  0  1  0  0  0  1  0  0  0  1  0  1  1  1  0  -298.0       1     0.0
121  1  0  1  0  1  1  0  1  1  0  1  1  0  0  1  1  0  0  1  1  0  1  0  0  0  1  1  1  0  1  0  1  1  1  1  0  0  1  0  0  0  0  1  1  1  1  1  0  1  0  -298.0       1     0.0
122  1  0  0  0  1  1  1  0  1  0  1  0  0  1  1  1  0  1  1  1  0  0  0  1  0  1  1  1  1  1  0  0  1  0  1  1  0  1  1  1  1  1  0  0  0  0  0  0  1  1  -298.0       1     0.0
123  0  0  1  1  1  0  1  1  1  1  1  1  1  1  1  0  0  1  1  1  1  0  0  1  0  0  0  1  1  1  0  0  1  1  1  1  0  1  0  0  1  0  0  0  0  1  1  0  0  0  -298.0       1     0.0
124  0  0  0  0  0  1  1  1  1  0  0  1  0  0  1  1  0  0  1  0  0  0  0  1  1  1  1  1  0  0  0  1  0  1  1  0  1  1  0  1  0  0  1  1  1  1  0  1  0  0  -298.0       1     0.0
125  0  0  1  0  0  1  0  0  1  1  1  1  1  0  1  1  0  0  0  1  1  1  0  1  1  0  0  1  1  0  0  0  1  0  1  1  1  0  1  0  1  1  1  0  0  0  1  1  0  0  -298.0       1     0.0
126  1  1  0  1  1  1  0  0  0  1  1  0  0  1  1  1  0  1  1  0  1  0  1  0  0  0  0  0  1  1  1  1  1  1  0  1  1  0  1  1  1  0  0  0  0  0  1  0  0  0  -298.0       1     0.0
127  0  0  0  0  1  0  0  1  1  0  1  1  0  1  1  0  1  0  1  0  1  1  1  0  1  0  0  0  0  1  0  0  1  0  0  1  1  1  1  0  0  0  0  1  1  1  0  1  1  0  -298.0       1     0.0
261  0  0  1  1  1  0  1  1  1  0  1  1  1  0  0  1  1  0  1  0  0  1  1  0  1  1  1  1  1  0  0  0  1  0  1  0  0  1  0  0  0  1  0  1  1  1  1  1  0  0  -298.0       1    0.02
275  0  1  1  0  0  0  0  1  1  1  1  1  0  1  1  1  0  0  1  1  1  1  1  1  0  0  0  0  1  1  0  0  1  0  0  0  1  1  1  0  0  0  0  0  1  0  1  0  0  0  -298.0       1    0.02
278  0  0  1  1  0  1  0  1  0  1  1  1  0  1  1  1  0  1  1  0  1  0  0  0  0  0  0  1  1  1  0  0  0  1  0  0  1  1  0  0  0  1  0  0  1  1  1  1  0  0  -298.0       1    0.02
309  1  1  1  0  1  1  1  0  0  0  0  0  0  1  1  0  0  0  1  1  0  0  0  1  0  1  1  1  1  0  0  0  1  1  1  1  0  0  1  1  1  1  0  0  1  1  1  0  0  0  -298.0       1    0.02
318  1  1  1  0  0  1  0  0  0  1  1  1  1  1  1  0  0  1  1  1  1  0  0  0  0  0  0  1  1  0  0  0  0  1  1  1  1  0  0  0  1  1  0  0  0  0  1  0  0  1  -298.0       1    0.02
358  0  0  0  1  1  0  1  0  1  0  0  0  1  1  0  1  1  0  1  0  0  1  1  1  1  1  0  1  0  0  1  1  1  0  1  1  0  1  0  0  0  1  0  1  1  1  0  0  0  1  -298.0       1    0.04
367  0  0  1  1  0  0  1  1  0  1  1  1  1  1  1  1  0  1  1  1  0  0  0  1  0  0  0  0  1  1  0  0  0  1  0  0  0  0  1  1  0  1  0  0  0  0  1  1  1  0  -298.0       1    0.04
390  1  0  1  1  0  0  0  1  1  1  1  1  0  1  1  1  0  0  1  1  0  0  0  1  0  0  0  1  0  1  0  1  1  1  0  0  1  1  0  0  1  1  0  0  0  1  1  1  0  0  -298.0       1    0.04
416  0  0  0  1  0  1  1  0  0  1  0  0  1  1  1  0  0  0  1  0  1  0  1  1  0  1  1  0  1  1  1  1  0  1  1  0  1  0  0  1  0  0  1  0  1  1  1  1  0  0  -298.0       1    0.04
129  1  0  0  0  0  1  0  1  1  1  1  0  0  1  0  0  1  1  1  1  0  0  0  1  0  0  0  1  1  1  0  1  1  0  0  1  0  1  1  1  0  1  0  0  1  0  0  0  1  1 -297.25       1     0.0
130  1  0  1  0  1  0  0  1  0  1  1  1  1  0  1  0  0  0  1  0  0  0  1  1  1  1  1  1  1  1  0  0  0  1  1  0  1  1  1  0  0  1  0  0  1  1  1  0  0  0 -297.25       1     0.0
131  0  0  1  1  0  1  0  1  0  1  1  1  0  1  1  1  0  0  1  0  0  0  0  1  0  1  1  0  1  1  1  0  0  1  0  0  0  1  1  1  0  1  0  0  1  1  0  1  0  0 -297.25       1     0.0
132  0  1  0  1  0  1  0  1  0  1  1  1  0  1  1  1  0  0  1  1  0  0  0  1  0  1  1  0  1  1  0  0  1  1  1  0  1  0  0  1  1  0  1  0  0  1  1  1  0  0 -297.25       1     0.0
133  0  0  0  1  0  1  0  1  0  1  0  1  1  0  1  0  0  1  0  1  1  0  0  0  1  1  0  1  0  1  1  0  0  1  0  0  0  0  1  1  0  1  1  0  1  0  0  1  1  0 -297.25       1     0.0
134  1  0  1  0  1  1  0  1  0  1  1  0  0  0  0  1  0  0  1  0  0  0  0  1  1  1  1  1  1  0  1  0  0  0  0  1  1  1  1  1  0  0  1  1  1  0  0  1  0  0 -297.25       1     0.0
135  0  0  0  0  1  1  0  1  1  1  1  0  0  1  1  1  0  0  1  0  0  0  1  0  1  0  1  1  0  0  0  0  0  0  1  1  1  1  0  0  0  1  0  1  1  1  0  0  0  1 -297.25       1     0.0
136  1  0  1  1  1  0  0  1  0  1  1  1  0  1  1  0  0  1  1  1  1  0  1  1  1  1  1  1  0  1  0  0  1  0  0  1  0  1  0  0  0  1  0  0  1  1  0  0  0  0 -297.25       1     0.0
137  0  0  1  1  1  1  0  1  1  1  1  1  1  1  1  0  0  1  1  0  1  0  1  0  1  1  0  1  0  0  0  1  0  0  0  0  0  1  0  0  0  1  0  1  1  1  1  1  0  0 -297.25       1     0.0
138  1  0  1  0  1  0  0  0  0  1  1  1  0  1  1  1  0  0  1  0  1  1  1  0  0  1  0  0  1  1  1  0  0  1  0  1  1  0  1  0  1  1  0  0  1  0  1  0  0  0 -297.25       1     0.0
139  1  0  1  0  0  1  0  0  0  1  1  1  0  1  1  0  0  1  0  0  0  0  1  0  0  1  1  1  1  1  0  0  1  1  0  1  1  0  0  0  1  1  0  0  1  1  1  1  0  0 -297.25       1     0.0
265  0  0  1  0  0  0  0  1  0  1  1  1  0  1  1  1  0  0  1  1  1  1  0  0  0  0  0  1  1  1  1  0  1  0  0  1  1  0  1  0  0  1  0  0  0  0  1  0  0  1 -297.25       1    0.02
283  0  1  0  1  0  0  1  1  1  0  1  1  1  1  0  1  1  0  0  0  1  1  1  0  1  1  0  0  1  0  1  1  0  0  0  0  0  1  1  0  0  1  0  1  1  1  0  1  1  0 -297.25       1    0.02
285  0  0  1  0  0  1  0  0  0  1  1  1  0  1  1  1  0  0  1  0  0  0  0  1  0  1  1  1  1  0  0  0  1  1  0  0  1  1  1  1  0  1  0  1  1  0  1  1  0  0 -297.25       1    0.02
304  1  0  1  0  1  1  0  1  1  1  1  1  0  1  1  1  0  1  1  1  0  0  0  1  0  0  1  1  0  0  0  0  1  1  1  1  1  1  1  0  0  0  0  0  1  1  0  0  0  0 -297.25       1    0.02
322  1  0  0  1  1  1  1  1  0  0  1  1  1  1  1  0  0  0  1  0  0  0  0  1  0  1  1  1  0  1  0  0  1  1  1  0  0  1  0  0  0  1  0  0  1  1  0  0  1  0 -297.25       1    0.02
323  0  0  1  0  1  1  1  1  0  1  1  0  0  0  1  1  0  1  1  0  0  0  0  0  1  0  1  0  1  1  1  0  0  0  1  0  1  1  1  1  0  1  0  1  1  0  0  0  1  0 -297.25       1    0.02
438  1  0  1  0  1  0  1  1  1  1  1  1  0  1  1  0  0  1  1  1  0  0  0  1  0  0  0  1  1  0  0  0  1  0  0  1  1  1  1  0  1  1  0  0  0  1  0  0  0  0 -297.25       1    0.06
498  0  1  0  1  0  1  0  0  1  0  1  1  0  1  1  1  1  0  0  0  0  1  1  0  1  1  0  0  1  0  1  1  0  0  0  0  0  1  1  1  0  0  1  1  0  1  0  1  1  0 -297.25       1     0.1
140  1  0  1  1  1  0  1  1  1  1  1  0  0  1  0  0  1  1  0  1  0  1  1  1  1  0  0  1  1  0  0  0  1  0  0  0  0  0  1  1  0  1  0  1  1  0  0  0  1  0  -297.0       1     0.0
141  0  0  0  1  1  0  0  0  1  0  0  0  1  1  0  1  1  0  1  0  1  1  1  0  1  0  0  0  1  0  1  1  1  0  0  1  0  1  0  1  0  0  0  1  1  0  0  1  1  1  -297.0       1     0.0
142  0  0  1  1  1  0  0  1  1  0  1  1  1  1  0  1  1  0  0  0  1  0  1  1  1  0  1  1  1  0  0  0  0  0  0  0  1  1  0  0  0  1  0  0  1  1  0  1  0  0  -297.0       1     0.0
143  1  1  1  0  1  1  0  0  1  1  1  0  0  1  1  1  0  1  1  0  1  1  0  0  0  0  0  1  1  0  0  0  1  0  0  1  1  0  1  0  0  1  1  0  1  0  0  0  1  1  -297.0       1     0.0
144  0  0  0  1  0  0  0  1  0  1  1  1  1  0  1  0  0  0  0  1  0  0  1  0  1  1  0  1  0  0  0  1  0  1  0  0  1  1  1  0  0  1  0  0  1  1  1  1  0  0  -297.0       1     0.0
145  0  0  1  0  1  1  0  0  1  1  1  1  0  1  1  0  0  0  1  1  1  1  0  1  0  0  0  1  1  1  0  0  1  1  1  1  1  0  1  0  0  1  0  0  0  1  1  0  0  0  -297.0       1     0.0
146  0  0  1  1  1  1  1  1  1  0  1  0  0  0  0  1  1  0  0  0  0  0  1  1  1  1  1  1  1  0  1  0  0  1  0  0  1  1  0  1  1  0  0  1  1  1  0  1  1  0  -297.0       1     0.0
147  0  0  1  0  1  1  1  1  1  1  1  0  0  0  1  1  0  1  1  1  0  0  0  1  1  0  1  1  1  1  0  0  0  1  1  0  0  1  1  1  0  1  0  0  1  0  0  0  0  0  -297.0       1     0.0
273  0  1  1  0  0  0  0  1  1  1  1  1  0  1  1  1  0  1  1  1  0  0  0  1  0  0  1  0  1  1  0  0  1  1  1  0  1  1  1  0  1  1  0  0  0  0  1  0  0  0  -297.0       1    0.02
305  0  1  1  0  1  0  1  0  1  0  1  0  1  1  0  1  1  1  0  0  1  0  1  0  1  1  0  1  0  1  0  0  1  1  0  1  0  1  0  1  0  1  0  1  1  1  0  0  0  0  -297.0       1    0.02
332  0  0  1  0  1  0  1  1  1  0  1  0  1  1  0  1  0  1  1  0  0  0  1  1  1  0  1  1  1  0  1  0  0  0  1  1  1  1  1  0  0  1  0  0  0  0  1  0  0  1  -297.0       1    0.02
400  1  0  1  1  0  0  0  1  1  1  1  1  0  1  1  0  0  1  1  1  0  1  0  1  0  0  0  0  1  1  0  0  1  0  0  1  0  0  0  0  1  1  0  0  0  1  1  0  1  0  -297.0       1    0.04
406  1  0  1  0  1  0  0  0  0  1  1  1  0  1  0  0  1  1  1  1  1  0  0  1  0  0  0  1  1  1  1  0  1  0  0  1  0  1  0  0  1  1  0  0  0  0  1  0  0  1  -297.0       1    0.04
148  1  0  1  1  0  0  1  1  0  1  1  0  1  1  0  0  1  0  0  1  0  0  1  1  0  1  1  0  1  0  0  1  0  1  0  0  1  1  0  1  1  0  0  1  1  0  0  1  0  0 -296.25       1     0.0
149  1  0  1  1  1  1  0  1  0  1  1  0  0  1  0  1  0  0  1  0  0  0  1  1  0  1  1  1  1  0  0  0  0  0  0  0  1  1  1  0  1  0  1  1  1  1  0  0  0  0 -296.25       1     0.0
150  1  0  1  0  0  1  0  1  1  1  1  0  1  1  1  0  0  0  1  0  0  1  0  1  1  0  1  1  1  1  0  0  1  0  0  1  1  1  0  0  0  1  0  0  1  1  1  0  0  1 -296.25       1     0.0
151  0  0  0  1  1  0  1  1  1  1  1  1  0  1  1  1  0  0  0  1  1  1  0  1  1  1  0  1  0  0  0  0  1  0  0  1  0  0  0  0  0  1  0  1  1  1  1  0  0  0 -296.25       1     0.0
152  0  0  0  1  1  1  0  1  0  1  1  1  1  0  1  1  0  0  0  0  0  0  1  1  1  1  1  1  0  0  1  0  0  1  1  1  1  1  0  1  0  0  1  0  1  1  0  1  0  0 -296.25       1     0.0
153  0  1  0  1  1  0  0  0  1  0  1  1  1  1  0  1  1  1  1  0  1  1  0  1  1  0  0  1  1  1  0  0  1  0  0  1  0  1  1  0  0  0  0  0  1  1  0  0  0  0 -296.25       1     0.0
154  1  0  0  1  1  1  0  0  0  1  1  0  0  1  1  0  0  0  1  0  1  1  1  1  1  1  0  0  0  1  0  1  1  0  1  1  1  0  1  0  0  1  0  0  1  1  1  1  0  0 -296.25       1     0.0
155  0  0  1  1  1  1  1  1  0  0  1  0  1  1  0  0  0  1  1  0  0  0  1  0  1  1  1  1  0  1  1  0  1  0  0  1  0  1  0  0  0  1  0  1  1  1  1  0  0  1 -296.25       1     0.0
245  1  0  1  0  0  0  0  0  1  1  1  1  0  1  1  0  0  1  1  1  1  1  0  1  0  0  0  1  1  1  0  0  1  1  1  1  1  0  1  0  0  1  0  0  0  0  1  0  0  0 -296.25       1    0.02
257  1  0  1  0  0  0  0  1  0  1  1  1  0  1  1  1  0  0  1  1  1  0  0  1  0  0  0  1  1  0  0  0  1  1  0  0  1  0  1  0  1  1  0  0  0  0  1  1  0  0 -296.25       1    0.02
281  1  0  1  0  0  1  0  0  1  1  1  0  1  1  1  0  0  0  1  1  1  0  0  0  0  0  0  1  1  1  0  1  1  1  0  0  1  1  1  0  1  1  0  0  1  0  1  0  0  0 -296.25       1    0.02
288  1  0  0  0  0  1  0  1  0  1  1  0  1  1  1  0  1  1  1  1  0  0  0  1  0  0  1  0  1  1  0  1  0  1  1  0  0  1  1  1  1  0  0  0  0  0  0  0  0  0 -296.25       1    0.02
299  0  0  0  1  1  0  1  1  1  0  1  1  1  1  0  1  0  1  0  0  0  1  1  0  1  1  1  1  0  0  1  1  0  0  0  0  0  1  0  0  0  0  1  1  1  1  1  1  1  0 -296.25       1    0.02
335  1  1  1  0  0  0  1  0  1  0  1  1  0  1  1  0  0  1  1  1  1  1  1  1  0  0  0  1  1  0  0  0  1  0  1  1  1  0  1  0  0  1  0  0  0  1  1  1  0  0 -296.25       1    0.04
377  1  0  1  1  1  0  1  1  1  0  0  1  0  0  0  1  0  1  1  1  0  0  1  1  1  0  1  1  1  0  0  0  1  0  1  0  0  1  0  0  0  1  1  1  1  1  0  0  0  1 -296.25       1    0.04
428  0  0  0  1  1  0  1  1  0  0  0  0  1  0  0  1  1  0  0  0  1  1  1  0  1  1  1  1  0  0  1  1  0  0  0  1  0  1  0  1  0  0  0  1  1  1  0  1  1  1 -296.25       1    0.06
430  0  0  1  0  0  0  0  1  0  1  1  1  0  0  1  0  0  0  1  1  0  0  1  1  1  1  0  1  1  0  0  0  0  1  1  1  1  1  1  0  0  1  0  0  1  1  0  1  1  0 -296.25       1    0.04
156  1  1  1  0  0  1  0  1  1  1  1  1  1  1  1  1  0  0  1  1  0  0  0  1  0  0  1  1  0  1  0  0  1  0  1  0  1  1  0  0  0  1  0  0  0  1  1  0  0  0  -296.0       1     0.0
157  1  0  1  0  1  0  1  1  0  1  1  0  0  1  1  0  0  1  1  1  0  0  1  1  0  0  1  1  1  1  0  0  1  1  1  0  0  1  1  0  0  1  0  0  1  0  1  0  0  0  -296.0       1     0.0
158  0  0  1  1  1  0  0  1  1  1  1  1  1  1  0  1  0  1  0  1  1  0  0  0  0  0  0  1  1  0  1  0  1  0  0  1  0  1  0  0  1  0  0  0  0  1  1  0  0  1  -296.0       1     0.0
159  0  0  1  0  1  0  0  1  1  0  1  0  0  0  1  0  0  1  1  0  0  0  1  1  1  0  1  1  0  0  0  0  0  1  1  0  0  1  1  1  0  1  0  0  1  1  0  1  0  0  -296.0       1     0.0
279  1  0  0  0  0  1  0  0  1  0  1  1  0  1  1  0  0  0  1  1  0  0  0  1  0  0  0  1  1  1  0  1  1  1  1  0  1  1  0  0  0  1  0  0  1  1  1  1  0  0  -296.0       1    0.02
284  1  1  1  1  0  0  0  1  0  1  0  1  0  1  1  0  0  1  1  1  0  0  0  1  0  0  0  0  1  1  0  0  1  1  1  1  0  0  1  0  0  1  0  0  0  0  1  1  1  0  -296.0       1    0.02
300  0  1  0  1  1  0  0  1  1  0  1  1  1  0  1  1  0  1  1  0  0  0  1  1  1  0  1  0  1  0  0  0  0  0  1  0  1  1  1  0  0  0  0  0  1  1  0  0  1  0  -296.0       1    0.02
302  1  0  1  0  1  0  1  1  1  1  1  0  0  0  0  0  0  0  1  1  0  1  0  1  0  0  0  1  1  1  0  1  1  0  0  1  1  0  0  0  1  1  1  0  0  1  1  0  1  1  -296.0       1    0.02
303  0  0  0  1  0  0  0  0  1  0  1  1  1  1  0  1  0  1  0  0  0  1  1  1  1  1  1  1  1  0  1  1  0  1  1  0  0  1  0  1  1  0  0  1  0  1  0  1  0  0  -296.0       1    0.02
307  0  1  1  0  0  1  1  1  1  0  1  1  0  1  0  1  0  1  1  0  0  0  0  1  0  1  0  1  1  1  0  0  1  1  1  0  1  1  0  0  0  1  0  0  0  0  0  0  0  1  -296.0       1    0.02
312  1  1  1  0  1  1  0  0  0  1  1  1  0  1  1  0  0  1  1  1  0  0  0  1  1  1  0  0  1  1  0  0  0  1  1  1  0  1  0  1  1  0  0  0  0  1  1  0  0  0  -296.0       1    0.02
315  0  0  1  1  1  0  0  1  1  1  1  1  0  0  1  1  0  1  0  0  1  0  1  1  1  1  1  1  0  1  1  0  0  1  0  1  1  1  0  0  0  1  0  0  1  1  1  1  1  0  -296.0       1    0.02
316  1  1  1  1  0  0  0  1  1  1  0  1  1  0  1  0  0  1  0  1  0  0  1  1  0  0  0  0  1  1  0  0  1  0  1  1  0  0  0  1  0  0  1  1  0  1  1  0  0  0  -296.0       1    0.02
319  1  0  1  1  1  0  1  1  0  0  1  1  1  0  0  1  0  0  1  0  0  1  0  0  0  1  1  1  1  0  0  0  0  0  1  1  1  0  0  0  0  1  1  1  1  1  1  1  0  0  -296.0       1    0.02
326  0  0  1  1  1  0  0  1  0  1  0  1  0  1  1  1  0  0  0  0  0  0  1  1  1  1  1  1  1  0  0  0  0  0  0  1  0  1  1  0  0  1  0  1  0  0  1  1  1  0  -296.0       1    0.02
453  1  1  1  0  0  0  1  0  1  0  1  1  0  1  1  1  0  1  1  1  1  1  0  0  0  0  0  1  1  1  0  0  1  1  1  1  1  1  0  0  0  1  0  0  0  0  1  0  0  0  -296.0       1    0.06
496  0  0  0  1  0  1  0  1  1  0  1  1  1  0  0  0  1  1  0  0  0  0  1  0  1  1  1  0  1  1  1  1  0  0  0  1  1  1  0  0  0  0  1  1  1  1  0  1  1  0  -296.0       1    0.12
160  0  0  1  0  1  1  1  0  1  0  1  1  1  1  1  1  1  0  1  0  0  1  1  1  1  0  1  0  0  0  1  0  0  0  0  0  1  1  1  0  0  1  0  0  1  1  0  1  1  0 -295.25       1     0.0
161  1  1  1  1  0  0  0  1  1  0  1  1  1  1  1  0  0  1  1  1  0  1  0  1  1  1  1  0  1  1  0  0  0  0  1  0  0  0  1  0  0  0  0  1  1  1  1  0  0  0 -295.25       1     0.0
162  1  1  1  1  0  1  1  0  1  1  1  0  0  1  0  1  0  0  1  0  0  0  0  1  0  0  1  1  1  0  0  0  1  0  1  0  1  1  1  0  0  1  0  1  1  1  0  0  0  0 -295.25       1     0.0
163  0  1  1  0  0  1  0  0  0  0  1  1  0  1  1  1  0  1  1  1  1  1  0  1  0  1  0  1  1  0  0  0  1  1  1  1  1  1  0  0  0  0  0  0  1  0  1  0  0  0 -295.25       1     0.0
164  0  0  1  1  1  0  1  1  1  1  1  1  0  0  0  1  0  0  0  0  1  0  1  0  1  0  0  1  1  0  1  0  0  0  0  1  1  1  1  1  0  0  0  1  0  0  0  0  1  0 -295.25       1     0.0
165  1  1  0  0  0  1  0  0  0  1  1  1  0  1  1  1  0  1  1  1  0  0  0  0  0  1  1  1  1  0  0  1  0  1  1  0  1  0  1  1  0  1  0  0  0  0  1  0  0  1 -295.25       1     0.0
166  1  0  1  0  0  1  0  0  1  1  1  1  0  1  1  0  0  0  1  0  0  0  1  0  0  0  0  1  1  1  0  0  1  1  1  1  1  1  1  0  0  1  0  1  1  1  1  1  0  0 -295.25       1     0.0
243  0  0  1  0  0  0  0  0  0  1  0  1  0  1  1  0  0  1  1  1  1  0  0  1  0  0  0  1  1  1  0  0  1  1  1  0  1  1  1  0  1  1  0  0  0  0  1  0  0  1 -295.25       1    0.02
277  0  0  1  0  1  0  0  1  0  1  1  1  0  1  1  1  0  1  1  1  1  0  0  1  0  0  0  1  1  1  0  0  1  1  0  0  1  1  0  0  0  1  0  0  0  0  1  0  0  0 -295.25       1    0.02
372  1  0  1  1  0  0  0  1  0  1  0  1  1  1  1  1  0  0  1  1  0  0  0  1  0  0  0  1  0  0  0  0  1  1  1  1  1  1  0  0  0  1  0  0  0  1  1  0  0  0 -295.25       1    0.04
375  0  0  0  1  1  1  1  1  0  0  1  0  1  1  0  0  0  0  0  0  1  1  1  0  1  1  1  1  0  1  1  1  0  1  0  0  1  1  0  0  0  1  0  1  1  1  1  1  0  0 -295.25       1    0.04
391  0  0  0  0  1  1  0  1  1  1  0  1  0  1  1  1  0  0  1  1  0  0  0  1  0  0  0  1  1  1  0  0  1  1  1  0  1  0  1  0  0  1  1  0  1  0  1  1  0  0 -295.25       1    0.04
402  0  1  0  1  1  1  1  0  1  0  1  1  1  1  0  1  1  0  0  0  0  1  1  0  1  1  0  0  0  0  1  0  0  1  0  1  0  1  0  0  1  0  0  1  1  1  0  1  0  0 -295.25       1    0.04
443  0  0  1  1  1  1  1  0  0  0  1  1  1  0  0  1  1  1  0  0  0  1  1  0  1  1  0  0  0  1  1  0  1  0  0  0  0  1  0  1  0  1  0  1  1  0  0  1  1  0 -295.25       1    0.06
480  1  0  1  0  0  0  0  0  0  1  0  1  0  1  1  0  0  1  1  1  1  0  0  1  0  0  0  1  0  0  0  0  1  0  1  1  1  0  1  1  1  1  0  0  0  1  1  1  0  0 -295.25       1     0.1
167  0  0  1  0  1  1  0  1  1  1  1  1  0  1  0  1  0  0  1  1  0  1  1  1  0  0  0  1  0  1  0  0  1  0  1  1  1  1  0  0  0  1  0  0  0  1  0  0  0  0  -295.0       1     0.0
168  1  0  0  0  0  0  0  1  1  1  1  0  0  0  1  0  0  0  1  1  0  0  1  1  0  0  1  0  1  0  1  1  0  1  1  0  0  1  1  1  1  0  1  0  1  1  1  0  0  0  -295.0       1     0.0
169  0  0  0  1  0  1  0  1  1  1  1  1  0  1  1  1  0  0  0  0  0  0  1  1  1  0  1  0  1  1  1  0  0  1  0  1  1  1  0  1  1  0  0  0  0  0  0  1  0  0  -295.0       1     0.0
170  0  0  0  1  1  0  1  1  1  1  1  1  0  0  1  1  0  1  1  0  0  0  1  0  1  1  1  0  0  0  1  0  0  0  0  1  1  0  1  0  0  0  0  1  1  1  0  0  1  0  -295.0       1     0.0
171  1  0  1  0  0  0  0  1  0  1  1  1  0  1  0  0  0  0  1  1  1  0  1  1  0  0  0  1  0  0  0  0  1  0  1  1  1  1  1  0  0  1  1  0  1  0  1  0  0  1  -295.0       1     0.0
172  0  1  1  1  1  0  0  1  1  0  1  1  0  1  0  1  0  1  0  1  0  0  0  1  1  1  0  1  1  1  0  0  1  0  1  0  0  1  0  1  0  0  0  1  0  1  0  0  0  0  -295.0       1     0.0
292  1  0  0  1  1  1  0  1  1  1  0  0  1  1  1  0  0  1  0  0  1  0  0  1  1  1  1  1  0  0  0  1  0  0  1  0  0  1  0  1  0  0  1  1  1  1  0  0  0  1  -295.0       1    0.02
324  0  0  1  1  1  0  0  1  1  1  1  1  0  1  1  1  0  1  1  1  0  1  0  1  1  0  0  1  1  1  0  0  0  0  0  0  0  1  0  0  0  1  0  0  0  1  1  0  0  0  -295.0       1    0.02
349  0  0  1  0  0  1  0  1  0  1  1  1  1  1  0  1  0  1  1  1  0  0  0  1  0  0  1  0  1  1  1  0  0  1  0  0  1  1  1  1  0  1  0  0  0  0  1  0  0  0  -295.0       1    0.02
378  0  0  0  0  0  0  0  1  0  1  1  1  0  1  1  0  0  1  0  1  1  0  0  1  0  0  0  1  1  0  0  1  0  1  0  0  0  1  1  1  1  1  0  0  1  0  1  1  0  0  -295.0       1    0.04
408  0  0  1  0  1  0  0  1  0  0  1  1  0  1  1  0  0  0  1  1  0  0  1  1  1  1  1  0  1  0  1  0  0  1  1  0  1  1  1  1  0  1  0  0  1  1  0  1  0  0  -295.0       1    0.04
413  1  0  0  1  1  1  1  0  0  0  1  1  1  0  0  1  1  0  1  0  0  0  0  0  1  1  1  1  1  0  1  1  0  1  0  0  0  0  0  0  0  1  1  1  1  0  1  1  1  0  -295.0       1    0.04
419  1  0  1  0  1  0  1  1  0  1  1  1  0  1  1  0  0  1  1  1  1  1  0  1  1  1  0  1  1  0  0  0  0  0  1  1  1  1  1  0  0  1  0  0  0  0  0  0  0  0  -295.0       1    0.04
427  1  0  1  1  1  1  0  1  0  1  1  1  0  1  1  0  0  0  0  0  0  0  1  1  0  1  0  1  1  0  0  0  1  1  0  1  1  1  1  0  1  0  0  1  1  1  0  1  1  0  -295.0       1    0.04
464  0  0  1  0  0  1  1  0  0  1  1  1  0  1  1  1  0  1  1  1  1  1  0  1  0  1  0  1  1  1  0  0  1  1  0  1  0  1  1  0  0  1  0  0  0  0  0  0  0  1  -295.0       1    0.06
174  1  0  1  0  1  1  1  1  1  1  1  0  1  0  0  1  0  0  1  0  0  0  1  0  1  1  1  0  0  0  0  0  0  0  1  0  1  1  0  1  0  1  0  1  1  1  0  1  0  0 -294.25       1     0.0
175  1  0  1  1  0  0  0  1  1  1  1  0  1  1  1  1  0  0  0  1  0  1  1  1  1  0  0  1  1  0  0  0  1  0  0  0  0  0  1  0  1  1  1  0  0  1  0  0  0  1 -294.25       1     0.0
176  0  0  1  1  1  0  0  0  0  1  1  1  0  0  0  1  0  1  0  1  0  0  1  1  1  1  1  0  1  0  1  0  0  0  1  0  1  1  0  0  1  1  1  1  0  1  0  1  0  0 -294.25       1     0.0
177  1  0  1  0  1  0  0  0  1  1  1  1  0  1  0  0  0  1  1  1  1  0  0  1  0  0  0  1  1  0  0  0  1  1  0  1  1  0  1  0  1  1  0  0  0  1  0  0  1  1 -294.25       1     0.0
178  1  0  1  1  1  0  0  1  0  0  1  1  0  1  0  1  0  0  1  0  0  0  1  1  0  0  0  1  1  0  0  0  1  1  1  1  0  1  1  0  1  1  0  1  0  1  0  1  0  0 -294.25       1     0.0
325  0  1  1  0  0  1  1  1  1  1  1  1  0  1  1  1  0  1  1  1  0  0  0  1  0  0  1  0  1  1  0  0  1  1  1  0  1  0  0  0  1  1  0  0  0  1  1  0  0  0 -294.25       1    0.02
352  0  0  0  1  0  0  1  0  0  1  1  1  0  1  1  1  0  1  1  0  0  0  1  1  1  1  0  0  1  0  1  1  0  1  0  0  1  1  0  1  0  1  0  0  1  0  1  1  0  0 -294.25       1    0.02
455  1  0  0  0  0  1  0  1  1  1  1  0  1  1  1  0  0  1  1  1  0  0  0  1  1  0  0  1  1  1  0  1  0  1  1  0  0  1  1  1  0  0  1  0  0  0  0  0  0  1 -294.25       1    0.06
477  0  0  1  0  1  0  1  0  1  1  1  1  1  1  1  0  0  0  1  1  1  0  0  1  0  0  0  1  0  0  0  0  1  1  1  0  1  1  1  1  1  1  0  0  1  1  0  1  0  0 -294.25       1    0.08
484  1  0  1  0  0  0  1  1  1  1  1  1  0  1  1  0  0  1  1  1  1  0  0  1  0  0  0  1  1  0  0  0  1  1  0  1  1  1  1  0  1  1  0  0  0  0  0  0  0  0 -294.25       1     0.1
491  1  0  1  0  1  0  0  0  0  1  1  1  0  1  1  0  0  1  1  1  1  0  1  1  0  0  0  1  1  0  0  1  1  0  1  0  1  1  0  0  1  1  0  0  0  0  1  0  0  1 -294.25       1    0.08
181  1  0  1  1  1  0  1  0  0  0  0  1  1  1  0  1  1  0  1  0  0  1  0  1  1  0  1  1  0  0  1  0  0  0  1  1  1  1  0  0  0  1  0  0  1  1  0  1  1  0  -294.0       1     0.0
182  1  0  1  0  1  0  0  1  0  1  0  0  0  0  1  1  0  0  1  1  0  0  1  1  0  1  1  1  1  1  0  0  0  1  1  0  1  0  0  0  0  1  1  1  1  1  0  0  0  0  -294.0       1     0.0
183  0  0  1  1  0  0  0  1  0  1  1  1  1  0  1  1  1  1  1  1  0  1  1  1  1  1  0  0  1  1  0  0  1  1  0  0  0  1  0  1  0  0  0  0  0  1  0  1  0  0  -294.0       1     0.0
184  1  0  1  1  1  0  1  1  1  0  0  1  0  1  1  1  0  1  0  0  0  0  1  1  1  1  0  1  1  0  0  0  0  1  0  0  0  1  1  0  0  1  0  0  0  1  1  1  1  0  -294.0       1     0.0
185  0  0  1  1  0  1  0  1  0  0  1  1  0  0  1  0  0  1  1  0  0  1  0  1  1  1  0  1  0  1  0  0  1  0  0  0  1  1  0  0  0  0  1  1  1  1  0  1  1  0  -294.0       1     0.0
186  1  0  1  1  0  0  1  0  0  1  1  0  0  1  1  0  0  0  1  0  0  0  1  1  1  0  0  1  0  0  0  1  1  1  0  1  1  0  1  1  0  0  1  0  1  1  0  1  0  0  -294.0       1     0.0
289  1  0  1  0  1  1  0  1  0  1  1  1  0  1  1  0  0  0  1  1  0  1  0  1  0  0  0  1  1  1  0  0  1  1  1  0  1  0  0  0  0  1  1  0  0  0  1  0  0  0  -294.0       1    0.02
351  0  0  1  0  0  1  0  0  0  0  1  1  0  1  0  1  1  0  1  0  0  0  0  0  0  1  1  1  1  1  1  0  0  1  0  0  0  1  1  1  0  1  1  0  1  0  0  1  1  1  -294.0       1    0.02
382  1  0  1  0  1  0  1  1  0  0  0  1  0  1  0  1  0  1  1  1  0  0  0  1  0  1  0  1  1  1  0  0  0  1  1  0  1  1  0  1  0  1  0  0  0  1  1  0  0  0  -294.0       1    0.04
397  0  0  0  1  1  1  1  0  0  1  1  1  1  1  0  1  1  1  0  0  1  0  1  0  1  1  0  1  0  0  1  0  0  0  0  0  0  1  0  0  0  0  0  1  1  1  1  1  0  0  -294.0       1    0.04
403  1  0  1  1  1  1  0  1  1  0  1  0  0  1  1  1  0  0  0  0  1  0  1  1  1  1  0  1  0  0  0  1  0  0  1  0  1  1  0  0  0  1  1  1  1  1  1  1  0  0  -294.0       1    0.04
193  1  0  1  0  0  1  1  1  0  1  1  1  0  0  1  1  0  0  1  0  0  0  1  1  0  0  0  1  1  1  0  0  1  1  0  0  1  1  0  0  0  1  1  0  1  0  1  1  0  0 -293.25       1     0.0
194  0  0  0  1  0  0  0  1  0  1  1  1  1  1  1  1  1  1  1  0  0  0  0  1  1  1  1  0  1  1  0  0  0  0  0  1  1  0  0  1  1  0  0  0  1  1  0  1  0  0 -293.25       1     0.0
195  0  1  1  0  1  0  0  1  0  1  1  1  0  0  0  1  0  1  1  1  0  1  0  1  1  0  1  1  1  0  1  0  0  0  1  1  1  1  0  0  0  1  1  1  0  1  0  0  0  1 -293.25       1     0.0
197  0  0  0  1  1  1  0  0  1  0  0  0  0  1  1  1  0  0  1  0  0  0  0  1  1  1  1  1  0  1  1  0  0  1  1  0  1  1  1  0  0  1  1  0  1  1  1  1  1  0 -293.25       1     0.0
198  1  0  0  1  0  0  0  1  1  1  1  0  0  0  1  0  0  1  1  1  0  0  1  0  1  0  1  0  1  1  0  1  0  0  0  0  0  0  0  1  1  0  1  0  0  1  0  0  0  1 -293.25       1     0.0
199  1  0  0  0  0  1  1  1  1  1  1  1  0  1  0  0  0  0  1  0  0  0  0  1  0  0  0  1  1  0  0  0  1  1  1  0  1  1  1  1  1  1  0  1  1  0  0  0  0  1 -293.25       1     0.0
200  0  0  0  0  0  0  1  0  0  1  1  1  1  0  0  1  1  1  1  1  1  0  0  1  1  1  0  1  1  0  1  0  0  1  0  0  1  1  0  1  0  1  0  0  0  0  0  1  0  0 -293.25       1     0.0
334  0  0  1  1  0  0  0  1  0  1  1  1  1  0  1  1  0  1  1  1  0  0  0  1  1  0  0  1  1  0  0  1  1  1  0  0  0  0  0  0  0  1  0  0  0  1  1  1  0  0 -293.25       1    0.02
340  0  0  1  0  1  1  1  1  0  1  1  1  0  1  1  0  0  0  1  1  0  0  0  1  0  0  0  1  0  1  1  0  0  1  0  0  0  1  1  1  1  1  0  0  1  0  1  1  0  0 -293.25       1    0.02
347  0  1  0  0  1  1  0  1  0  1  1  0  1  1  1  1  0  1  1  1  1  0  0  1  0  1  0  1  0  1  0  0  0  1  0  0  0  1  0  1  0  0  1  0  0  0  0  0  0  1 -293.25       1    0.02
385  0  0  0  1  1  1  1  0  1  1  1  1  1  1  0  1  0  0  0  0  0  0  1  0  1  0  1  1  0  0  1  0  1  0  0  1  1  1  0  0  0  1  0  1  1  1  1  1  0  1 -293.25       1    0.04
424  0  0  1  0  1  1  0  0  1  1  1  1  1  1  0  1  0  1  1  1  0  0  0  1  0  0  0  1  1  1  0  0  1  1  1  1  1  1  1  1  0  1  0  0  0  0  1  0  0  0 -293.25       1    0.04
470  1  0  1  0  1  1  1  1  0  1  1  0  0  1  1  1  0  0  1  0  0  0  0  1  1  0  1  1  0  0  0  0  1  0  1  0  1  1  1  1  1  1  0  0  1  0  0  0  0  0 -293.25       1    0.06
473  1  0  0  0  0  0  0  1  1  1  1  1  0  1  1  0  0  1  1  1  1  0  0  0  0  0  0  1  1  0  0  0  1  0  1  1  1  0  1  0  1  1  0  0  0  1  1  1  0  1 -293.25       1    0.08
205  0  0  0  1  0  0  0  0  1  0  1  1  1  1  0  1  0  1  0  0  0  0  1  1  1  1  0  0  1  0  1  1  1  1  0  0  1  1  0  0  0  1  0  1  1  1  0  1  0  0  -293.0       1     0.0
206  1  0  1  1  0  0  0  1  1  1  1  1  0  0  0  0  1  1  1  1  1  1  0  1  0  0  0  1  1  1  0  0  1  0  0  1  0  1  0  0  0  1  0  0  0  1  0  0  1  0  -293.0       1     0.0
207  0  0  1  0  0  1  0  1  1  1  1  1  1  1  1  0  0  0  1  1  0  0  0  1  0  0  0  0  1  1  0  1  1  1  1  1  1  1  1  0  0  1  0  0  1  1  1  1  0  0  -293.0       1     0.0
208  0  0  1  1  1  0  1  0  0  0  1  1  1  0  0  1  0  0  0  0  1  0  1  1  1  1  0  1  0  0  1  1  0  1  1  0  1  1  0  0  1  1  0  1  1  1  0  1  0  0  -293.0       1     0.0
209  1  0  1  0  1  0  0  1  1  0  1  1  0  1  0  1  0  0  1  0  0  0  0  1  1  1  1  1  1  0  0  1  0  1  1  0  1  1  1  1  0  1  0  1  1  1  0  0  1  0  -293.0       1     0.0
210  1  0  1  1  1  1  1  0  1  0  1  0  1  1  1  1  1  1  1  0  0  1  0  1  1  1  1  0  0  1  0  0  0  1  1  0  0  1  1  0  0  1  0  0  1  1  0  0  0  0  -293.0       1     0.0
211  0  0  1  1  0  1  1  1  1  0  1  1  1  1  1  1  0  1  0  0  0  0  1  0  1  1  1  1  1  1  0  0  0  0  0  0  0  1  0  0  0  1  1  1  0  1  0  1  0  0  -293.0       1     0.0
212  1  0  1  0  0  1  1  1  0  1  1  1  0  1  1  0  0  1  1  1  0  0  1  0  1  1  0  1  1  0  0  0  0  1  1  1  0  0  1  0  0  1  0  0  1  0  1  1  0  0  -293.0       1     0.0
308  1  0  0  0  1  1  1  0  0  1  1  0  1  1  1  0  0  1  1  1  1  0  0  1  0  0  1  0  1  0  0  0  0  0  1  1  0  1  1  1  1  1  0  0  0  0  1  0  0  0  -293.0       1    0.02
342  1  0  0  1  0  0  1  0  0  1  1  1  1  1  1  1  0  0  1  1  0  0  0  1  0  0  0  1  1  0  1  1  0  1  0  0  1  0  0  1  1  0  1  0  0  0  1  1  0  0  -293.0       1    0.02
368  0  0  1  0  1  1  0  1  1  1  1  1  0  1  1  1  0  0  1  1  0  1  0  1  0  0  0  1  1  1  0  0  0  1  1  0  1  1  0  0  0  1  1  0  0  1  1  0  0  0  -293.0       1    0.02
398  1  0  0  0  1  1  0  1  0  1  1  1  1  0  1  1  1  0  1  1  0  0  0  0  0  0  0  1  1  1  0  0  1  0  1  1  1  1  0  0  1  1  0  0  0  1  1  0  0  1  -293.0       1    0.04
401  1  0  0  0  1  1  1  1  0  1  1  0  0  1  1  0  0  1  1  1  0  0  0  0  0  1  0  1  1  1  0  0  1  1  1  0  0  1  1  1  1  1  0  0  0  0  1  0  0  1  -293.0       1    0.04
417  0  1  1  1  1  0  1  0  0  0  1  1  1  1  0  1  0  0  0  0  0  0  1  1  1  1  0  0  1  1  1  0  0  0  0  1  1  1  0  0  0  0  0  0  1  1  1  1  0  0  -293.0       1    0.04
423  1  0  1  0  1  0  0  1  0  1  1  0  1  1  0  1  0  1  1  1  1  0  0  0  0  1  0  1  0  1  0  1  0  1  0  0  0  1  0  1  0  0  0  1  1  1  1  0  0  0  -293.0       1    0.04
449  0  0  0  1  1  1  1  0  0  0  0  0  1  0  0  1  1  0  0  0  0  1  1  0  1  1  1  1  0  1  1  0  1  0  1  1  1  1  0  0  0  1  0  1  1  1  0  1  0  1  -293.0       1    0.06
452  1  0  1  1  0  0  0  1  0  1  1  0  0  1  1  1  0  1  0  1  1  0  0  1  1  1  0  1  1  0  0  0  0  1  0  0  0  0  1  1  0  1  0  0  0  0  1  1  1  0  -293.0       1    0.04
494  1  0  0  0  0  1  0  1  0  1  0  0  0  1  1  0  0  0  1  1  0  0  0  1  0  0  0  1  1  0  0  1  1  1  1  0  1  1  1  1  1  1  0  0  0  0  1  0  1  1  -293.0       1    0.12
214  1  0  0  0  1  1  0  1  1  1  1  0  0  1  0  1  0  0  0  0  0  0  0  1  1  0  1  1  1  1  1  1  1  0  0  0  1  1  0  1  0  1  1  1  0  0  0  0  0  1 -292.25       1     0.0
215  0  1  1  0  0  0  0  1  0  1  1  1  0  1  1  0  0  1  1  1  1  1  0  0  0  0  0  1  1  1  1  0  1  0  1  1  0  1  0  0  0  0  0  0  0  0  1  0  0  1 -292.25       1     0.0
216  1  0  1  1  0  1  1  1  0  1  1  0  0  1  1  0  0  1  1  0  0  0  0  1  0  1  1  0  1  0  0  0  0  1  1  0  0  1  1  1  1  0  0  0  1  0  1  1  0  0 -292.25       1     0.0
218  0  1  1  1  0  0  0  0  1  0  1  1  1  1  0  1  1  0  1  0  0  0  0  1  1  0  0  1  1  0  0  0  1  1  1  0  0  1  1  0  0  1  0  0  1  1  0  1  0  1 -292.25       1     0.0
317  0  0  1  0  1  1  1  1  1  0  1  1  1  0  0  1  1  0  1  0  0  0  1  1  1  1  1  0  0  1  1  1  0  0  1  0  1  1  0  0  0  0  1  1  1  1  0  1  1  0 -292.25       1    0.02
327  1  1  1  0  1  1  1  1  0  1  1  1  0  1  1  0  0  1  1  1  1  0  0  1  0  0  0  1  1  0  0  0  0  1  1  0  0  1  1  1  0  0  0  0  0  0  1  0  0  0 -292.25       1    0.02
336  1  0  1  0  1  1  0  1  0  1  1  1  1  1  0  0  0  1  1  1  0  0  0  0  0  0  0  1  1  1  1  0  1  0  1  0  0  1  1  1  0  1  0  0  0  0  1  0  0  1 -292.25       1    0.02
426  0  1  1  0  0  1  0  0  0  1  1  1  0  1  1  1  0  1  1  0  1  0  0  1  0  1  0  1  1  1  0  0  1  1  1  0  1  0  1  0  1  1  0  0  0  1  0  0  0  0 -292.25       1    0.04
462  1  0  1  0  1  0  1  1  0  0  1  1  1  0  1  1  0  1  1  1  0  1  1  1  0  0  1  1  1  0  0  0  0  1  1  0  0  0  0  0  0  1  1  1  0  1  1  0  1  0 -292.25       1    0.04
223  0  0  1  1  0  0  0  0  0  0  1  1  1  1  0  1  0  0  0  0  0  0  1  0  1  1  1  1  0  0  1  0  0  1  1  0  0  1  1  1  0  1  0  1  1  1  1  1  0  0  -292.0       1     0.0
224  0  0  0  0  0  0  0  1  1  1  1  1  1  1  1  0  0  1  1  1  1  1  0  0  0  0  0  1  1  1  0  0  1  0  0  1  1  0  1  0  0  1  0  0  0  0  1  1  0  1  -292.0       1     0.0
225  1  0  1  0  1  0  0  0  0  1  1  0  0  1  0  0  0  1  1  1  1  0  0  1  0  0  0  1  1  0  0  1  0  1  1  0  1  1  1  1  1  1  0  0  0  0  0  1  0  1  -292.0       1     0.0
311  1  0  1  0  0  0  0  0  0  1  1  0  0  1  1  1  0  1  1  1  1  0  0  1  0  0  0  0  1  1  0  0  1  1  1  1  1  1  0  0  1  1  0  0  0  0  1  0  0  1  -292.0       1    0.02
343  0  1  0  0  1  1  0  0  1  0  0  1  0  1  0  0  1  1  1  0  0  1  1  1  0  1  1  1  1  0  1  1  1  0  1  1  1  1  0  0  0  0  0  1  1  0  0  0  0  1  -292.0       1    0.02
359  1  0  1  1  1  0  0  0  1  0  0  1  1  1  1  1  0  0  1  1  0  0  0  1  0  1  0  1  1  0  0  0  1  1  1  0  1  1  0  0  1  0  0  0  1  1  1  1  0  0  -292.0       1    0.02
450  1  1  0  0  0  0  0  0  1  1  0  0  0  1  1  0  0  1  1  1  1  0  0  1  1  0  0  0  1  1  0  1  1  0  1  0  0  1  0  1  1  1  1  0  1  0  0  0  0  1  -292.0       1    0.04
463  1  0  0  0  1  1  0  1  1  1  0  1  0  1  1  0  0  0  1  1  0  0  1  1  0  1  0  1  1  0  0  0  1  1  1  1  1  1  1  0  1  1  0  0  0  0  0  1  0  0  -292.0       1    0.06
474  1  0  1  1  0  0  0  1  1  1  1  1  0  1  1  1  0  1  1  0  0  1  0  1  1  0  1  0  1  0  0  0  0  0  0  0  0  0  1  1  0  1  0  0  1  0  0  0  1  1  -292.0       1    0.06
230  0  0  1  1  0  1  1  0  0  0  1  1  1  1  0  1  0  0  0  0  1  0  0  1  0  1  1  1  0  1  0  1  0  1  0  1  1  1  0  0  0  1  0  0  1  1  1  1  0  0 -291.25       1     0.0
231  1  0  0  0  1  0  0  1  0  0  1  1  0  1  0  1  0  0  1  1  0  1  1  0  1  1  1  1  0  0  1  1  1  0  1  0  1  0  1  0  1  0  1  1  0  1  1  0  0  1 -291.25       1     0.0
232  1  0  1  1  1  0  0  1  0  1  1  0  0  0  1  1  0  0  1  1  0  0  1  1  1  1  1  0  1  0  0  0  0  1  0  0  1  1  1  1  0  0  1  0  1  1  1  1  0  0 -291.25       1     0.0
234  1  0  1  1  1  0  0  1  1  0  1  1  0  1  0  0  0  1  1  0  0  0  1  1  0  1  1  1  0  1  0  0  1  1  1  0  1  1  1  1  0  0  0  1  1  0  1  0  0  0 -291.25       1     0.0
321  1  0  0  1  0  0  0  1  1  1  1  1  1  1  0  0  0  1  1  1  0  0  0  1  0  0  0  1  1  1  0  1  1  0  0  1  0  1  1  0  0  1  0  0  0  0  1  0  0  0 -291.25       1    0.02
333  1  0  1  0  0  1  0  1  1  1  1  1  0  1  1  0  1  1  1  1  0  1  0  1  0  0  0  0  1  1  0  1  1  0  0  0  0  1  1  1  0  1  0  0  0  0  0  0  0  1 -291.25       1    0.02
354  1  1  0  1  0  0  0  0  0  1  1  1  1  1  1  1  0  0  1  1  0  0  0  1  1  0  1  0  1  1  0  0  1  1  0  0  1  0  1  1  1  1  1  0  0  0  0  0  0  0 -291.25       1    0.02
361  0  0  0  0  1  0  1  1  0  1  1  0  0  1  1  0  0  1  1  1  0  0  1  1  0  0  0  1  1  0  0  1  1  1  1  0  0  1  1  1  0  1  0  0  0  0  0  0  0  1 -291.25       1    0.02
376  0  0  0  0  1  1  0  1  0  1  1  1  0  1  1  1  0  0  1  0  0  0  0  1  1  0  1  1  1  1  0  0  0  0  1  0  1  1  0  0  0  1  0  0  1  1  0  0  0  1 -291.25       1    0.02
383  1  1  1  1  0  0  0  0  0  0  1  0  1  1  1  1  0  0  0  0  1  1  1  0  1  1  0  1  0  0  0  1  1  0  1  0  0  0  0  0  1  0  0  0  1  1  1  1  0  0 -291.25       1    0.02
431  1  0  1  0  0  1  0  1  0  1  1  0  0  1  1  0  0  1  1  1  0  0  0  0  0  0  1  1  1  1  0  0  1  1  1  0  1  1  1  1  1  0  1  0  0  0  0  0  0  1 -291.25       1    0.06
436  1  1  0  0  0  1  1  1  0  1  1  1  0  0  1  0  1  1  1  1  1  0  0  0  1  0  0  0  1  1  0  0  1  0  0  1  0  0  0  1  0  0  0  1  0  0  0  1  1  0 -291.25       1    0.04
466  1  0  1  0  0  1  0  1  0  1  1  1  0  1  1  1  0  0  1  1  0  0  0  1  0  0  1  1  1  0  0  0  1  1  0  0  1  1  1  1  0  1  0  0  0  0  0  0  1  1 -291.25       1    0.06
476  1  0  0  0  0  1  0  1  0  1  0  0  0  1  1  0  0  1  1  1  0  0  0  1  0  0  1  1  1  0  0  1  0  1  1  0  1  0  1  1  1  1  0  0  0  0  1  0  1  0 -291.25       1     0.1
236  0  0  0  0  0  1  1  0  0  0  1  1  1  1  1  0  1  1  0  0  0  0  0  1  1  1  0  1  1  1  0  1  1  0  1  1  1  1  0  1  0  1  0  0  0  1  1  1  0  0  -291.0       1     0.0
237  0  0  0  1  0  0  0  0  1  0  1  1  1  1  1  1  1  1  1  1  1  0  1  0  0  0  0  0  1  1  0  1  1  1  1  0  0  0  1  1  1  1  0  0  1  0  0  0  0  1  -291.0       1     0.0
238  1  1  1  1  0  1  0  1  1  1  1  1  0  1  1  1  0  1  1  1  0  0  0  1  0  0  0  1  0  1  0  0  1  0  0  0  1  0  1  0  1  1  0  0  0  1  0  0  1  0  -291.0       1     0.0
239  1  0  0  0  1  0  1  0  0  0  0  0  1  1  0  0  0  0  0  1  0  0  0  1  0  1  1  1  1  0  0  0  1  0  1  1  0  1  0  1  1  0  0  1  1  1  1  0  0  1  -291.0       1     0.0
240  1  1  1  1  1  0  0  1  0  0  1  1  0  1  1  0  0  0  1  0  0  0  0  0  1  1  0  0  1  1  0  0  0  1  1  0  1  0  0  0  0  1  0  1  1  0  1  1  1  0  -291.0       1     0.0
241  1  1  1  0  1  0  0  0  0  0  1  1  0  1  1  1  1  1  1  1  0  0  1  1  0  0  0  0  1  1  0  0  1  1  1  0  1  1  0  0  1  0  0  0  0  1  0  0  0  0  -291.0       1     0.0
345  0  1  1  1  0  0  1  1  1  0  0  0  1  0  1  0  0  0  1  0  1  1  1  1  1  1  0  0  1  0  1  0  0  0  1  0  0  1  0  1  0  0  1  1  1  0  0  0  0  1  -291.0       1    0.02
356  1  0  0  1  1  0  1  0  1  0  0  1  1  1  1  1  0  1  1  1  0  0  0  1  1  0  1  1  0  0  0  1  1  1  1  0  0  1  0  0  0  1  0  0  1  1  1  0  0  0  -291.0       1    0.02
357  1  0  1  1  0  0  0  1  0  1  1  0  0  0  1  1  1  0  1  1  0  0  0  1  1  1  1  1  1  1  0  0  1  1  0  0  0  0  1  1  0  1  0  0  1  1  0  0  1  0  -291.0       1    0.02
488  1  0  0  0  1  0  0  0  1  1  1  0  0  1  1  0  0  1  1  1  1  1  1  1  0  0  0  1  1  0  0  0  0  1  1  1  1  0  1  0  1  1  0  0  0  0  0  0  0  1  -291.0       1    0.08
246  0  0  0  0  1  1  0  0  0  1  1  1  0  1  0  1  0  0  0  1  0  0  1  1  0  1  1  1  1  0  1  0  0  1  0  0  1  1  1  0  0  1  1  1  1  0  0  1  0  1 -290.25       1     0.0
248  1  0  0  1  0  1  1  1  1  1  1  0  1  1  1  0  0  0  1  0  1  0  0  1  0  1  0  1  1  1  0  1  0  0  0  0  1  0  0  1  0  0  1  1  1  0  1  0  0  0 -290.25       1     0.0
249  1  1  1  0  1  1  1  1  0  0  1  1  0  0  1  1  0  0  1  1  0  0  0  0  1  1  1  1  1  1  0  0  0  1  1  0  0  1  1  1  0  0  0  0  1  1  1  0  0  0 -290.25       1     0.0
338  1  0  0  0  1  1  0  1  0  1  0  0  0  1  1  1  0  1  1  1  0  0  0  1  0  1  0  1  1  1  0  1  0  1  1  0  0  1  1  1  0  1  0  1  0  0  0  0  0  1 -290.25       1    0.02
346  1  0  1  0  0  1  0  1  1  1  1  1  0  1  1  1  0  1  1  0  0  0  0  1  0  0  0  1  1  0  0  0  1  1  1  0  0  0  1  0  0  1  0  0  0  1  1  0  0  0 -290.25       1    0.02
379  1  0  1  0  0  0  0  1  0  1  1  1  0  1  1  0  0  1  1  0  1  1  0  0  0  0  0  1  1  0  0  0  1  1  1  1  1  0  1  0  0  1  0  0  0  0  1  0  0  1 -290.25       1    0.04
404  1  0  1  0  1  0  1  1  0  1  1  0  0  1  0  0  0  1  1  0  1  1  0  1  0  0  0  1  1  1  0  0  1  1  0  1  1  0  1  0  1  1  0  0  0  1  0  0  0  1 -290.25       1    0.02
439  1  0  1  0  0  0  0  0  1  1  0  1  0  1  1  1  0  1  1  1  1  0  0  1  0  0  0  1  1  1  0  0  1  1  1  1  1  1  1  0  0  1  0  0  0  0  0  0  1  0 -290.25       1    0.06
442  0  0  1  1  1  1  0  1  0  0  0  1  0  1  1  1  0  0  0  0  0  1  1  1  1  1  1  0  1  0  1  0  1  0  1  0  1  1  0  0  1  0  1  1  0  0  0  1  0  0 -290.25       1    0.04
446  0  0  1  1  1  0  1  0  0  0  1  1  0  1  1  1  0  0  1  1  0  0  0  1  0  0  0  0  1  1  0  0  1  1  1  1  1  0  1  0  1  1  0  0  0  1  0  1  1  0 -290.25       1    0.04
458  1  0  1  1  0  0  0  0  1  1  1  0  0  1  1  1  0  0  0  0  1  0  0  1  1  0  0  1  1  0  0  1  1  1  1  1  1  0  1  1  0  1  0  0  0  1  0  1  0  0 -290.25       1    0.04
467  0  0  0  0  0  1  1  0  1  0  1  1  1  1  0  1  1  0  0  0  0  0  1  0  1  1  0  1  0  1  0  1  1  0  0  1  1  1  0  0  0  0  1  1  1  1  0  1  1  0 -290.25       1    0.06
471  1  0  1  0  0  0  1  1  0  1  1  0  0  0  1  0  0  1  1  0  0  0  0  1  0  1  1  0  1  1  0  0  1  1  1  1  1  0  0  1  0  1  0  0  1  1  1  1  0  0 -290.25       1    0.06
251  0  0  1  0  1  1  0  0  1  1  1  1  0  1  0  1  0  1  1  1  1  0  0  1  0  1  0  1  0  1  0  0  1  0  0  0  1  1  1  0  0  1  0  0  1  1  0  0  1  1  -290.0       1     0.0
252  0  0  1  1  1  1  0  1  0  1  1  0  0  1  0  1  0  0  1  0  0  0  1  1  0  1  1  0  1  1  1  1  0  1  0  1  0  1  0  1  0  0  1  1  0  1  0  1  0  0  -290.0       1     0.0
253  0  1  1  0  0  1  0  1  1  0  1  1  0  1  1  1  0  1  0  1  1  0  0  0  0  0  0  1  1  1  0  0  1  1  0  0  0  1  0  0  0  1  0  1  1  0  1  0  0  1  -290.0       1     0.0
254  0  1  1  1  0  0  0  1  1  1  1  1  0  0  1  1  0  1  0  1  0  1  1  0  1  0  1  0  1  1  1  0  0  0  0  0  0  0  0  1  1  1  0  0  0  1  1  0  1  1  -290.0       1     0.0
255  1  1  1  1  0  0  0  0  0  1  1  1  1  1  0  1  1  0  0  1  0  0  0  0  0  1  1  1  1  0  0  1  1  1  0  0  1  0  0  1  1  1  1  0  0  0  1  0  0  1  -290.0       1     0.0
256  1  0  1  0  0  1  1  1  0  0  1  0  0  1  1  1  0  0  1  1  0  0  0  1  0  1  1  0  1  1  0  0  0  1  1  0  1  0  0  1  0  0  0  0  1  0  1  0  1  1  -290.0       1     0.0
348  1  1  1  0  1  1  0  1  1  0  0  1  0  1  1  0  0  0  1  1  0  1  0  1  0  0  0  1  0  0  0  0  0  1  1  0  0  0  1  1  0  0  1  0  1  0  1  0  0  0  -290.0       1    0.02
364  0  0  0  1  1  1  0  0  1  0  1  1  1  1  1  1  0  0  0  0  0  0  1  1  1  1  1  0  0  0  1  0  1  0  0  0  1  1  0  0  0  0  1  1  1  1  0  1  0  0  -290.0       1    0.02
374  0  1  0  0  0  1  0  0  0  0  1  1  0  0  0  1  1  0  0  0  1  1  1  0  1  1  0  0  1  1  1  1  1  0  0  0  0  1  0  1  0  0  1  1  1  1  1  1  0  0  -290.0       1    0.02
410  0  0  1  0  1  0  0  1  1  0  0  1  1  1  1  0  0  1  1  0  1  1  0  1  1  1  1  1  0  1  0  0  1  1  0  1  1  1  0  0  0  0  1  0  1  1  0  0  0  0  -290.0       1    0.02
435  1  0  1  1  0  0  0  1  1  1  1  1  0  1  1  0  0  1  1  1  0  1  0  1  0  1  0  0  1  1  0  0  1  0  0  0  1  0  0  0  0  1  0  0  1  1  0  0  1  0  -290.0       1    0.04
260  1  0  0  1  0  0  0  1  0  1  0  1  0  1  1  1  0  1  1  0  0  1  0  1  1  1  0  1  1  1  0  0  0  0  0  0  1  0  1  0  0  1  1  0  1  1  0  0  0  0 -289.25       1     0.0
262  0  0  1  0  0  0  0  1  0  1  1  1  1  1  0  1  0  0  1  0  1  1  1  0  1  1  0  1  1  0  0  0  1  0  1  0  1  1  1  0  0  1  1  1  0  0  0  1  0  0 -289.25       1     0.0
339  1  1  1  1  0  1  0  1  1  0  1  1  0  0  1  1  1  1  1  0  0  1  0  1  0  0  0  1  1  0  0  0  1  1  1  0  0  0  0  0  0  1  0  0  0  0  0  0  1  0 -289.25       1    0.02
365  1  0  1  0  1  0  0  1  0  1  1  1  0  1  1  1  0  1  1  1  0  1  0  1  0  0  1  1  1  1  0  0  1  1  1  0  1  0  1  0  0  0  0  0  0  0  1  0  0  0 -289.25       1    0.02
369  0  1  1  0  0  1  0  1  0  0  1  1  0  1  1  1  0  1  1  1  0  0  1  0  0  1  0  0  1  0  0  0  0  1  0  1  0  1  1  0  1  0  0  0  0  1  1  0  1  0 -289.25       1    0.02
381  1  0  1  0  0  1  1  1  0  1  1  0  1  1  1  1  0  0  1  0  0  0  0  0  0  0  0  1  0  1  0  0  0  1  1  0  1  0  1  1  1  0  0  0  0  1  1  1  0  0 -289.25       1    0.02
394  1  0  0  1  1  1  1  0  0  1  1  0  1  1  1  0  0  1  0  0  1  0  0  0  0  1  0  1  1  1  1  0  1  1  0  1  1  0  0  0  0  1  0  1  1  1  1  1  0  0 -289.25       1    0.02
434  0  0  1  0  1  0  1  1  0  1  0  0  0  0  1  1  0  1  1  1  1  0  0  1  0  1  0  1  1  1  0  0  1  1  1  1  0  0  1  0  0  1  0  0  1  0  1  0  1  0 -289.25       1    0.04
440  1  1  0  1  0  1  1  1  0  1  1  0  0  1  1  0  0  1  1  1  0  0  0  1  0  1  1  1  1  0  0  0  0  1  1  0  0  0  0  1  0  1  0  0  0  0  1  0  0  0 -289.25       1    0.04
492  1  0  1  0  0  0  0  1  0  1  1  0  1  0  1  1  0  1  1  1  0  0  0  1  0  0  1  1  1  1  0  0  0  1  1  0  0  1  1  1  1  1  0  0  0  0  1  0  0  1 -289.25       1     0.1
263  1  1  0  1  0  0  1  0  0  0  1  1  0  1  1  0  1  1  1  1  1  1  0  1  0  0  0  0  1  1  0  1  1  1  0  0  1  0  1  0  0  1  0  0  1  0  0  0  0  0  -289.0       1     0.0
264  0  1  1  1  1  1  0  0  1  0  1  1  1  1  0  0  0  0  1  0  0  1  1  0  1  0  1  0  1  0  0  0  0  0  1  1  1  1  1  0  0  1  0  1  1  1  0  1  0  0  -289.0       1     0.0
266  1  0  1  1  0  1  0  1  1  0  1  1  1  1  0  0  0  1  1  0  0  0  0  0  1  1  1  1  1  0  1  0  0  0  0  1  0  0  1  1  1  0  1  1  0  0  0  1  0  1  -289.0       1     0.0
267  1  0  0  1  0  1  0  0  0  1  1  0  0  1  0  0  1  1  1  0  0  0  0  0  1  1  0  0  1  1  1  1  1  1  1  0  1  0  1  1  0  1  0  0  1  0  1  1  1  0  -289.0       1     0.0
268  1  0  1  0  0  0  1  1  0  1  0  1  0  1  1  0  0  0  1  0  1  1  1  0  0  0  0  0  1  0  0  0  1  1  0  0  1  0  1  1  0  1  1  1  1  0  1  1  0  0  -289.0       1     0.0
269  0  1  0  1  1  1  1  0  0  0  1  0  1  1  0  1  1  1  0  0  0  0  1  0  1  1  1  1  1  0  1  1  1  0  0  0  0  1  0  1  0  0  0  1  1  1  0  1  0  0  -289.0       1     0.0
371  1  0  1  0  0  0  0  1  0  1  1  0  0  0  1  1  0  1  1  0  0  1  0  1  1  1  1  1  1  0  0  0  1  0  1  1  1  1  1  0  1  1  0  0  0  0  0  0  0  0  -289.0       1    0.02
380  1  1  1  0  0  0  0  0  1  0  1  1  0  1  0  1  0  1  1  1  0  0  0  1  1  1  1  1  1  1  0  0  0  1  1  1  1  0  0  0  0  1  0  0  0  0  0  0  1  0  -289.0       1    0.02
393  0  0  0  1  0  1  0  1  1  0  1  0  1  0  1  1  0  0  0  0  0  0  1  1  1  1  1  0  1  1  0  0  1  0  1  0  1  1  0  1  0  1  0  0  1  1  0  0  1  0  -289.0       1    0.02
479  0  1  1  1  1  0  0  1  1  1  1  1  0  0  1  0  0  1  1  1  0  1  0  1  0  0  1  1  1  1  0  0  1  0  1  0  0  0  1  1  1  0  0  0  1  0  1  0  0  0  -289.0       1    0.06
341  1  0  1  1  0  0  0  1  0  1  1  1  0  1  1  0  0  0  1  1  1  1  0  0  0  0  0  1  1  1  0  0  1  1  1  0  1  0  0  1  1  0  1  0  0  0  1  1  0  0 -288.25       1    0.02
360  1  0  1  0  1  1  0  0  0  1  1  1  0  1  1  0  1  1  1  1  1  0  0  0  0  0  0  1  1  0  0  0  1  1  0  0  0  1  0  1  1  1  0  0  0  0  0  0  0  1 -288.25       1    0.02
384  0  0  1  0  1  1  1  0  1  0  1  1  0  1  0  1  0  0  1  1  0  0  0  1  1  0  0  1  1  0  1  0  1  0  1  1  0  1  0  0  0  1  0  1  1  0  0  0  0  0 -288.25       1    0.02
386  1  0  1  0  1  1  0  1  1  1  1  1  0  1  1  1  0  1  1  1  0  0  0  1  0  0  0  0  0  1  0  0  1  0  0  0  0  1  1  1  1  1  0  0  0  1  1  0  0  0 -288.25       1    0.02
387  0  0  0  1  1  1  1  1  0  1  1  0  1  0  0  1  0  1  1  1  0  0  0  0  0  1  0  1  0  1  0  1  0  1  1  0  0  1  0  1  1  1  0  0  0  0  1  0  0  0 -288.25       1    0.02
478  1  0  0  1  1  1  1  0  1  0  1  1  1  1  0  1  1  0  1  0  0  0  1  1  1  1  1  1  0  0  1  1  0  0  0  1  1  1  0  0  0  1  0  1  1  1  0  1  0  0 -288.25       1    0.06
355  0  0  1  0  0  0  0  1  1  1  0  1  0  1  1  0  0  1  1  0  1  1  0  1  1  0  0  1  1  0  0  0  0  0  0  0  1  0  1  0  0  1  1  0  1  0  1  0  0  1  -288.0       1    0.02
388  0  1  0  1  1  1  1  0  1  0  1  1  0  1  0  1  0  0  0  0  1  0  1  0  1  0  0  1  1  0  1  0  1  0  1  0  1  1  0  0  1  1  0  1  1  1  1  0  0  0  -288.0       1    0.02
425  0  0  1  0  1  0  1  1  0  1  1  0  0  1  1  0  0  1  1  0  1  1  1  1  0  0  0  1  1  0  0  0  1  1  1  0  1  1  1  1  1  1  0  0  0  0  1  0  0  0  -288.0       1    0.06
432  1  0  1  0  0  1  0  0  0  1  1  1  0  1  1  1  0  1  1  1  1  0  0  1  1  1  1  1  1  1  0  0  0  1  1  0  1  1  0  1  1  1  0  0  0  0  1  0  0  0  -288.0       1    0.04
286  1  1  1  1  1  0  1  0  1  0  0  0  0  1  0  1  0  1  1  0  0  1  1  1  0  0  0  0  0  1  0  0  1  0  1  0  1  1  0  1  1  1  1  1  1  1  0  0  0  1 -287.25       1     0.0
287  0  1  0  0  0  0  0  1  0  1  1  1  1  0  1  0  0  1  1  1  0  0  0  1  1  0  0  1  1  1  0  0  0  1  1  0  1  1  1  1  1  1  0  0  0  1  0  0  0  1 -287.25       1     0.0
395  1  0  1  0  0  0  0  0  0  1  1  1  0  1  1  1  0  1  0  1  0  0  0  1  1  1  0  1  0  0  0  0  1  1  0  0  1  1  1  1  1  1  0  0  0  1  0  1  1  0 -287.25       1    0.02
407  1  0  0  1  0  1  1  1  1  1  1  1  0  0  1  1  0  0  1  0  0  0  1  0  0  0  0  1  1  0  0  0  1  0  1  0  0  0  1  1  1  0  1  1  1  1  0  1  1  1 -287.25       1    0.02
409  1  1  0  1  0  1  1  0  1  0  1  1  1  1  1  0  0  0  0  0  0  0  1  0  1  0  0  1  0  1  0  1  1  0  1  1  0  1  0  0  1  1  0  0  1  0  1  0  0  1 -287.25       1    0.02
412  1  0  1  0  1  1  0  1  1  1  0  1  0  1  1  1  0  1  1  1  0  1  0  1  0  0  0  1  1  0  0  0  0  1  0  0  0  1  1  0  1  0  0  0  0  0  0  1  1  1 -287.25       1    0.02
437  0  0  0  0  1  1  0  1  0  0  1  1  0  1  1  0  0  1  1  1  1  0  0  1  0  0  0  1  1  0  0  0  1  1  1  1  0  1  1  0  1  1  0  0  0  0  0  0  1  0 -287.25       1    0.04
448  1  0  1  0  0  1  0  0  0  1  1  0  0  1  1  0  0  0  1  1  1  0  0  1  0  0  1  1  1  1  0  0  1  1  1  0  1  1  0  1  0  1  0  0  0  0  1  0  0  0 -287.25       1    0.06
290  0  0  0  1  1  1  0  1  1  1  1  1  1  1  1  0  0  0  0  0  0  0  0  0  1  0  1  1  1  1  0  0  1  1  1  0  1  1  0  0  0  1  1  0  1  1  0  1  0  0  -287.0       1     0.0
291  0  0  0  1  1  0  0  1  0  0  0  0  0  1  1  1  0  1  1  1  0  0  0  1  0  0  0  1  1  1  0  1  1  1  1  0  0  1  0  1  0  1  0  0  1  0  1  1  0  1  -287.0       1     0.0
344  1  1  1  0  1  1  0  1  1  0  1  1  0  1  1  0  0  0  1  1  0  0  0  0  0  0  1  0  1  0  0  0  1  1  0  0  1  1  1  1  0  1  0  1  0  0  1  0  0  0  -287.0       1    0.02
445  1  0  1  0  0  0  1  1  1  1  1  1  0  1  0  1  0  0  1  1  0  0  0  1  0  1  0  1  1  1  0  0  0  1  0  0  0  1  1  0  0  1  0  0  1  1  1  0  0  0  -287.0       1    0.04
497  1  0  1  0  1  0  0  1  0  1  1  0  1  1  1  0  0  1  1  1  0  0  0  1  0  0  0  1  0  1  0  1  0  1  1  0  1  0  1  1  0  0  1  0  0  0  1  0  1  0  -287.0       1     0.1
296  1  0  1  1  0  1  0  1  0  1  1  1  0  1  0  0  0  0  1  0  0  0  1  1  1  1  1  1  1  0  0  0  0  1  0  0  1  1  1  1  1  0  0  0  1  0  0  0  1  0 -286.25       1     0.0
297  1  0  1  0  1  0  0  1  0  1  1  1  0  1  1  0  0  1  1  1  1  0  0  0  0  1  0  0  1  1  0  0  0  1  1  0  1  1  1  1  0  1  0  0  1  1  1  0  1  0 -286.25       1     0.0
444  1  0  1  1  0  1  0  0  1  1  1  1  0  1  0  1  0  1  1  1  0  0  0  1  0  0  0  0  1  1  0  0  1  1  0  0  1  0  1  1  0  1  1  0  0  0  0  0  1  1 -286.25       1    0.04
433  1  0  1  1  0  0  0  1  0  1  1  1  0  1  1  1  1  0  0  0  0  0  0  1  0  0  0  1  0  0  0  0  0  1  1  0  1  0  1  1  1  1  0  0  0  0  1  1  0  0  -286.0       1    0.06
457  1  1  0  0  1  0  0  1  0  1  1  0  0  1  1  1  1  0  1  1  0  0  1  1  0  1  0  0  1  1  0  0  1  1  0  0  0  1  0  1  1  0  1  0  0  0  1  0  0  0  -286.0       1    0.04
461  1  0  1  0  1  1  0  1  1  1  1  1  0  1  1  0  0  1  1  0  1  0  0  1  0  0  0  0  1  1  0  0  1  1  0  0  1  0  0  1  0  1  0  0  1  0  1  0  0  0  -286.0       1    0.06
465  1  0  0  0  0  0  0  1  0  1  1  1  0  1  1  0  0  1  1  1  1  0  0  1  0  0  0  1  1  1  0  1  0  1  0  1  0  1  1  1  0  1  0  0  0  0  0  0  0  0  -286.0       1    0.06
313  1  0  1  0  1  0  0  1  1  1  1  1  0  1  1  0  0  1  1  1  1  0  1  1  0  1  1  0  1  1  0  0  1  0  0  1  0  1  0  1  0  1  0  1  0  1  0  0  0  0 -285.25       1     0.0
422  1  0  1  0  1  0  1  1  0  1  1  0  0  1  1  0  0  0  1  1  0  0  0  1  1  1  1  1  1  1  0  0  0  1  0  0  1  0  1  1  0  1  0  1  1  0  0  0  0  0 -285.25       1    0.04
414  0  0  1  1  1  1  1  1  1  0  1  0  1  1  1  1  0  0  1  0  0  0  1  1  1  0  0  1  0  0  1  1  1  0  0  0  1  1  0  0  0  0  0  0  1  0  1  0  0  0  -285.0       1    0.02
441  1  0  1  1  0  1  0  1  1  1  1  0  0  1  1  0  0  1  1  1  1  0  0  0  0  0  0  0  1  1  0  1  1  0  0  1  0  0  0  1  0  1  1  0  0  0  1  1  0  0  -285.0       1    0.04
482  0  0  0  0  0  0  0  1  1  1  0  1  0  0  1  1  0  1  1  1  1  0  0  1  0  0  0  1  1  1  0  0  1  1  1  1  0  1  1  0  0  1  0  0  0  0  1  0  0  0  -285.0       1    0.08
320  1  0  0  1  1  0  1  0  0  0  1  0  1  1  1  1  1  0  1  0  0  0  1  1  1  1  0  1  1  0  0  1  1  1  1  0  1  1  1  0  0  1  0  1  1  1  0  0  1  0 -284.25       1     0.0
415  1  0  1  0  1  0  0  1  1  1  1  0  0  0  1  1  0  0  1  1  0  0  0  0  0  0  1  1  1  1  0  0  1  1  1  0  0  0  0  1  1  0  0  0  0  1  1  0  0  1 -284.25       1    0.02
420  1  0  1  0  1  0  1  1  1  1  1  1  1  0  1  1  1  1  1  1  1  0  0  1  0  0  0  1  1  0  0  0  1  0  0  1  0  1  0  1  0  0  0  0  0  0  0  0  1  0 -284.25       1    0.02
483  1  0  0  1  1  1  1  0  1  0  1  1  1  1  0  0  0  0  0  0  0  0  1  0  1  1  1  1  1  0  1  1  1  0  0  1  1  0  0  0  0  1  1  1  1  1  0  1  0  0 -284.25       1    0.08
418  1  0  0  0  0  0  1  1  0  1  1  0  0  1  1  1  0  1  1  1  0  1  0  1  0  0  0  1  1  1  0  0  0  0  0  1  1  0  1  0  1  1  1  0  0  0  0  0  1  1  -284.0       1    0.02
329  0  0  1  1  1  0  1  0  0  0  0  1  0  1  0  1  0  0  1  1  0  1  1  0  1  0  0  0  1  1  1  0  1  0  0  0  1  1  1  0  1  0  0  1  1  0  0  1  1  1 -283.25       1     0.0
331  1  1  0  0  0  0  0  0  0  0  1  0  0  1  1  1  0  1  1  1  1  0  0  0  0  1  0  1  1  1  0  0  0  1  1  0  1  1  0  1  1  1  0  0  0  0  0  0  0  1  -283.0       1     0.0
469  0  0  0  1  1  0  1  1  0  1  0  1  1  1  1  0  0  0  1  0  0  0  1  1  1  1  1  0  1  0  1  0  0  0  0  0  1  1  1  0  0  0  1  1  1  1  1  1  0  0  -283.0       1    0.04
487  1  0  1  0  0  1  0  1  0  1  1  0  0  1  1  1  0  1  1  1  1  0  0  0  0  0  0  0  1  1  0  0  0  1  0  0  0  0  1  1  0  1  0  0  0  0  1  1  1  0  -283.0       1    0.08
490  1  0  1  0  0  0  0  1  1  1  1  1  0  1  1  0  0  1  1  1  1  0  0  0  0  0  0  1  1  0  0  1  0  1  1  0  0  1  1  0  1  1  0  0  0  0  0  1  0  1  -283.0       1    0.08
451  1  0  0  0  0  0  0  1  0  1  1  1  0  1  1  0  0  1  1  1  1  0  0  1  0  1  1  0  1  1  0  1  1  0  0  0  1  1  0  0  0  1  1  0  0  0  1  0  0  0 -282.25       1    0.04
468  1  0  1  0  0  1  0  1  0  1  1  0  0  1  1  0  0  0  1  0  1  1  0  1  0  1  0  1  1  1  0  0  1  1  0  0  1  0  0  0  0  1  0  0  1  1  0  0  0  0  -282.0       1    0.04
472  1  0  1  0  0  0  0  0  0  1  1  0  0  1  1  0  0  1  1  1  1  0  0  1  0  1  0  1  1  1  0  0  1  1  1  1  0  0  1  1  0  1  0  0  0  0  0  0  0  0  -282.0       1    0.06
350  1  0  0  1  0  1  0  1  0  1  1  0  0  1  1  0  0  0  1  1  1  1  0  0  0  1  0  0  1  1  0  0  1  0  0  1  1  1  0  1  0  0  0  0  1  1  1  0  0  0 -281.25       1     0.0
489  1  0  1  0  0  0  0  1  0  1  1  0  0  1  1  1  0  1  1  1  0  0  0  1  0  0  0  0  1  1  0  0  0  1  0  0  1  1  1  1  1  1  0  0  0  0  0  0  1  1 -281.25       1    0.08
493  1  0  1  0  0  0  0  1  1  1  1  0  1  1  0  0  0  1  1  1  0  1  0  1  1  0  0  1  1  1  0  0  1  0  1  0  0  1  1  1  0  1  0  0  1  0  0  1  0  1  -281.0       1    0.08
362  0  0  0  0  1  0  1  0  0  0  1  1  1  1  0  0  0  0  1  1  1  0  1  0  1  1  0  1  1  1  1  1  0  1  0  0  1  1  0  0  1  0  1  0  1  0  0  0  0  1  -280.0       1     0.0
363  1  0  1  1  0  0  0  0  0  1  1  1  0  1  1  0  0  1  1  0  1  0  0  0  1  1  0  1  1  1  0  0  1  1  0  1  0  0  1  0  0  1  0  0  1  0  0  1  0  1  -280.0       1     0.0
495  1  1  0  0  0  1  0  1  0  1  1  1  0  1  1  0  0  1  0  1  0  0  0  1  0  0  0  1  1  1  0  0  1  1  1  0  0  1  1  1  0  0  0  0  1  1  0  1  0  0  -280.0       1    0.08
486  1  0  0  0  1  0  0  1  0  1  1  0  1  1  1  0  0  1  1  0  0  0  0  1  0  0  0  1  1  1  0  1  0  0  0  1  1  0  0  1  1  0  0  0  0  0  1  0  0  1 -279.25       1    0.08
373  0  1  1  0  0  1  0  0  0  1  1  1  0  1  1  1  0  1  1  0  1  1  0  0  0  0  0  1  1  0  0  0  1  1  1  0  0  0  1  1  1  1  0  0  1  1  0  0  1  1  -279.0       1     0.0
499  1  0  0  0  1  0  0  1  0  1  0  1  0  0  1  0  0  0  1  1  0  0  0  1  0  0  0  0  1  1  0  0  1  1  1  0  1  1  1  1  0  1  0  0  0  0  1  0  1  0 -278.25       1    0.12
475  0  0  1  0  1  1  0  1  0  1  1  0  0  1  1  1  0  1  1  1  0  0  0  0  0  0  0  1  1  1  0  0  1  0  0  0  0  0  1  1  0  1  0  1  0  0  1  0  0  0 -277.25       1    0.04
485  0  0  0  1  1  1  0  0  1  1  1  0  1  1  0  1  0  0  0  1  0  0  1  1  1  1  1  0  0  1  1  1  0  1  1  0  1  1  0  0  0  1  1  1  1  1  0  1  0  1 -273.25       1    0.06
['BINARY', 500 rows, 500 samples, 50 variables]Valid partition found with 469 cut edges
Solution:  [1, 0, 1, 0, 1, 0, 1, 1, 1, 0, 1, 1, 1, 0, 0, 0, 0, 1, 1, 1, 1, 1, 0, 0, 1, 0, 0, 1, 0, 0, 0, 0, 1, 0, 1, 1, 0, 0, 1, 0, 0, 1, 0, 1, 1, 0, 0, 0, 1, 1]