--------------- DW_2000Q_6 ---------------
     0  1  2  3  4  5  6  7  8  9 10 11 12 13 14 15 16 17 18 19 20 21 22 23 24 25 26 27 28 29 30 31 32 33 34 35 36 37 38 39  energy num_oc. chain_.
0    1  0  1  0  1  0  0  0  0  1  1  1  1  0  1  0  1  0  1  0  1  0  1  1  0  1  1  1  0  1  1  0  0  1  0  0  0  1  0  0  -213.0       1     0.0
192  0  0  0  1  1  0  0  0  0  1  1  0  1  0  0  0  1  0  0  0  0  0  0  0  0  1  1  1  1  1  0  1  1  1  1  0  1  1  1  1 -212.75       1    0.05
1    0  1  0  1  0  1  1  1  0  0  0  0  0  0  0  0  0  1  0  1  0  1  0  0  1  1  0  0  1  1  1  1  0  1  1  0  1  1  1  1  -212.0       1     0.0
2    1  0  0  0  1  0  0  0  0  1  1  1  1  1  0  0  1  0  1  0  1  0  1  1  0  0  1  1  0  1  0  1  0  1  0  0  0  1  1  0 -210.75       1     0.0
3    0  1  1  1  1  1  1  1  1  0  1  0  0  0  1  0  0  1  0  1  1  0  0  0  1  0  0  0  0  1  1  0  1  1  1  0  1  0  1  1  -209.0       1     0.0
4    1  0  1  0  1  0  0  0  1  1  1  1  1  0  1  0  0  0  1  1  0  1  1  1  0  0  1  0  1  1  1  0  0  1  0  0  0  1  0  0  -209.0       1     0.0
5    1  1  1  0  0  1  1  1  0  1  0  1  0  1  0  0  0  0  1  1  0  1  1  1  0  1  0  0  0  0  1  0  0  0  1  1  0  1  0  0 -208.75       1     0.0
6    0  0  0  1  1  0  1  0  1  1  1  0  1  0  1  1  1  1  0  0  1  0  0  0  1  0  1  1  1  1  0  1  1  1  1  0  0  0  0  1  -208.0       1     0.0
7    0  1  0  1  1  1  1  0  0  0  0  0  0  0  0  0  0  1  0  0  1  1  1  0  0  1  0  1  1  1  1  1  0  1  1  0  1  1  1  1 -207.75       1     0.0
8    0  0  0  0  1  1  0  0  0  1  0  1  0  0  0  1  1  1  1  0  1  1  1  1  0  1  0  1  0  0  1  1  1  0  1  1  1  0  1  0 -207.75       1     0.0
9    1  0  1  0  1  0  0  0  0  1  1  1  0  0  0  0  1  0  1  0  0  1  1  1  0  1  1  1  0  1  1  0  0  0  1  0  0  1  1  0 -207.75       1     0.0
10   0  1  0  1  1  0  0  0  0  0  0  1  0  0  0  1  0  1  0  1  1  1  1  0  1  1  0  1  1  0  1  0  1  0  1  1  1  0  1  1 -207.75       1     0.0
148  0  0  0  1  1  0  1  0  0  1  0  0  1  0  0  0  1  0  0  0  1  0  1  1  0  1  1  1  1  1  0  1  1  1  1  0  1  1  1  0 -207.75       1   0.025
11   1  0  1  0  0  0  1  1  0  1  1  1  1  1  1  0  1  0  0  1  0  0  1  1  0  0  1  0  0  1  1  1  1  1  0  0  0  0  0  0  -207.0       1     0.0
12   0  1  0  1  0  0  1  1  1  0  1  1  0  0  0  1  0  1  0  1  1  0  0  0  1  0  0  1  0  0  1  0  1  0  1  1  1  0  1  1  -207.0       1     0.0
13   0  1  0  1  0  0  1  1  0  0  0  0  0  0  0  0  0  1  0  1  1  1  1  0  0  1  0  1  1  1  1  1  0  0  1  0  1  1  1  1  -207.0       1     0.0
14   0  1  0  1  1  1  1  1  0  0  0  1  0  0  1  1  0  1  0  1  0  1  1  0  0  1  0  1  1  0  0  0  0  0  1  1  0  1  1  1 -206.75       1     0.0
15   1  1  0  0  0  1  1  1  0  0  0  0  0  1  1  0  0  1  1  1  1  0  0  0  1  1  0  0  1  1  1  1  1  1  1  0  0  0  0  1 -206.75       1     0.0
16   0  1  0  1  1  0  1  0  0  1  1  0  0  0  0  0  1  1  0  0  1  0  0  0  0  1  0  1  1  1  1  1  0  1  1  0  1  1  1  1 -206.75       1     0.0
17   0  0  1  0  1  0  0  1  0  1  1  1  0  0  0  1  1  0  0  0  0  0  1  1  0  1  1  1  0  1  1  1  0  0  1  0  1  1  1  1 -206.75       1     0.0
18   0  1  0  1  0  0  1  1  0  0  0  0  0  0  0  0  0  1  1  0  1  1  1  0  0  1  0  1  1  1  0  1  0  1  0  0  1  1  1  1 -206.75       1     0.0
19   0  0  0  1  1  0  1  0  0  1  1  1  1  0  0  0  1  1  0  0  1  0  0  0  0  0  1  1  1  1  0  1  0  1  1  0  1  1  1  1 -206.75       1     0.0
20   1  0  0  0  0  1  1  1  0  1  1  0  0  1  1  0  1  0  1  1  1  0  1  1  0  0  1  0  0  1  0  1  0  1  0  0  0  1  0  0 -206.75       1     0.0
21   1  0  1  0  1  0  0  1  0  1  1  0  1  0  0  0  1  0  1  1  1  1  1  1  0  1  0  0  0  1  1  1  1  1  0  0  1  0  0  0 -206.75       1     0.0
22   1  0  1  0  0  1  1  1  0  1  0  1  0  0  0  0  0  1  1  1  0  1  1  1  0  1  0  0  1  0  1  0  0  0  0  1  0  1  1  0 -206.75       1     0.0
23   0  1  1  1  0  1  1  1  1  0  1  1  0  0  0  1  0  1  0  1  0  1  0  0  1  1  0  0  0  0  1  0  1  0  1  1  0  0  1  1 -206.75       1     0.0
24   1  0  1  0  1  1  0  0  0  1  1  1  1  1  0  0  0  0  1  1  0  1  1  0  0  1  0  0  0  0  1  1  0  1  0  0  1  1  0  0 -206.75       1     0.0
147  1  1  1  0  0  1  0  1  1  0  1  1  0  1  1  1  0  1  1  1  0  0  1  1  1  0  0  0  0  0  1  0  0  0  0  1  0  0  0  0 -206.75       1   0.025
25   0  0  0  0  0  0  1  1  1  1  1  0  1  1  1  1  1  1  0  1  1  0  0  0  1  0  1  0  1  1  0  1  1  1  1  0  0  0  0  1  -206.0       1     0.0
26   1  1  0  0  0  1  1  1  0  0  0  0  0  1  0  1  0  1  1  1  1  1  1  1  0  1  0  1  1  0  0  0  0  0  0  1  0  1  1  0  -206.0       1     0.0
27   0  0  1  0  0  0  0  1  1  1  1  1  1  1  0  0  0  0  0  0  1  0  0  1  1  0  1  1  0  1  0  0  1  0  1  0  1  1  1  1  -206.0       1     0.0
28   0  0  0  1  0  1  1  1  1  0  1  0  1  0  1  0  1  1  0  0  1  0  0  0  1  0  1  1  0  1  0  1  1  0  1  0  0  0  1  1  -206.0       1     0.0
29   0  0  0  1  1  1  0  0  0  1  0  0  1  0  0  0  1  0  1  0  1  1  1  0  0  1  1  1  1  1  0  1  0  1  1  0  1  1  0  0  -206.0       1     0.0
30   0  1  1  1  0  0  1  1  1  0  0  1  0  0  1  0  0  1  1  1  1  0  0  1  1  0  0  1  1  1  0  0  1  0  0  1  1  0  1  1  -206.0       1     0.0
31   1  0  0  0  1  1  1  0  0  1  1  1  0  0  1  0  1  0  1  1  1  1  1  1  0  1  0  0  0  0  1  1  0  1  0  1  0  0  0  0  -206.0       1     0.0
32   1  1  0  1  0  1  1  1  1  0  1  0  0  1  1  1  0  1  0  1  1  0  0  0  1  0  1  0  0  0  0  1  0  1  0  1  0  0  0  1  -206.0       1     0.0
33   0  0  0  1  1  0  0  0  0  1  0  1  1  0  0  1  1  0  1  0  1  1  1  1  0  1  0  1  0  1  0  1  0  0  1  0  1  1  1  0  -206.0       1     0.0
217  1  1  1  1  0  1  1  1  1  0  0  0  0  1  0  1  0  1  0  1  0  1  1  1  1  0  0  0  0  0  1  0  1  0  1  1  0  0  0  0  -206.0       1   0.025
341  1  0  1  0  0  0  0  1  1  1  1  1  1  1  1  0  1  0  1  0  0  1  1  1  1  0  1  0  0  1  1  0  0  0  0  0  0  0  1  0  -206.0       1   0.025
34   0  0  0  1  1  0  0  0  0  1  1  0  1  0  0  0  1  0  1  0  1  0  0  0  1  0  1  1  0  1  0  1  1  1  1  0  1  0  1  1 -205.75       1     0.0
35   0  0  0  1  0  0  1  1  1  0  0  0  1  0  1  1  1  1  0  0  1  0  0  0  1  0  1  1  1  1  0  1  1  0  1  0  0  0  0  1 -205.75       1     0.0
36   1  1  1  0  1  1  0  1  0  1  0  1  0  0  0  0  0  1  1  1  0  1  1  1  0  1  0  0  0  0  1  0  0  1  0  1  1  1  1  0 -205.75       1     0.0
37   0  1  0  1  1  0  0  0  1  0  1  0  1  0  1  0  1  1  0  0  1  0  0  0  1  0  1  1  0  1  0  1  1  0  1  0  1  0  0  1 -205.75       1     0.0
38   0  0  0  1  1  1  0  0  0  1  1  0  1  0  0  0  1  0  1  1  1  0  1  1  0  1  0  1  0  1  1  1  0  1  1  0  0  1  1  0 -205.75       1     0.0
289  0  1  0  1  1  1  1  1  1  0  0  0  0  1  1  1  0  1  0  0  1  0  0  0  0  1  0  0  1  0  1  0  1  0  1  1  0  1  1  1 -205.75       1   0.025
39   0  0  0  1  0  0  1  0  0  1  1  0  1  1  0  1  1  0  0  0  1  0  0  0  1  0  1  1  1  1  0  1  1  1  1  0  0  0  1  1  -205.0       1     0.0
40   1  1  1  0  1  0  0  0  1  1  1  1  1  0  1  0  0  1  0  1  1  0  0  0  1  0  1  0  0  1  1  0  0  1  1  0  0  0  0  1  -205.0       1     0.0
41   1  0  1  0  0  0  0  1  0  1  1  1  0  0  1  1  1  0  1  1  0  1  1  1  0  0  1  0  0  1  1  0  0  1  0  0  0  0  0  0  -205.0       1     0.0
42   1  0  1  1  1  1  0  1  0  1  0  1  0  0  0  0  1  0  1  1  0  1  1  1  0  1  0  0  0  0  1  0  0  0  1  1  0  1  1  0  -205.0       1     0.0
43   0  0  0  1  0  0  1  0  1  1  1  0  1  0  1  1  1  1  0  0  1  0  0  0  1  0  1  1  1  1  0  1  1  0  1  0  0  0  0  1  -205.0       1     0.0
44   0  0  1  0  1  0  0  1  0  1  1  1  1  1  1  0  1  0  0  0  0  0  1  1  0  1  1  1  0  0  0  0  0  0  1  0  1  1  0  0  -205.0       1     0.0
204  0  0  0  0  0  0  1  1  1  1  1  1  1  1  0  1  1  0  0  0  1  0  0  1  1  0  1  1  0  1  0  0  0  0  1  0  1  1  1  0  -205.0       1   0.025
219  1  0  1  0  0  1  1  0  1  1  1  0  1  0  0  0  1  0  1  1  1  1  0  1  1  0  0  0  0  1  1  1  1  1  0  0  0  0  0  0  -205.0       1   0.025
244  0  0  0  0  1  0  0  0  1  1  1  0  1  0  0  1  1  1  0  0  1  0  0  0  1  0  1  1  1  1  0  1  0  1  1  0  1  0  1  1  -205.0       1   0.025
45   0  1  0  0  0  0  1  1  1  0  0  0  0  0  0  0  0  1  0  0  1  1  0  0  1  0  1  1  1  1  0  1  1  0  1  1  0  1  1  1 -204.75       1     0.0
46   1  0  0  0  1  0  0  0  0  1  1  1  1  0  0  0  1  0  1  0  1  0  1  1  0  1  1  1  0  1  1  1  1  0  1  0  0  1  1  0 -204.75       1     0.0
47   1  0  1  0  0  1  0  1  0  1  1  0  1  1  0  0  0  0  1  1  0  1  1  1  0  1  0  0  0  1  1  0  0  0  1  0  1  1  0  0 -204.75       1     0.0
191  0  1  0  1  1  0  1  0  0  1  0  0  1  0  0  1  1  1  0  0  1  0  0  0  1  0  1  1  1  1  0  1  1  1  1  0  0  0  1  1 -204.75       1   0.025
220  1  1  1  0  0  1  1  1  0  0  0  1  0  1  1  1  0  1  0  1  1  0  1  1  0  1  0  0  0  0  0  1  0  1  0  1  0  0  0  0 -204.75       1   0.025
307  1  0  1  0  0  0  0  1  0  1  1  0  1  1  1  1  1  0  1  0  1  0  1  1  0  1  1  0  0  1  1  1  0  1  0  0  0  0  0  1 -204.75       1   0.025
48   0  1  0  1  1  1  1  0  1  0  1  0  1  1  1  0  1  0  0  0  1  0  0  0  1  0  1  0  1  0  0  1  1  1  1  0  0  0  0  1  -204.0       1     0.0
49   0  0  0  1  0  0  1  0  1  1  0  0  1  1  1  1  1  1  0  0  1  0  0  0  1  0  1  1  1  1  0  1  0  1  1  0  0  0  0  1  -204.0       1     0.0
50   0  0  0  1  1  1  0  0  0  1  0  0  1  0  0  0  1  0  0  0  1  1  1  1  0  1  1  1  1  1  1  1  0  0  1  1  0  0  1  0  -204.0       1     0.0
51   0  1  0  1  0  1  1  1  1  1  1  0  0  1  0  0  0  1  0  1  1  1  0  0  1  0  0  0  1  1  1  1  1  0  1  0  0  0  1  1  -204.0       1     0.0
52   0  0  0  1  1  0  0  0  0  1  1  0  0  0  0  1  1  0  1  1  1  0  1  1  0  1  1  1  0  1  1  1  1  1  1  1  0  0  1  0  -204.0       1     0.0
305  0  0  0  0  1  0  0  1  0  1  1  1  0  1  0  0  1  0  1  1  1  1  1  1  0  1  0  1  0  0  0  1  0  0  1  0  1  1  1  0  -204.0       1   0.025
53   0  0  1  0  1  0  0  0  1  1  1  1  1  0  0  1  1  0  1  0  0  0  0  0  1  0  1  1  0  1  1  0  0  0  1  0  1  0  1  1 -203.75       1     0.0
54   1  0  0  1  1  1  0  0  0  1  0  1  0  0  1  1  1  1  1  1  1  0  1  1  0  1  0  1  0  0  1  1  1  1  0  0  0  0  0  0 -203.75       1     0.0
55   0  0  0  1  0  0  1  0  0  1  0  0  1  0  1  1  1  0  0  0  1  0  0  0  1  0  1  1  1  1  1  1  1  1  1  0  1  0  1  1 -203.75       1     0.0
56   0  0  0  1  1  1  0  0  0  1  0  0  1  0  0  0  1  0  1  0  1  0  0  0  0  1  1  1  1  1  0  1  1  1  1  0  0  1  1  0 -203.75       1     0.0
57   0  1  0  0  1  1  1  1  1  0  0  0  0  0  1  1  0  1  0  0  1  0  0  0  1  0  1  1  1  1  0  1  0  0  1  0  0  0  1  1 -203.75       1     0.0
58   1  1  1  0  1  1  1  1  1  0  0  1  0  1  1  1  0  1  1  1  0  1  0  0  0  1  0  0  0  0  1  1  0  0  1  1  0  0  0  0 -203.75       1     0.0
59   0  1  0  1  1  1  0  0  0  1  0  0  0  1  1  1  1  1  0  0  1  0  1  1  0  1  1  1  1  0  0  1  0  0  1  1  0  0  1  0 -203.75       1     0.0
60   1  0  1  0  0  1  1  0  1  1  1  1  1  1  0  1  1  0  1  1  1  0  0  1  1  0  0  0  0  0  1  1  0  0  1  1  0  0  0  0 -203.75       1     0.0
161  0  0  0  1  1  0  0  0  1  1  1  0  1  0  1  0  1  1  0  0  1  0  0  0  1  0  1  1  1  1  0  1  1  1  1  0  0  1  0  1 -203.75       1   0.025
255  0  0  0  1  1  0  0  0  0  1  1  0  1  0  1  0  1  0  0  0  1  0  0  1  1  0  1  1  0  1  1  1  0  1  1  0  1  1  1  1 -203.75       1   0.025
310  1  1  0  1  0  1  1  1  0  0  0  0  0  1  1  0  0  1  0  1  1  1  1  1  0  1  0  0  0  0  1  1  1  0  1  1  0  0  1  0 -203.75       1   0.025
333  0  0  0  1  1  0  1  0  1  1  1  0  1  0  0  1  1  0  0  0  1  0  0  0  1  0  1  1  1  1  0  0  1  1  1  0  0  0  0  1 -203.75       1    0.05
61   0  0  1  1  1  0  0  0  1  1  1  0  1  0  0  1  1  0  0  0  1  0  0  0  1  0  1  1  0  1  1  1  1  0  1  0  0  0  1  1  -203.0       1     0.0
62   1  0  1  0  0  1  0  1  0  1  1  1  0  1  1  0  0  0  1  0  1  0  1  1  0  1  1  1  0  1  0  0  0  0  0  1  0  1  1  0  -203.0       1     0.0
63   0  1  0  1  1  1  1  0  0  0  0  0  0  0  0  0  0  1  0  1  1  1  1  0  0  1  0  1  1  0  1  1  0  1  1  0  1  0  1  1  -203.0       1     0.0
64   0  1  0  0  1  0  1  1  0  0  0  1  0  0  1  1  0  1  0  0  1  0  1  0  0  1  1  1  1  1  0  0  0  1  0  1  0  1  1  1  -203.0       1     0.0
65   0  1  0  1  0  0  1  1  0  0  0  0  1  0  1  0  0  1  1  1  1  1  0  0  1  1  0  1  1  1  0  1  0  1  1  0  1  1  0  1  -203.0       1     0.0
66   0  1  1  1  1  1  1  0  0  0  0  0  0  1  0  0  0  1  0  1  0  1  1  1  0  1  0  0  0  0  1  0  1  0  1  1  1  1  1  0  -203.0       1     0.0
67   0  0  0  1  0  0  1  1  1  1  0  0  1  0  1  1  1  0  0  0  1  0  0  0  1  0  1  1  1  1  0  1  1  1  1  0  0  0  0  1  -203.0       1     0.0
68   1  1  1  0  1  1  1  1  0  1  0  1  0  1  1  0  0  0  1  0  0  1  1  1  0  1  0  0  0  0  0  0  1  0  0  1  0  1  1  0  -203.0       1     0.0
69   1  0  1  1  0  1  1  0  1  1  0  0  0  1  0  0  0  0  1  1  0  1  1  1  0  1  0  0  0  1  1  0  0  0  1  1  0  1  1  0  -203.0       1     0.0
70   0  0  0  0  1  0  1  0  1  1  0  0  1  0  1  1  1  1  0  0  1  0  0  0  1  0  1  1  1  1  0  1  1  1  1  0  0  0  0  1  -203.0       1     0.0
71   0  1  0  1  1  0  1  0  0  1  0  1  0  0  0  0  0  1  1  1  0  1  0  1  0  1  0  1  0  1  0  1  1  0  1  1  1  1  1  1  -203.0       1     0.0
72   0  0  0  1  1  1  1  0  0  1  0  0  0  0  1  1  0  1  1  1  1  0  1  0  0  1  0  1  1  0  0  1  0  1  1  1  0  0  1  0  -203.0       1     0.0
73   0  0  1  1  0  1  1  1  1  1  1  0  0  0  0  1  0  1  0  1  1  0  0  0  1  0  0  0  0  1  1  1  1  0  1  1  1  0  1  1  -203.0       1     0.0
74   0  1  0  0  1  1  1  1  0  1  0  1  0  0  0  0  0  0  1  1  1  1  1  1  0  1  0  1  1  0  1  0  0  0  0  0  1  1  1  0  -203.0       1     0.0
75   0  0  0  0  0  1  1  0  1  0  0  0  1  1  1  1  1  1  0  0  1  0  0  0  1  0  1  0  1  1  0  1  1  1  1  1  0  0  0  1  -203.0       1     0.0
76   1  0  1  0  1  1  0  0  0  1  1  1  0  0  0  0  1  0  1  1  0  1  1  0  0  1  1  0  0  1  1  0  0  1  1  0  0  1  1  0  -203.0       1     0.0
285  0  1  0  0  1  0  1  1  1  0  0  1  1  0  1  1  1  1  0  0  1  0  0  0  1  0  1  1  1  0  0  0  1  0  1  1  0  0  0  1  -203.0       1   0.025
478  0  0  0  0  1  0  0  0  1  1  1  1  1  1  1  1  1  1  0  0  1  0  0  0  1  0  1  1  0  0  0  1  1  0  1  0  0  0  1  1  -203.0       1   0.075
77   0  0  0  0  0  0  1  1  1  1  1  0  1  0  0  1  1  0  0  0  1  0  0  0  1  0  1  1  1  1  0  1  0  0  1  0  1  0  1  1 -202.75       1     0.0
78   1  0  0  1  1  0  0  0  0  1  1  0  0  1  1  1  1  0  0  1  1  0  1  1  0  1  1  0  0  1  1  1  0  1  0  0  0  0  0  0 -202.75       1     0.0
79   0  0  0  1  1  0  0  0  0  1  1  1  1  0  0  1  1  1  0  0  1  0  1  0  1  0  1  1  0  0  0  1  0  0  1  0  1  0  1  1 -202.75       1     0.0
80   1  0  1  1  0  1  1  1  1  0  1  0  0  1  1  0  0  1  0  1  1  1  0  0  1  0  0  0  0  0  1  0  1  0  1  1  1  0  0  1 -202.75       1     0.0
81   0  1  0  1  0  0  1  1  1  0  0  1  0  0  0  1  1  1  0  1  1  1  0  0  1  0  0  1  0  0  1  0  0  0  1  0  1  0  1  1 -202.75       1     0.0
82   1  0  0  0  1  0  0  1  0  1  1  1  1  0  0  1  1  0  1  0  0  1  1  1  1  0  1  1  0  1  1  1  0  1  0  0  0  1  0  0 -202.75       1     0.0
83   1  1  1  0  1  1  1  1  0  1  0  0  0  1  0  0  0  0  1  1  0  1  1  1  0  1  0  0  0  0  1  0  0  0  1  1  1  1  1  0 -202.75       1     0.0
84   0  0  0  1  1  0  1  1  0  1  1  1  1  0  0  1  1  0  0  0  1  0  1  1  0  0  1  1  0  0  0  1  0  0  1  0  0  1  1  0 -202.75       1     0.0
85   0  0  0  1  0  0  0  1  1  0  1  1  1  0  1  1  1  1  0  0  1  0  0  1  1  0  1  1  0  1  0  0  0  0  1  0  0  0  1  1 -202.75       1     0.0
86   0  1  0  1  0  1  1  1  0  0  0  0  0  0  1  0  0  1  1  1  1  0  1  0  0  1  0  1  1  1  1  0  0  1  1  0  0  1  1  1 -202.75       1     0.0
87   0  0  0  0  1  0  1  1  1  1  0  1  0  0  0  1  0  1  0  1  1  1  1  1  0  1  0  0  1  0  1  0  0  0  1  1  1  1  1  0 -202.75       1     0.0
88   0  0  1  0  0  1  1  1  1  1  0  1  0  1  0  1  0  0  1  1  1  1  1  1  1  0  0  0  0  0  1  1  1  0  1  1  1  0  1  0 -202.75       1     0.0
260  0  1  0  1  1  0  1  0  1  1  0  1  0  1  0  1  0  1  0  0  1  0  0  0  1  0  1  1  1  0  0  1  1  0  1  1  0  0  1  1 -202.75       1   0.025
335  0  0  0  1  0  0  1  0  1  1  1  0  1  0  1  1  1  1  0  0  1  0  0  1  1  0  1  1  1  1  0  1  1  0  1  0  0  0  0  1 -202.75       1   0.025
344  0  1  1  0  0  0  1  1  1  1  0  0  0  0  0  1  0  1  0  1  1  0  0  0  1  0  0  1  1  1  0  1  1  0  1  1  1  0  1  1 -202.75       1   0.025
488  0  0  0  1  1  0  1  0  0  1  0  0  1  0  1  1  1  0  1  0  1  0  0  0  1  0  1  1  1  1  0  1  1  1  1  0  0  0  1  1 -202.75       1     0.1
89   1  1  0  0  0  1  1  1  0  1  0  0  0  1  0  1  0  0  1  0  0  0  1  1  0  1  1  1  1  0  0  0  1  1  0  1  0  1  1  0  -202.0       1     0.0
90   0  0  0  0  1  0  0  0  0  1  1  1  0  0  0  1  1  1  0  0  1  0  0  0  1  1  1  1  0  1  1  1  0  1  1  0  1  0  1  1  -202.0       1     0.0
91   0  1  0  0  1  0  1  1  0  1  0  1  0  1  0  1  1  0  1  0  0  1  1  1  0  1  0  1  0  0  1  0  1  0  1  1  1  1  1  0  -202.0       1     0.0
92   1  0  1  1  0  1  1  1  0  1  0  1  0  1  0  1  0  0  1  1  0  1  1  1  0  0  0  0  0  0  1  0  0  0  1  1  0  1  1  0  -202.0       1     0.0
93   0  0  0  0  1  1  1  1  0  0  0  1  0  0  0  0  0  1  0  1  0  1  1  1  0  1  0  1  1  0  1  0  1  0  0  1  1  1  1  1  -202.0       1     0.0
94   0  0  1  0  1  0  0  0  0  1  1  1  1  1  0  1  1  0  1  0  1  0  1  1  1  0  1  1  0  0  1  1  0  1  0  1  0  0  0  0  -202.0       1     0.0
95   1  1  1  0  0  1  0  1  0  0  1  1  0  1  1  1  0  1  1  1  1  0  1  0  1  0  0  0  0  0  1  0  0  1  1  1  0  0  0  0  -202.0       1     0.0
96   1  0  1  1  1  0  0  1  0  1  0  0  1  0  0  1  1  0  1  1  0  1  1  1  0  1  0  1  0  1  1  1  0  1  0  0  1  1  0  0  -202.0       1     0.0
97   1  0  1  0  0  1  0  1  1  1  1  1  0  1  0  0  0  1  0  1  0  1  1  1  0  1  0  0  0  0  1  0  0  0  1  0  1  1  1  0  -202.0       1     0.0
243  0  0  0  0  1  0  1  0  1  1  1  1  1  0  1  1  1  0  0  0  1  0  0  0  1  0  1  1  1  1  0  0  1  0  1  0  0  0  1  1  -202.0       1   0.025
266  0  0  1  1  1  1  0  0  0  1  0  1  0  0  0  0  0  1  0  0  0  1  1  0  0  1  1  1  1  0  1  0  1  0  1  1  1  1  1  0  -202.0       1   0.025
271  1  0  1  0  0  1  0  1  0  1  1  0  0  1  0  1  0  1  0  1  0  1  1  1  0  1  0  0  0  0  1  0  0  0  1  1  1  1  1  0  -202.0       1   0.025
287  0  0  0  0  1  0  0  0  1  1  1  1  1  0  0  1  1  0  0  0  1  0  0  0  1  0  1  1  0  1  0  1  0  0  1  0  1  0  1  1  -202.0       1   0.025
290  0  0  0  1  1  0  1  0  1  1  1  0  1  1  0  1  1  0  1  0  1  0  1  1  0  0  1  1  0  0  0  1  1  0  1  0  1  0  0  0  -202.0       1   0.025
327  0  0  0  0  1  0  0  0  1  1  0  1  0  0  0  1  1  1  0  0  1  1  0  1  0  1  0  1  1  0  1  1  1  0  1  1  1  0  1  0  -202.0       1   0.025
334  1  0  1  0  0  1  1  1  1  1  0  0  0  1  1  1  1  0  0  1  1  1  1  1  1  0  0  0  0  1  1  1  1  1  0  0  0  0  0  0  -202.0       1   0.025
437  1  0  1  1  0  1  1  0  0  1  1  0  0  1  1  0  0  1  0  1  1  0  1  0  1  0  0  0  0  0  1  1  1  1  1  1  0  0  0  0  -202.0       1    0.05
98   0  0  0  1  0  1  1  0  1  1  0  0  1  0  0  1  1  0  1  0  1  1  0  0  1  0  0  0  1  1  1  1  1  1  1  0  0  0  1  1 -201.75       1     0.0
99   0  0  1  1  1  0  0  0  1  1  1  1  1  0  0  1  1  0  1  0  1  0  0  1  1  0  1  1  0  1  0  0  1  0  0  0  1  0  1  1 -201.75       1     0.0
100  0  0  1  0  1  0  0  1  0  1  1  1  1  0  1  1  1  0  0  0  1  0  0  0  1  0  1  1  0  1  0  1  1  0  1  0  1  0  1  1 -201.75       1     0.0
101  0  0  0  0  1  1  1  0  0  1  1  0  1  0  0  0  1  0  1  0  1  0  1  0  0  1  1  1  0  1  0  1  0  1  1  0  0  1  1  0 -201.75       1     0.0
102  0  0  1  0  1  1  0  0  0  1  0  1  0  0  0  1  0  1  0  1  0  1  1  1  0  1  0  1  0  0  1  0  1  0  1  1  1  1  1  1 -201.75       1     0.0
103  1  0  0  0  1  1  1  1  1  1  0  1  0  1  1  0  1  0  1  0  1  1  1  1  0  1  0  0  0  0  1  0  0  0  1  1  0  1  0  0 -201.75       1     0.0
104  0  0  0  0  1  0  0  0  1  1  1  1  1  0  1  1  1  0  1  0  1  0  1  1  0  1  1  1  0  1  1  1  0  0  0  0  0  0  0  0 -201.75       1     0.0
105  0  0  0  0  1  0  0  0  0  1  1  1  1  0  0  0  1  0  1  0  1  0  1  0  0  0  1  1  1  1  1  1  0  0  1  0  0  1  1  1 -201.75       1     0.0
106  1  1  1  0  0  0  1  1  1  0  1  1  0  1  0  0  0  1  0  1  0  1  0  1  0  1  0  0  0  1  1  0  0  0  1  1  1  0  1  1 -201.75       1     0.0
107  0  0  0  1  1  0  1  0  1  0  0  0  0  0  1  1  1  1  0  0  1  0  0  1  0  1  1  1  1  0  1  1  1  0  1  1  1  0  1  0 -201.75       1     0.0
108  0  0  1  0  1  0  0  1  1  1  1  1  1  0  1  0  1  0  1  0  0  0  1  1  0  1  1  1  0  1  1  0  0  0  0  0  1  1  0  1 -201.75       1     0.0
309  1  0  1  0  0  1  1  0  1  1  1  1  1  0  1  0  1  0  0  1  0  0  0  1  1  0  0  0  0  1  1  0  0  1  1  0  0  1  0  0 -201.75       1   0.025
312  0  0  0  1  1  0  0  0  0  1  1  0  1  0  0  0  1  0  0  0  1  0  1  0  1  0  1  1  1  1  0  1  0  1  1  0  0  0  0  1 -201.75       1   0.025
326  0  0  0  0  0  0  1  1  0  1  1  0  1  1  0  0  1  1  0  1  1  0  0  1  1  1  0  1  0  1  0  1  1  1  1  0  1  0  0  1 -201.75       1   0.025
349  0  0  0  1  0  1  1  0  0  1  0  0  1  0  1  1  1  0  1  0  1  0  0  0  1  0  1  1  1  1  0  1  1  1  0  1  0  0  0  0 -201.75       1   0.025
109  0  1  0  1  1  0  1  1  1  0  0  1  0  0  0  0  1  1  0  0  1  0  0  1  0  1  1  1  1  1  0  0  1  0  1  1  0  1  1  1  -201.0       1     0.0
110  0  0  0  1  1  0  1  0  1  1  1  1  1  0  0  1  1  1  0  0  1  0  0  0  1  0  1  1  1  0  0  1  0  1  1  0  0  0  0  1  -201.0       1     0.0
111  1  0  1  0  1  1  0  0  0  1  1  1  0  1  0  1  0  0  1  1  0  1  1  1  0  1  0  0  0  1  1  0  0  0  1  1  0  1  0  0  -201.0       1     0.0
112  0  1  1  0  0  1  1  1  0  1  0  0  0  1  0  1  0  1  0  1  0  1  1  1  0  1  0  1  0  0  0  0  1  0  1  1  0  1  1  0  -201.0       1     0.0
113  0  1  0  0  1  0  0  1  1  1  1  1  1  0  0  1  1  0  0  0  1  0  0  0  1  0  1  1  0  1  1  1  1  0  1  0  1  0  1  1  -201.0       1     0.0
114  0  0  0  1  1  0  1  0  0  1  0  0  1  0  0  1  1  0  0  0  1  0  1  1  0  0  1  1  1  1  0  1  1  0  1  0  1  0  1  1  -201.0       1     0.0
115  1  1  1  0  0  1  1  1  0  1  1  1  0  1  1  0  0  0  1  1  0  0  1  0  0  1  0  0  0  1  1  0  1  1  0  0  0  1  0  0  -201.0       1     0.0
116  0  0  0  0  1  1  1  1  0  1  0  1  0  0  0  1  1  1  0  0  1  1  1  0  0  1  0  1  1  0  0  1  1  0  1  0  1  1  1  1  -201.0       1     0.0
117  0  0  0  1  0  0  1  1  0  0  0  0  1  1  0  0  1  1  0  0  0  1  1  1  0  1  1  1  0  1  0  1  0  0  1  0  1  1  0  0  -201.0       1     0.0
118  1  0  1  1  1  1  0  1  0  1  1  0  1  1  0  0  1  0  1  0  0  1  1  1  0  1  1  0  0  0  1  0  1  1  1  0  0  1  0  0  -201.0       1     0.0
119  0  1  0  1  1  1  1  1  1  0  0  0  0  1  1  0  0  1  0  1  1  1  0  0  0  1  0  1  0  0  0  1  0  0  1  0  0  1  1  1  -201.0       1     0.0
120  0  0  0  1  1  0  1  1  0  0  0  1  1  0  0  0  1  1  0  0  1  0  1  0  0  1  1  1  1  1  0  0  0  1  1  0  0  1  1  1  -201.0       1     0.0
121  1  0  1  0  0  0  0  1  1  1  1  1  1  1  0  0  0  1  1  1  0  1  1  1  0  0  0  0  0  0  1  0  0  0  0  1  1  1  0  1  -201.0       1     0.0
122  1  0  1  0  0  1  1  0  0  1  0  0  0  1  0  0  0  0  0  1  0  1  1  1  0  1  1  0  0  0  1  1  0  0  1  1  0  1  1  0  -201.0       1     0.0
123  0  0  0  1  1  1  0  0  0  0  1  0  1  0  0  1  1  1  0  0  1  0  1  0  1  1  1  1  0  0  0  1  0  1  1  0  0  1  1  1  -201.0       1     0.0
124  1  0  1  0  1  0  0  0  0  1  1  1  1  0  0  0  0  0  1  1  0  0  0  1  0  0  1  1  0  1  1  1  0  1  1  1  1  1  0  0  -201.0       1     0.0
125  1  0  1  0  1  0  0  0  0  1  0  1  1  0  0  1  1  0  1  1  0  1  1  1  0  1  1  0  0  1  1  0  0  0  1  1  0  0  1  0  -201.0       1     0.0
126  0  0  1  0  1  0  0  1  0  1  1  0  0  0  0  1  1  0  1  1  0  0  1  1  0  1  1  1  0  0  1  1  1  0  0  1  1  0  1  0  -201.0       1     0.0
127  0  0  1  1  1  1  0  1  1  1  1  0  0  0  0  1  0  1  0  1  1  0  1  0  1  1  0  0  1  0  1  0  1  0  1  1  1  0  1  0  -201.0       1     0.0
301  0  0  0  0  0  0  1  1  1  0  0  0  1  1  0  1  1  1  0  0  1  0  0  1  1  1  0  1  1  1  0  1  1  0  1  0  1  0  0  1  -201.0       1   0.025
313  0  0  1  0  1  1  0  0  1  1  0  1  0  0  0  0  1  0  1  1  0  1  1  1  0  1  0  0  0  0  1  0  0  1  1  1  1  1  1  0  -201.0       1   0.025
359  0  1  1  0  1  1  1  0  1  1  0  0  0  1  0  0  0  1  1  1  0  1  0  0  0  0  0  0  1  0  1  0  1  0  1  1  0  1  1  1  -201.0       1   0.025
374  0  0  0  0  1  0  1  0  0  1  1  0  1  0  0  0  1  0  1  0  1  0  0  0  1  0  0  1  1  1  0  1  0  1  1  0  0  1  1  1  -201.0       1    0.05
402  0  0  0  1  1  1  1  0  1  1  0  0  1  0  0  1  1  0  0  0  1  0  0  0  1  0  1  1  1  1  0  1  0  1  1  0  0  0  1  1  -201.0       1   0.025
410  0  0  0  0  1  0  1  1  1  1  0  1  1  0  0  0  1  0  0  0  1  0  0  0  1  1  1  1  1  1  0  0  0  0  1  0  1  1  1  1  -201.0       1    0.05
481  1  0  1  1  0  1  0  1  0  0  1  0  1  1  1  0  0  0  1  1  0  1  1  1  0  1  0  0  0  1  1  0  0  1  0  0  1  1  0  0  -201.0       1   0.075
128  0  0  0  1  0  1  1  0  0  1  0  0  0  0  1  1  0  0  1  1  0  1  1  1  0  1  0  0  1  1  1  1  1  1  0  1  0  1  1  0 -200.75       1     0.0
129  0  1  0  1  1  0  1  1  1  0  0  0  1  0  0  0  1  1  0  0  1  0  0  0  0  0  1  1  1  1  0  1  1  1  1  0  0  0  0  1 -200.75       1     0.0
130  0  0  0  0  1  0  0  0  1  1  1  0  1  0  1  0  1  1  0  0  1  0  1  0  0  0  1  1  1  1  1  1  1  1  1  0  1  0  0  1 -200.75       1     0.0
131  0  0  0  0  1  0  0  1  0  1  1  1  1  0  0  1  1  0  0  1  1  0  1  0  1  0  1  1  0  1  1  1  0  0  1  0  1  0  1  1 -200.75       1     0.0
132  0  0  0  1  1  1  1  0  1  1  0  0  0  0  0  1  1  1  0  1  1  1  1  1  0  1  0  0  0  1  1  1  1  0  1  0  0  0  1  0 -200.75       1     0.0
133  0  0  0  0  1  0  1  0  1  1  0  1  1  0  1  1  1  0  1  0  1  0  1  1  0  0  1  1  1  1  1  1  1  1  0  0  0  0  0  0 -200.75       1     0.0
134  1  1  1  1  1  1  0  0  0  1  1  1  0  1  1  1  1  0  1  1  1  1  1  1  0  1  0  0  0  0  1  1  0  0  0  1  0  0  0  0 -200.75       1     0.0
135  0  0  0  0  1  0  1  1  1  1  1  1  1  0  0  0  1  0  0  0  1  0  0  0  1  0  1  1  0  1  0  0  1  0  1  0  0  1  1  1 -200.75       1     0.0
136  0  0  1  0  1  1  0  1  1  1  1  0  1  0  1  1  1  0  0  0  1  0  0  0  0  0  1  0  1  1  1  0  1  1  1  0  1  0  0  1 -200.75       1     0.0
137  0  0  0  0  1  0  0  1  1  1  1  0  1  1  0  1  1  1  0  0  1  0  1  1  0  0  1  1  0  0  0  1  1  0  1  0  0  1  0  0 -200.75       1     0.0
138  0  0  1  1  1  0  0  0  1  1  1  1  0  0  0  0  0  1  1  1  0  0  1  1  0  1  0  1  0  1  1  0  0  0  1  1  1  1  1  0 -200.75       1     0.0
139  0  0  1  0  0  1  1  1  1  1  0  0  0  1  0  0  0  1  1  1  0  1  1  1  0  1  0  0  0  0  1  0  1  0  0  1  0  1  1  0 -200.75       1     0.0
140  1  0  0  0  1  0  0  0  0  1  1  1  0  0  0  0  1  0  1  1  1  0  1  1  0  1  1  1  0  1  1  0  0  0  0  0  1  1  0  1 -200.75       1     0.0
141  1  0  1  0  0  1  1  1  0  0  0  0  0  1  0  1  0  1  1  1  1  1  1  1  1  0  0  0  0  0  1  1  1  1  1  1  0  0  0  0 -200.75       1     0.0
142  1  1  1  0  0  1  1  1  0  1  0  0  0  1  0  0  0  0  1  1  0  1  1  0  1  0  0  0  0  0  1  1  0  0  1  1  1  0  1  0 -200.75       1     0.0
143  1  0  0  1  0  1  1  1  0  1  1  0  1  1  0  0  1  0  1  1  1  0  0  0  1  0  0  1  0  1  0  1  1  1  1  0  0  1  0  0 -200.75       1     0.0
144  0  0  0  0  1  0  0  1  1  0  1  1  1  0  1  1  1  0  1  0  1  0  1  1  0  1  1  1  1  0  1  0  0  0  0  0  0  1  0  0 -200.75       1     0.0
145  0  1  1  0  0  0  1  1  1  0  0  1  0  0  1  1  0  1  0  0  1  0  0  1  0  1  0  1  0  0  1  0  0  0  1  1  1  0  1  1 -200.75       1     0.0
146  1  0  1  0  1  1  0  0  1  1  1  1  1  1  0  0  1  0  0  1  0  1  1  1  0  1  0  0  0  1  0  0  0  1  1  0  1  1  0  0 -200.75       1     0.0
264  1  0  0  0  1  1  0  1  0  1  1  0  1  1  0  1  1  0  0  0  1  0  1  0  0  0  1  1  0  0  0  1  1  1  1  0  0  0  0  1 -200.75       1   0.025
275  0  0  0  1  1  0  1  0  0  1  0  1  1  0  0  1  1  1  0  0  1  0  0  0  1  0  1  1  1  0  0  0  0  1  1  0  0  1  1  1 -200.75       1   0.025
303  0  0  0  1  1  0  1  0  0  1  0  1  1  0  0  1  1  1  0  0  1  0  1  1  1  0  1  1  1  0  0  1  1  0  1  1  0  0  1  0 -200.75       1   0.025
337  0  0  0  1  1  0  1  1  0  1  0  1  1  0  1  0  1  0  0  0  1  0  0  1  0  0  1  1  1  1  0  0  0  0  1  0  0  1  1  1 -200.75       1   0.025
358  0  0  0  1  1  0  1  0  0  1  0  0  1  0  1  1  1  0  1  0  1  0  1  0  0  1  1  1  1  1  1  1  1  1  1  0  0  0  0  0 -200.75       1   0.025
377  0  0  1  0  0  1  1  1  1  1  0  1  0  1  0  1  1  0  1  1  0  1  1  1  0  1  0  0  0  0  0  1  0  0  1  1  1  1  0  0 -200.75       1   0.025
383  1  1  1  1  1  1  0  0  1  0  0  0  0  1  1  0  0  1  1  1  0  1  1  1  0  1  0  0  0  0  1  0  0  0  0  1  1  0  0  0 -200.75       1    0.05
429  1  1  1  0  0  1  1  1  0  0  0  1  0  1  1  1  0  1  1  1  1  1  1  1  0  0  0  0  0  0  1  0  0  1  0  1  0  0  1  0 -200.75       1    0.05
443  0  0  0  1  1  0  1  0  1  1  0  1  1  0  0  0  1  0  0  0  1  1  0  1  0  1  1  1  1  1  0  0  0  0  1  0  0  1  0  1 -200.75       1    0.05
149  1  1  0  0  0  0  0  1  0  0  1  1  0  1  0  1  0  1  1  0  0  1  1  1  1  1  0  1  0  0  0  0  0  0  1  1  1  1  1  0  -200.0       1     0.0
150  1  0  0  0  1  1  1  1  0  1  0  1  0  1  0  0  0  1  1  0  0  0  1  1  0  1  0  1  0  0  1  1  0  0  1  1  0  1  1  0  -200.0       1     0.0
151  0  0  0  0  1  0  0  0  1  1  1  0  1  0  0  1  1  0  1  1  1  0  1  1  0  1  1  0  0  1  0  1  1  1  1  0  1  0  0  0  -200.0       1     0.0
152  1  0  1  1  0  1  0  0  1  1  1  1  1  1  0  1  1  1  0  1  1  1  0  0  1  0  0  0  0  0  1  0  0  0  1  0  1  0  0  0  -200.0       1     0.0
153  0  0  0  1  1  0  0  0  1  1  1  1  1  0  1  1  1  1  0  1  1  0  0  1  1  0  1  1  0  0  1  1  0  0  0  1  1  0  0  1  -200.0       1     0.0
154  1  0  0  1  0  1  1  1  0  0  0  0  1  0  1  0  1  0  1  0  1  0  1  1  1  0  1  1  0  1  0  1  0  1  0  0  0  0  0  0  -200.0       1     0.0
155  0  0  0  1  1  1  1  0  0  1  0  0  1  0  1  1  1  1  1  1  1  0  0  0  0  0  1  1  1  0  0  1  1  1  0  1  0  0  0  0  -200.0       1     0.0
156  1  1  1  1  0  1  0  1  0  0  1  0  0  1  1  0  0  1  0  1  1  0  1  0  0  1  1  0  0  0  1  1  0  1  1  1  0  0  0  0  -200.0       1     0.0
157  0  1  0  1  1  1  1  1  1  1  0  0  0  1  0  0  0  1  1  1  1  1  1  0  0  1  0  0  0  0  0  1  1  0  1  1  1  0  1  0  -200.0       1     0.0
158  0  0  0  0  1  0  1  0  0  1  1  1  1  0  0  1  1  0  1  1  1  0  1  0  0  0  1  1  0  1  0  1  0  1  1  0  0  1  0  1  -200.0       1     0.0
159  0  1  1  1  1  0  0  0  0  0  1  1  1  0  1  0  1  0  0  0  1  0  0  1  0  1  1  1  0  1  1  0  0  0  1  0  0  1  1  1  -200.0       1     0.0
160  0  1  0  0  1  1  1  1  1  1  0  1  0  0  0  1  0  1  0  1  0  1  1  1  0  1  0  0  1  0  1  0  1  0  1  0  1  1  1  0  -200.0       1     0.0
296  1  0  0  0  1  0  0  1  0  0  1  1  0  1  1  1  0  1  1  0  0  1  1  1  0  1  0  1  0  0  1  0  0  0  0  1  1  1  1  0  -200.0       1   0.025
311  0  0  0  1  1  0  0  0  0  1  1  0  1  0  0  1  1  1  0  0  1  0  0  0  0  0  0  1  1  0  0  1  1  1  1  0  1  0  1  1  -200.0       1   0.025
324  0  0  0  1  1  0  1  0  1  1  1  1  1  0  0  0  1  0  0  0  1  0  0  0  1  0  1  1  0  1  1  1  1  0  1  0  0  0  1  1  -200.0       1   0.025
332  0  0  0  0  0  0  1  0  1  1  1  1  1  0  0  1  1  1  0  0  1  0  0  0  1  0  1  1  0  1  0  1  0  0  1  0  0  0  1  1  -200.0       1   0.025
361  0  0  0  1  1  0  1  0  0  1  0  0  0  0  0  0  0  1  1  0  1  0  1  0  0  1  0  1  1  1  1  1  0  0  1  1  1  1  1  1  -200.0       1   0.025
376  0  0  0  1  1  0  1  0  0  1  0  0  1  0  1  1  1  0  0  0  1  0  1  1  0  1  1  1  1  1  0  1  1  0  1  0  0  1  0  0  -200.0       1   0.025
382  0  0  0  1  1  0  1  0  1  1  1  0  1  0  0  1  1  0  0  1  1  0  0  1  1  0  1  1  0  1  1  1  1  1  1  0  0  0  0  1  -200.0       1    0.05
406  0  0  0  0  0  0  0  1  0  1  1  0  1  0  1  1  1  0  1  0  1  0  0  0  1  0  1  1  1  1  0  1  1  1  1  0  0  0  1  1  -200.0       1    0.05
414  0  0  1  1  1  0  1  0  1  1  1  0  1  0  0  1  1  0  0  0  1  0  0  0  1  0  1  1  1  1  0  1  0  1  1  0  0  0  0  1  -200.0       1    0.05
450  0  0  0  0  1  0  1  1  1  1  1  0  1  1  0  1  1  0  0  0  1  0  0  0  1  0  1  1  1  1  0  0  1  0  1  0  0  0  1  1  -200.0       1    0.05
162  0  1  0  0  0  0  1  1  1  1  1  1  0  0  0  1  0  1  0  0  1  0  0  0  1  0  0  1  1  1  1  1  1  0  1  1  0  0  1  1 -199.75       1     0.0
163  0  0  0  0  1  0  0  0  0  1  0  1  0  0  0  1  1  1  0  0  0  1  1  1  0  1  1  1  1  1  1  1  0  1  1  1  1  0  1  0 -199.75       1     0.0
164  1  0  1  0  1  0  1  0  0  1  0  1  1  0  1  0  0  0  1  1  0  0  1  1  0  0  1  0  0  1  1  0  0  1  0  0  0  1  0  0 -199.75       1     0.0
165  0  0  0  0  1  0  1  0  0  1  1  1  1  0  0  0  1  0  0  0  1  0  0  1  1  0  1  1  1  1  0  0  1  0  1  0  0  1  1  1 -199.75       1     0.0
166  0  0  0  0  1  0  0  0  0  1  1  1  1  0  1  1  1  1  1  1  1  0  1  1  0  0  0  1  0  0  1  1  0  1  1  1  1  0  0  0 -199.75       1     0.0
167  0  1  0  1  1  0  1  0  1  1  0  0  1  0  1  0  1  0  0  0  1  0  0  0  1  0  1  0  1  1  1  1  1  1  1  1  0  0  0  1 -199.75       1     0.0
168  1  0  1  0  0  1  0  1  0  0  1  1  0  1  1  1  0  1  1  1  0  1  1  1  1  1  0  0  0  0  1  0  0  1  0  1  0  0  1  0 -199.75       1     0.0
169  0  0  0  0  1  0  0  1  0  1  1  1  1  0  0  0  1  0  1  1  1  0  1  1  0  0  1  1  0  1  0  1  1  0  1  0  0  1  1  1 -199.75       1     0.0
280  0  0  0  1  1  0  0  0  0  1  1  1  1  0  0  0  1  0  1  0  1  0  1  1  1  0  1  1  0  1  0  1  1  0  1  0  1  0  1  1 -199.75       1   0.025
286  0  0  0  0  1  0  0  0  1  1  1  1  1  1  0  1  1  1  0  1  1  0  0  1  0  0  1  1  0  0  0  1  0  0  1  1  0  0  0  1 -199.75       1   0.025
316  0  0  0  1  1  0  0  1  1  1  1  0  0  0  0  0  1  0  0  0  1  0  1  1  0  1  1  1  0  1  1  1  1  1  1  0  1  0  0  1 -199.75       1   0.025
336  0  0  0  0  1  0  0  1  1  1  1  0  1  0  1  1  1  1  0  1  1  0  0  0  1  0  1  1  1  0  0  1  1  0  1  0  1  0  0  1 -199.75       1   0.025
350  1  1  1  0  1  1  1  1  0  0  0  0  0  1  1  0  0  1  0  1  0  1  1  0  0  1  0  0  0  0  0  1  1  1  1  1  0  0  0  0 -199.75       1   0.025
356  0  0  0  0  0  0  1  1  0  1  0  1  0  1  1  1  1  1  1  0  1  0  1  1  0  1  1  1  1  0  1  1  1  0  0  0  0  0  1  0 -199.75       1   0.025
391  0  0  0  0  1  0  1  0  1  1  1  1  1  0  0  1  1  0  0  0  1  0  0  0  1  0  1  1  1  1  0  1  0  0  1  0  0  0  1  1 -199.75       1    0.05
394  0  0  0  0  1  0  1  0  1  1  0  0  1  0  0  1  0  1  0  0  1  1  0  1  0  0  1  1  1  1  0  1  0  0  1  1  1  1  1  1 -199.75       1   0.025
427  0  0  0  1  1  0  1  0  1  1  0  0  1  0  0  0  1  0  0  0  1  1  0  0  1  0  1  1  1  1  0  1  1  0  1  0  1  0  0  1 -199.75       1    0.05
449  0  1  1  1  0  0  0  1  1  0  0  1  0  0  1  0  0  1  0  0  0  1  1  1  0  1  0  1  1  1  1  0  1  0  0  0  1  1  1  1 -199.75       1    0.05
473  0  0  0  0  1  0  0  1  1  1  1  1  1  0  0  1  1  0  1  1  1  0  0  1  0  0  1  1  0  1  0  1  0  0  1  0  1  0  1  1 -199.75       1    0.05
170  1  0  1  0  0  1  1  0  0  1  1  1  1  0  1  1  1  1  1  1  0  0  0  0  1  0  1  0  0  1  1  1  0  1  0  0  0  0  0  0  -199.0       1     0.0
171  0  0  0  0  1  0  1  1  0  0  0  1  0  0  1  1  1  1  0  1  1  0  0  1  1  1  0  1  0  1  1  1  0  1  1  0  1  0  1  1  -199.0       1     0.0
172  0  0  0  1  1  0  1  0  0  1  0  0  1  0  0  1  1  0  1  0  1  0  1  0  1  0  1  1  1  1  1  1  1  1  1  0  0  0  1  1  -199.0       1     0.0
173  0  0  0  0  1  0  0  1  1  1  1  1  0  0  0  1  1  1  1  1  1  0  1  1  1  1  0  1  0  0  1  0  0  0  1  0  1  0  0  0  -199.0       1     0.0
174  1  0  1  0  1  1  1  1  0  1  0  1  0  0  0  1  0  0  1  1  0  1  1  1  0  1  0  0  0  1  1  0  0  1  1  1  0  1  1  0  -199.0       1     0.0
175  0  0  1  1  1  0  0  1  1  0  1  0  0  0  0  0  1  0  1  0  1  1  1  1  0  1  0  1  0  1  1  0  0  0  1  0  1  1  1  0  -199.0       1     0.0
176  0  0  0  0  1  0  1  0  1  1  0  1  1  0  1  1  1  1  0  1  1  0  0  1  0  0  1  1  0  0  0  0  0  0  1  1  1  0  1  1  -199.0       1     0.0
177  0  1  1  0  1  1  0  0  1  1  0  1  0  1  0  1  0  1  0  0  0  0  1  0  1  0  1  1  1  0  1  0  0  0  1  1  0  0  1  1  -199.0       1     0.0
178  0  0  1  0  1  0  0  0  0  1  0  1  1  0  0  0  1  0  0  1  0  1  1  0  0  1  1  1  1  1  0  0  0  0  1  0  0  1  1  1  -199.0       1     0.0
179  0  0  1  0  1  0  0  0  1  1  1  1  1  0  0  0  1  0  0  1  1  0  0  1  1  0  1  0  0  1  0  1  1  0  1  1  1  0  1  0  -199.0       1     0.0
302  0  0  0  1  1  0  1  0  1  1  0  0  1  0  0  0  0  0  1  0  1  0  0  0  0  1  1  1  1  1  0  1  1  1  1  0  0  1  1  1  -199.0       1   0.025
338  0  1  0  0  1  1  1  1  0  1  0  0  0  1  0  0  1  0  1  0  1  0  1  0  0  1  1  1  1  1  0  1  1  0  1  0  0  1  1  1  -199.0       1   0.025
351  0  0  0  1  0  0  1  0  0  1  0  0  1  1  0  0  1  0  1  0  1  0  1  1  1  0  0  1  1  1  0  1  0  0  1  0  1  1  1  1  -199.0       1   0.025
352  0  1  0  1  0  0  1  1  1  1  0  0  0  1  0  0  1  0  1  0  1  1  1  1  0  1  0  1  1  1  0  0  1  0  0  0  0  1  1  0  -199.0       1   0.025
355  0  0  0  1  0  0  1  0  1  1  1  1  1  1  1  1  1  0  1  0  1  0  0  0  1  0  1  1  1  1  0  1  0  0  0  0  0  0  0  1  -199.0       1   0.025
388  0  0  0  0  1  0  0  0  1  1  0  1  1  1  0  1  1  0  0  0  1  0  1  1  0  1  1  1  0  0  0  0  1  0  1  1  0  0  0  1  -199.0       1   0.025
396  0  0  0  0  1  0  1  0  1  1  0  1  1  0  0  1  1  0  0  0  1  0  0  0  1  0  1  1  1  1  0  1  0  0  1  0  1  1  1  1  -199.0       1    0.05
180  0  0  0  0  1  1  0  0  0  1  0  1  1  1  0  1  1  0  0  0  0  0  1  0  0  1  1  1  1  0  0  1  0  1  1  1  1  1  1  1 -198.75       1     0.0
181  0  0  0  0  1  0  0  1  1  1  1  1  1  0  0  1  1  0  1  0  1  0  0  0  1  0  1  1  1  1  1  1  0  0  1  0  1  0  0  1 -198.75       1     0.0
182  1  0  0  0  1  0  0  1  0  1  0  1  0  1  1  1  1  0  0  0  1  0  1  1  1  1  1  1  0  0  0  1  0  0  1  1  0  1  1  0 -198.75       1     0.0
183  1  0  1  0  1  0  0  1  0  0  0  1  0  1  1  0  0  1  1  1  1  1  1  1  0  1  0  0  0  0  1  0  0  0  0  1  1  0  1  0 -198.75       1     0.0
184  1  0  1  1  0  1  1  0  0  0  1  0  0  1  1  0  0  1  1  1  1  0  1  0  1  0  0  0  0  0  1  1  0  1  0  1  0  0  1  0 -198.75       1     0.0
185  1  0  0  0  1  0  1  0  0  1  1  0  1  0  0  1  1  0  0  0  1  0  1  1  0  0  1  1  0  1  1  1  0  1  0  0  0  1  0  1 -198.75       1     0.0
186  0  1  0  0  1  0  1  0  1  1  0  1  0  0  0  1  0  1  0  0  1  0  0  1  1  0  1  1  1  0  0  0  0  1  1  1  1  0  1  0 -198.75       1     0.0
187  1  1  1  1  1  1  1  0  0  0  0  0  0  1  0  0  0  1  0  1  1  1  1  1  0  1  0  0  0  0  1  0  1  0  1  1  0  1  1  0 -198.75       1     0.0
188  1  1  1  0  1  1  1  1  1  0  1  1  0  1  1  1  0  1  1  1  0  1  1  0  0  0  0  0  0  0  0  0  1  0  0  0  0  1  0  1 -198.75       1     0.0
189  0  0  1  0  1  1  0  1  0  1  0  0  0  1  0  0  0  1  1  1  1  1  1  1  0  1  0  1  0  0  1  0  0  0  1  1  1  1  1  0 -198.75       1     0.0
190  0  0  0  0  1  0  1  0  0  1  0  1  1  0  0  1  1  0  1  0  1  0  1  1  0  1  1  1  0  1  0  1  0  0  1  0  1  1  0  0 -198.75       1     0.0
265  0  0  0  1  0  0  1  0  1  1  0  0  1  1  0  1  1  0  0  0  1  0  0  1  1  0  1  1  1  1  0  0  1  1  1  0  0  0  0  1 -198.75       1   0.025
364  0  0  0  0  1  0  0  1  0  1  0  1  1  0  0  1  1  0  0  1  1  0  1  1  0  1  1  1  0  0  0  1  0  0  1  1  1  0  0  1 -198.75       1   0.025
386  0  0  1  0  1  1  1  0  1  1  0  1  0  0  0  1  1  1  1  1  0  1  1  0  0  1  0  0  0  0  1  0  1  1  1  1  0  0  1  0 -198.75       1   0.025
389  0  0  1  1  0  1  1  1  1  1  0  1  0  1  0  0  0  1  0  1  0  1  1  1  0  1  0  0  1  0  1  0  0  0  1  1  0  1  1  0 -198.75       1   0.025
390  1  1  1  0  0  1  0  1  0  1  1  1  0  1  0  0  0  1  0  1  0  1  1  1  0  1  0  0  0  0  1  0  0  1  0  1  1  1  1  0 -198.75       1    0.05
412  0  1  0  0  1  0  1  0  1  1  0  1  1  0  0  1  1  0  0  0  1  0  0  0  1  0  1  1  1  1  0  1  0  0  1  0  1  1  1  1 -198.75       1    0.05
441  0  0  0  1  1  1  0  0  0  1  1  0  1  0  0  1  1  0  1  1  1  0  1  0  1  0  1  1  1  1  0  1  0  1  1  1  0  0  0  0 -198.75       1    0.05
457  0  0  0  1  1  0  1  0  1  1  0  0  1  1  1  1  1  0  0  0  1  0  0  1  1  0  1  1  1  1  0  1  0  0  1  1  0  0  0  1 -198.75       1    0.05
193  0  0  0  1  1  0  0  1  1  1  1  0  1  0  0  0  1  0  1  0  1  0  1  1  1  0  1  1  1  1  1  1  0  0  1  0  1  0  1  0  -198.0       1     0.0
194  0  0  0  1  1  1  1  0  0  1  0  1  1  0  0  1  0  0  0  0  1  0  1  1  0  0  1  1  0  0  0  1  0  0  1  1  0  1  1  0  -198.0       1     0.0
195  1  0  1  1  1  1  0  0  1  0  1  0  0  0  1  0  0  1  0  1  1  0  0  0  1  1  0  0  0  1  1  0  0  1  1  0  0  0  0  1  -198.0       1     0.0
196  0  1  0  0  0  0  1  0  0  1  0  0  0  0  0  1  0  1  0  0  0  0  0  0  0  1  1  1  1  1  0  0  0  1  1  0  1  1  1  1  -198.0       1     0.0
197  1  1  1  1  0  1  0  0  0  1  1  0  0  0  1  0  0  0  1  1  1  0  1  0  0  1  0  0  0  1  1  0  0  1  0  0  0  1  1  0  -198.0       1     0.0
198  0  0  0  1  1  1  1  0  0  1  1  1  1  0  1  0  1  1  1  0  1  0  1  1  0  0  1  1  0  1  0  1  0  1  0  0  0  0  0  0  -198.0       1     0.0
199  0  0  0  1  1  1  0  0  0  1  1  0  1  0  0  0  0  1  0  0  1  0  0  0  0  1  1  0  1  0  0  1  0  1  1  0  1  1  1  1  -198.0       1     0.0
200  0  0  1  0  1  0  0  0  0  1  0  0  1  0  0  1  1  0  0  0  1  0  1  0  1  0  1  1  1  1  1  0  0  1  1  0  1  1  1  1  -198.0       1     0.0
201  0  0  0  0  1  0  1  1  1  1  0  1  0  0  0  1  0  1  1  1  0  1  0  0  1  0  0  1  1  1  0  0  0  0  1  1  1  0  1  1  -198.0       1     0.0
202  0  1  1  1  1  1  0  1  0  0  1  0  0  0  0  0  0  1  0  1  1  0  1  0  1  0  1  0  1  0  1  0  1  0  1  1  0  0  1  1  -198.0       1     0.0
203  0  1  1  0  0  0  1  1  1  1  1  0  0  1  0  0  0  1  0  1  0  1  0  0  1  0  0  1  1  1  1  0  0  0  1  0  0  1  1  1  -198.0       1     0.0
288  0  1  0  1  1  0  0  0  0  1  0  0  1  0  0  1  1  0  0  0  1  0  0  1  1  1  1  1  1  1  0  1  1  1  1  0  1  1  0  1  -198.0       1   0.025
323  1  1  1  0  0  1  1  1  0  0  1  1  0  0  1  0  0  1  1  1  0  1  1  0  0  1  0  0  0  1  0  0  0  1  0  0  0  1  1  1  -198.0       1   0.025
353  0  0  0  0  0  0  1  0  1  1  0  0  1  1  0  1  1  0  0  0  1  0  0  1  1  0  1  1  1  1  0  1  1  0  1  0  0  1  1  1  -198.0       1    0.05
371  0  0  0  0  1  0  1  0  0  1  0  1  1  0  0  0  1  0  1  1  0  1  1  1  0  0  1  1  0  1  0  1  1  0  1  0  0  1  1  1  -198.0       1   0.025
380  0  0  0  0  1  0  0  0  1  1  1  1  1  0  1  1  1  0  1  0  1  0  0  0  1  0  1  1  0  1  1  1  1  0  1  0  0  0  0  1  -198.0       1   0.025
385  0  0  0  1  1  0  1  0  1  1  0  1  1  0  0  1  1  0  0  0  1  1  0  1  1  0  1  1  0  1  0  1  0  0  1  0  0  0  1  1  -198.0       1   0.025
418  1  0  1  0  0  1  1  1  1  1  1  1  0  1  0  1  0  0  1  0  0  1  1  0  0  1  0  0  0  1  0  0  0  0  1  1  0  1  1  0  -198.0       1   0.025
419  1  0  1  1  0  1  0  1  0  0  1  0  0  1  0  0  0  1  0  1  0  1  1  1  0  1  0  0  0  0  1  0  0  0  1  1  0  1  1  0  -198.0       1    0.05
423  0  0  0  0  0  0  1  1  1  1  0  1  1  0  1  1  1  1  0  0  1  1  0  1  1  0  1  1  1  1  0  1  0  0  0  0  0  0  0  1  -198.0       1   0.025
436  0  0  0  0  1  0  1  0  1  1  0  1  1  0  0  1  1  0  0  0  1  0  0  0  1  1  1  1  1  1  0  0  0  1  1  0  1  1  0  1  -198.0       1    0.05
485  0  0  0  0  1  1  1  0  1  1  0  1  0  1  0  0  0  1  0  0  1  1  0  0  1  0  1  1  1  0  0  1  0  0  1  1  0  1  1  1  -198.0       1   0.075
494  0  0  0  0  1  0  0  0  1  1  1  1  1  0  0  0  1  0  0  0  1  0  0  1  1  0  1  1  1  1  1  1  1  0  1  0  0  0  1  1  -198.0       1     0.1
205  0  1  0  0  0  0  1  0  0  1  0  1  1  0  0  1  1  0  1  0  1  0  0  0  1  0  1  1  1  1  0  1  1  1  1  0  1  0  1  1 -197.75       1     0.0
206  0  0  1  0  1  0  0  0  0  1  0  0  0  0  0  0  0  0  1  0  1  1  1  1  0  1  0  1  0  1  1  1  0  1  1  1  1  1  1  0 -197.75       1     0.0
207  0  0  0  1  1  0  0  0  0  1  1  0  1  0  1  0  1  1  1  1  1  0  1  0  0  0  0  1  0  1  1  1  0  1  1  0  1  1  0  1 -197.75       1     0.0
208  0  1  1  1  0  1  0  1  0  0  1  0  0  0  0  0  0  1  0  1  0  1  1  0  0  1  0  0  0  1  1  1  0  1  1  0  1  0  1  1 -197.75       1     0.0
209  0  0  1  1  1  0  0  0  0  1  1  1  1  0  0  1  0  1  0  0  1  0  0  0  1  0  1  1  1  1  1  0  1  1  1  0  1  1  1  1 -197.75       1     0.0
210  0  0  0  1  1  1  1  0  0  1  0  0  1  0  1  1  1  0  0  0  1  0  1  1  0  0  1  1  1  1  0  1  0  0  1  0  0  0  1  0 -197.75       1     0.0
211  1  1  0  1  0  0  1  1  0  0  0  0  0  0  1  1  0  1  0  1  1  1  1  1  0  1  0  1  0  1  1  1  0  0  1  1  0  0  1  0 -197.75       1     0.0
212  0  0  0  0  1  0  1  1  0  1  0  0  0  0  0  0  1  1  1  1  1  1  1  1  0  1  0  1  1  1  0  0  1  0  1  1  1  1  0  0 -197.75       1     0.0
213  1  0  1  1  0  1  0  1  0  1  1  1  0  1  0  1  0  1  1  1  0  1  1  1  0  1  0  0  0  0  1  0  0  0  1  1  1  1  1  0 -197.75       1     0.0
214  0  0  0  1  1  0  1  0  0  1  0  0  0  0  1  0  1  0  1  0  1  0  1  1  0  0  1  1  1  1  1  0  1  1  1  1  0  0  0  0 -197.75       1     0.0
215  1  0  0  0  0  0  1  1  0  1  0  1  1  1  0  1  1  0  1  1  1  0  1  1  0  0  1  1  0  1  1  1  0  0  1  0  0  1  0  0 -197.75       1     0.0
216  0  0  0  0  1  1  1  0  0  1  1  1  1  0  0  0  1  0  1  1  1  1  1  1  0  1  0  0  0  1  1  1  1  1  1  0  1  1  0  0 -197.75       1     0.0
218  1  0  0  0  0  0  1  1  0  1  0  1  1  1  0  1  0  1  0  1  1  1  1  1  0  1  0  1  0  1  0  1  0  0  1  0  0  1  0  1 -197.75       1     0.0
308  0  0  0  0  0  0  1  1  1  1  1  0  0  1  0  0  1  0  1  0  1  0  1  0  1  0  1  1  0  1  0  1  1  0  1  0  1  0  0  1 -197.75       1   0.025
325  0  0  0  0  1  0  1  0  1  1  0  1  1  0  0  1  1  1  0  0  1  1  0  1  0  0  1  1  0  1  0  1  1  0  1  1  0  0  1  1 -197.75       1   0.025
330  0  0  0  0  1  0  1  1  1  1  0  1  1  0  0  1  1  0  0  0  1  0  0  1  1  0  1  1  0  1  0  0  0  0  1  0  0  1  1  1 -197.75       1   0.025
381  1  0  1  1  0  1  1  1  0  0  0  1  0  1  0  0  1  1  1  1  1  1  1  1  0  1  0  0  0  0  1  0  1  1  0  1  0  0  0  0 -197.75       1   0.025
413  0  1  0  1  0  1  1  1  0  0  0  0  0  0  1  0  0  1  1  1  1  0  1  0  0  0  1  1  1  0  0  1  0  1  0  0  0  1  1  1 -197.75       1   0.025
430  1  0  1  0  1  1  0  1  0  1  1  0  0  1  1  1  0  1  1  1  1  1  1  1  0  1  0  0  0  0  1  1  0  0  0  1  1  0  1  0 -197.75       1    0.05
456  0  0  0  0  1  0  0  0  1  1  1  1  1  0  1  1  1  0  0  0  1  0  0  1  1  1  1  1  0  1  1  1  0  0  1  0  0  0  1  1 -197.75       1    0.05
221  1  1  1  0  0  1  1  0  0  0  0  1  0  0  1  1  0  0  0  1  1  1  0  0  1  1  0  0  1  1  1  1  0  1  0  0  0  0  1  1  -197.0       1     0.0
222  0  0  1  0  1  0  1  1  1  0  1  1  1  1  1  1  1  0  1  1  1  0  0  1  1  0  1  0  0  1  0  1  0  0  1  0  0  0  0  1  -197.0       1     0.0
223  0  0  0  1  1  1  0  0  0  1  0  1  0  0  0  1  1  1  0  0  1  0  1  0  1  1  1  1  0  0  1  1  0  1  1  0  0  0  1  1  -197.0       1     0.0
224  1  0  0  1  0  1  1  0  0  1  1  0  0  0  1  0  0  0  0  0  1  0  1  1  0  1  0  0  1  1  1  1  1  1  0  1  0  1  1  0  -197.0       1     0.0
225  0  0  0  0  1  0  0  0  0  1  0  1  1  0  0  1  1  0  1  1  1  0  1  1  0  1  1  1  0  1  1  1  0  0  1  0  0  0  1  1  -197.0       1     0.0
226  1  1  1  0  1  1  0  1  1  1  0  0  0  1  0  0  0  1  0  1  0  1  1  1  0  1  0  0  0  1  1  1  0  0  1  1  1  1  0  0  -197.0       1     0.0
227  1  0  1  1  0  1  1  1  0  0  1  1  1  1  0  1  1  0  1  1  1  1  1  1  1  0  0  0  0  0  1  0  1  0  1  0  0  0  0  0  -197.0       1     0.0
228  0  1  1  1  1  1  1  1  1  0  1  1  0  0  0  0  0  0  0  1  0  0  0  0  0  0  1  0  0  0  1  0  1  0  1  1  1  1  1  1  -197.0       1     0.0
229  0  0  1  1  1  0  0  0  1  1  0  1  0  0  1  0  1  0  0  0  1  0  1  1  0  1  1  1  1  1  1  0  0  0  1  1  0  1  0  0  -197.0       1     0.0
230  0  0  0  0  0  0  1  0  1  1  1  1  1  0  0  1  1  1  0  1  1  0  0  0  1  0  0  1  0  1  0  1  0  0  1  0  0  0  1  1  -197.0       1     0.0
231  1  1  0  0  0  1  1  1  1  1  0  1  0  1  0  0  1  1  1  1  0  1  1  0  0  1  0  0  0  0  1  0  0  0  1  0  1  1  0  0  -197.0       1     0.0
362  0  0  0  1  1  0  1  0  1  1  0  0  1  0  0  1  1  0  1  0  1  0  0  0  1  0  1  0  1  1  1  1  1  1  1  0  0  0  0  1  -197.0       1   0.025
375  0  0  0  0  1  0  1  0  1  1  0  1  1  0  0  1  1  0  1  0  1  0  1  1  1  0  1  1  1  0  0  1  0  0  1  1  1  0  0  0  -197.0       1   0.025
416  0  0  0  1  1  0  1  1  1  1  0  0  1  0  0  1  1  1  0  0  1  0  0  0  1  0  1  1  1  1  0  1  1  0  1  0  0  0  0  1  -197.0       1    0.05
417  0  0  0  1  1  0  1  0  1  0  1  0  1  1  1  0  1  0  0  0  1  0  0  1  0  0  1  1  0  0  0  1  1  0  1  1  0  1  1  1  -197.0       1   0.025
459  0  0  0  0  1  0  0  0  0  1  0  1  1  0  1  1  1  0  0  0  1  0  1  0  0  1  1  1  1  1  1  1  1  0  1  0  0  0  1  1  -197.0       1    0.05
464  0  0  0  1  1  0  1  0  1  1  0  0  1  0  0  1  1  0  0  0  0  1  0  0  1  1  1  1  1  1  0  1  1  0  1  0  1  0  0  1  -197.0       1   0.075
466  0  0  0  0  1  0  1  0  1  1  0  0  1  0  0  1  1  0  0  0  1  0  0  0  1  1  1  1  1  1  0  1  1  1  1  0  0  0  1  1  -197.0       1   0.075
476  0  0  0  0  1  0  1  0  1  1  0  1  1  0  0  1  1  0  0  0  1  0  0  1  1  0  1  1  1  1  0  1  1  0  1  0  0  0  1  1  -197.0       1   0.075
232  0  0  1  0  1  0  1  0  1  1  1  1  1  0  1  1  1  0  1  1  1  0  0  1  1  0  1  0  0  1  1  1  1  0  1  0  0  0  0  1 -196.75       1     0.0
233  0  0  0  0  1  0  1  0  0  1  1  1  1  0  1  1  1  1  0  1  1  0  0  0  1  0  0  1  0  1  0  1  1  0  1  0  0  0  0  1 -196.75       1     0.0
234  0  0  0  0  1  0  0  1  1  1  1  0  1  1  0  0  1  0  1  0  1  0  1  0  1  0  1  0  1  1  1  1  1  0  1  0  1  0  0  1 -196.75       1     0.0
235  1  1  1  1  1  1  0  1  0  0  0  1  0  0  1  1  0  1  1  1  1  1  1  1  0  1  0  0  0  0  1  0  0  1  0  1  0  1  0  1 -196.75       1     0.0
236  0  1  0  1  1  1  1  0  1  0  0  0  1  0  0  0  1  1  0  0  1  0  0  0  1  0  0  1  1  1  0  1  0  0  1  1  0  1  0  1 -196.75       1     0.0
237  1  1  0  1  1  1  0  1  0  0  0  0  0  1  1  0  0  1  1  0  1  0  1  0  1  1  0  0  1  0  1  1  0  1  0  1  0  1  0  1 -196.75       1     0.0
238  0  0  0  1  1  1  1  0  1  1  0  0  0  1  0  0  1  0  1  0  1  0  0  1  0  1  1  1  0  0  0  1  1  0  1  1  0  0  1  0 -196.75       1     0.0
239  0  0  0  1  1  0  1  0  0  1  0  1  1  0  0  1  1  1  0  1  1  0  0  0  1  0  1  1  0  1  0  1  1  0  1  0  1  0  1  1 -196.75       1     0.0
240  1  0  0  1  0  1  1  1  0  1  0  0  0  0  0  1  0  1  0  1  1  1  1  1  0  1  0  0  0  1  1  1  1  0  0  1  0  1  1  0 -196.75       1     0.0
241  1  0  1  1  0  1  0  1  0  1  1  0  1  1  0  1  0  0  0  1  0  1  1  1  1  0  1  0  0  1  1  0  0  1  1  0  0  1  0  0 -196.75       1     0.0
242  0  0  0  0  1  0  1  0  1  1  0  1  1  0  0  0  1  0  1  1  1  0  0  1  0  0  1  1  0  1  0  1  0  0  1  0  1  1  0  1 -196.75       1     0.0
357  1  1  1  0  1  1  1  1  0  0  0  0  0  0  0  1  0  1  0  1  0  1  0  1  0  1  0  0  0  0  1  0  1  1  1  1  1  1  1  0 -196.75       1   0.025
360  0  0  0  0  1  0  1  0  1  1  0  1  1  0  0  1  1  0  0  0  1  1  0  1  1  0  0  1  1  1  0  1  0  0  1  1  1  0  1  1 -196.75       1   0.025
367  1  1  1  0  0  1  0  1  0  1  1  1  0  1  0  0  0  1  0  1  0  1  1  1  0  0  0  0  0  0  1  0  0  1  0  1  1  1  0  0 -196.75       1   0.025
392  0  0  0  1  1  0  0  0  1  1  1  1  1  0  0  0  1  0  1  0  1  0  1  0  0  0  1  1  1  1  1  1  1  0  1  0  0  1  0  1 -196.75       1   0.025
422  0  1  0  0  1  0  1  1  0  1  0  1  0  0  1  0  1  0  0  0  0  1  1  1  0  1  1  1  1  1  1  1  1  0  0  0  0  0  1  1 -196.75       1   0.025
424  0  1  0  1  0  1  1  1  0  0  0  0  0  0  1  0  0  1  0  1  0  1  1  0  0  1  0  0  1  1  1  0  0  1  1  0  1  1  1  0 -196.75       1   0.025
432  0  0  0  0  1  0  0  0  1  1  1  1  1  0  0  1  1  0  1  0  1  0  1  0  1  0  1  1  1  0  1  1  0  0  1  0  0  0  1  0 -196.75       1    0.05
438  0  0  0  0  1  0  0  0  1  1  1  1  1  0  0  1  1  0  0  0  1  0  0  1  1  0  1  0  0  1  1  1  0  1  1  0  1  0  0  1 -196.75       1   0.025
444  1  1  1  1  0  1  1  0  1  0  0  0  0  1  1  0  0  1  0  1  1  1  1  0  0  0  0  0  1  0  1  0  0  1  0  1  0  1  0  0 -196.75       1    0.05
455  0  0  0  0  1  0  0  1  1  1  0  1  1  1  0  1  1  0  0  0  1  0  1  1  0  0  1  1  1  0  0  1  0  0  1  1  1  0  1  1 -196.75       1    0.05
245  0  0  1  1  1  0  1  0  0  1  0  0  1  0  0  1  1  0  1  0  1  0  0  1  0  1  1  1  1  1  0  0  1  0  1  1  1  1  1  0  -196.0       1     0.0
246  0  0  0  1  1  0  1  0  1  1  0  1  1  0  0  1  1  1  0  0  1  1  0  0  1  0  1  1  1  1  0  1  0  0  1  0  0  0  0  1  -196.0       1     0.0
247  0  0  0  1  1  0  1  0  1  1  0  1  0  0  0  1  0  0  0  1  1  0  1  1  0  0  1  1  1  1  1  0  0  0  1  1  0  1  1  0  -196.0       1     0.0
248  0  0  0  0  1  0  1  0  1  1  0  0  1  0  0  1  1  1  0  1  1  0  0  0  1  0  1  1  1  1  0  1  0  1  1  0  0  0  1  1  -196.0       1     0.0
249  0  0  1  0  1  0  1  0  1  1  0  1  1  1  0  1  1  0  0  1  1  0  0  1  0  0  1  1  0  1  0  1  0  0  1  0  1  0  0  1  -196.0       1     0.0
250  0  0  0  1  1  1  0  0  0  1  0  1  1  1  1  1  1  0  1  0  1  0  1  1  1  1  1  1  0  0  0  1  0  0  1  0  0  0  0  0  -196.0       1     0.0
251  1  1  1  1  0  1  0  1  0  0  1  0  0  0  0  0  0  1  1  1  0  1  1  1  0  1  0  0  0  1  1  0  0  1  0  1  1  1  0  0  -196.0       1     0.0
252  0  0  1  0  1  0  0  1  1  0  1  0  1  1  1  1  1  1  0  0  1  0  0  0  1  0  1  0  0  1  0  0  1  1  1  0  0  0  0  0  -196.0       1     0.0
253  0  0  0  0  1  1  1  0  0  1  1  0  1  1  0  0  1  1  1  0  1  0  1  0  1  0  0  1  1  0  0  1  0  0  1  0  0  1  1  1  -196.0       1     0.0
254  1  1  0  0  1  1  1  0  1  1  1  1  1  0  1  0  1  0  1  1  0  0  1  1  0  1  0  0  0  1  0  0  0  1  0  0  0  1  0  0  -196.0       1     0.0
354  0  0  0  0  1  0  1  0  0  1  1  1  1  0  1  1  1  0  1  0  1  0  1  0  1  1  1  1  0  1  1  1  0  1  0  0  0  0  0  0  -196.0       1   0.025
372  1  0  1  1  0  1  0  1  0  0  1  0  0  1  0  1  0  1  0  1  0  1  1  1  0  1  0  0  0  1  1  1  1  0  0  1  0  0  1  0  -196.0       1   0.025
395  1  1  0  0  1  1  0  1  0  0  1  1  0  0  1  1  0  1  1  1  0  1  1  1  0  1  0  0  1  0  0  0  0  1  0  0  0  1  1  0  -196.0       1   0.025
403  0  0  0  1  1  0  1  1  1  1  0  0  0  0  0  1  1  0  0  0  1  0  0  1  1  0  1  1  1  1  1  0  1  0  1  0  0  0  1  1  -196.0       1   0.025
453  0  0  0  0  1  0  0  0  1  1  1  1  1  0  0  0  1  1  0  0  1  0  0  0  1  0  1  1  1  1  0  1  0  0  1  0  0  1  0  1  -196.0       1    0.05
474  0  0  0  1  1  0  1  1  0  1  0  0  1  0  0  0  1  0  0  0  1  0  0  1  1  0  1  1  1  1  1  0  0  1  1  0  0  1  1  1  -196.0       1    0.05
492  0  1  0  0  1  1  1  1  1  1  0  0  0  1  0  0  0  0  0  0  1  0  0  0  1  0  0  1  1  1  0  0  1  0  1  0  0  1  1  1  -196.0       1   0.075
256  0  1  0  1  0  0  1  1  0  0  0  0  0  0  0  0  0  1  0  0  0  0  1  1  0  1  1  1  1  1  1  0  1  0  1  1  1  1  0  1 -195.75       1     0.0
257  0  0  1  0  1  1  0  0  1  0  1  0  0  1  1  0  1  1  0  1  1  0  1  1  0  1  1  0  0  0  0  1  1  1  1  0  0  0  0  0 -195.75       1     0.0
258  0  0  0  1  0  0  1  1  1  1  0  0  0  1  0  1  1  1  0  0  1  0  0  1  1  0  1  1  1  1  0  1  0  0  1  0  0  0  0  1 -195.75       1     0.0
259  1  1  0  0  0  1  1  0  0  1  0  0  1  0  1  1  1  1  0  1  1  0  0  0  1  0  1  1  0  1  1  1  1  1  1  0  0  0  0  0 -195.75       1     0.0
261  0  0  0  1  1  0  1  0  1  1  0  1  1  0  1  1  1  0  1  0  1  0  1  1  0  0  1  1  1  0  0  0  0  0  1  0  0  0  0  1 -195.75       1     0.0
262  1  1  1  1  1  1  0  1  1  0  0  0  0  0  1  1  0  1  0  1  0  1  1  0  0  1  0  0  0  0  1  0  0  1  1  1  0  0  1  1 -195.75       1     0.0
263  0  0  0  0  0  1  1  1  1  1  1  0  0  1  0  1  0  0  1  1  1  0  0  0  1  0  0  0  0  1  0  1  1  1  1  0  1  1  1  1 -195.75       1     0.0
407  0  1  0  1  1  0  1  1  0  1  0  0  0  0  0  1  1  0  1  0  1  0  0  0  1  1  0  1  1  1  1  1  0  1  1  0  1  0  0  1 -195.75       1   0.025
421  0  0  1  1  0  1  1  1  1  1  1  1  0  0  0  0  0  1  1  0  0  1  1  1  0  0  0  0  0  0  1  0  1  0  0  1  0  1  1  0 -195.75       1   0.025
267  0  0  0  1  0  0  1  0  1  1  1  1  1  1  0  0  1  1  0  0  1  0  0  1  1  0  1  1  1  0  0  1  1  0  1  0  0  0  0  1  -195.0       1     0.0
268  0  0  1  0  1  1  1  0  1  1  0  1  1  0  1  1  1  0  1  1  1  0  0  1  0  0  0  0  0  1  1  0  0  1  0  0  1  0  0  1  -195.0       1     0.0
269  0  0  1  0  1  1  0  0  1  1  1  0  1  1  0  0  0  0  1  1  0  0  1  1  0  0  1  0  1  1  1  0  1  0  1  1  1  1  1  0  -195.0       1     0.0
270  0  0  1  1  0  1  0  1  0  0  0  0  0  1  1  1  0  1  0  1  0  1  1  1  0  1  0  0  0  0  1  0  1  0  1  1  1  0  0  0  -195.0       1     0.0
272  1  1  1  1  0  0  0  1  0  0  1  0  1  1  0  0  1  0  1  0  0  1  1  0  0  1  0  0  0  1  1  0  0  1  1  0  0  1  0  0  -195.0       1     0.0
273  0  0  0  0  1  1  1  0  0  1  0  1  0  0  0  0  1  1  0  0  1  1  0  1  0  0  0  1  0  1  0  1  0  0  1  0  1  1  1  1  -195.0       1     0.0
274  0  0  1  1  0  1  0  1  0  0  0  0  0  0  0  0  0  1  1  1  1  1  1  0  0  1  0  1  1  1  1  0  1  1  1  0  1  1  1  1  -195.0       1     0.0
339  0  0  0  0  1  1  1  0  1  1  0  0  1  0  0  1  1  0  1  0  1  0  0  0  1  0  1  1  1  1  0  1  0  1  1  0  0  1  0  1  -195.0       1   0.025
373  1  0  1  0  0  1  0  1  0  0  0  0  0  1  0  0  0  1  0  1  0  1  1  1  0  1  0  0  0  0  1  1  1  1  1  0  0  1  1  0  -195.0       1   0.025
393  0  0  0  0  1  0  1  0  0  1  0  1  1  0  0  1  1  0  1  0  1  0  0  0  1  0  1  1  1  1  0  1  0  1  0  0  0  0  1  1  -195.0       1   0.025
399  0  0  0  1  0  0  1  0  1  1  0  1  1  0  1  1  1  0  1  1  0  0  0  1  1  0  1  1  1  1  0  1  0  0  0  1  0  0  0  1  -195.0       1   0.025
401  0  0  0  1  1  0  0  1  0  1  0  0  0  0  0  1  1  1  0  0  1  0  1  0  1  1  1  1  1  0  1  1  1  0  1  1  0  0  0  1  -195.0       1   0.025
435  0  0  1  0  1  0  0  0  1  1  0  1  1  1  0  1  0  0  0  0  1  1  0  1  1  0  1  0  0  0  1  1  1  0  1  0  1  0  1  1  -195.0       1   0.025
463  1  1  1  1  0  1  0  1  0  0  1  0  0  1  1  0  0  0  1  1  0  1  1  0  0  1  0  0  0  0  1  0  1  1  1  0  0  1  1  0  -195.0       1    0.05
469  0  0  0  1  1  0  1  0  1  0  1  1  1  0  0  1  1  0  0  0  1  0  0  0  1  0  1  1  1  1  0  1  0  0  1  0  0  0  0  1  -195.0       1    0.05
472  0  0  0  1  1  0  1  1  0  1  0  0  1  0  0  1  1  0  0  1  1  0  1  0  1  0  1  1  1  1  1  1  1  1  1  0  0  0  0  1  -195.0       1   0.075
477  0  0  0  0  1  0  0  0  1  1  1  1  1  0  0  1  1  0  0  0  1  0  1  0  0  1  1  1  1  1  0  1  0  0  1  1  0  0  1  1  -195.0       1   0.075
276  0  0  0  1  1  0  1  0  1  1  1  0  1  0  1  1  1  0  1  1  1  0  1  1  0  0  1  1  0  0  1  1  0  0  1  0  0  0  0  1 -194.75       1     0.0
277  0  0  0  0  0  1  1  1  0  0  0  1  1  0  1  1  1  1  1  1  1  0  0  1  1  0  0  1  1  0  0  0  0  1  0  0  1  0  0  1 -194.75       1     0.0
278  1  1  1  1  0  1  0  1  0  0  1  0  0  1  1  0  0  1  1  1  0  1  1  0  1  1  0  0  0  0  1  0  0  0  1  1  1  1  0  0 -194.75       1     0.0
279  0  0  0  1  1  0  1  1  0  0  1  1  1  0  0  1  0  1  0  0  1  0  0  1  1  0  1  1  0  0  1  1  1  0  1  0  1  0  1  1 -194.75       1     0.0
281  1  1  0  1  0  1  1  1  0  0  1  0  0  1  1  0  0  1  0  1  1  1  1  0  0  1  0  0  0  1  1  0  1  1  1  0  0  1  0  0 -194.75       1     0.0
282  1  1  1  1  0  1  0  1  0  0  1  0  0  1  0  1  0  1  1  1  0  1  1  1  0  1  0  0  0  0  1  0  1  1  0  1  1  1  1  0 -194.75       1     0.0
283  0  0  0  0  1  1  1  0  0  1  0  1  1  0  0  1  1  0  0  1  1  0  0  1  0  1  0  1  0  1  1  1  1  0  1  1  1  0  1  0 -194.75       1     0.0
284  0  0  0  1  0  0  1  1  1  1  1  0  1  0  1  1  1  0  0  0  1  0  0  1  0  1  1  1  1  1  0  1  0  1  0  0  0  1  0  1 -194.75       1     0.0
387  0  1  0  0  1  0  1  1  0  1  0  1  1  0  1  0  1  0  1  0  1  0  0  1  0  1  1  1  0  1  1  1  0  0  0  0  0  1  1  1 -194.75       1   0.025
404  0  0  0  0  1  1  1  0  1  1  0  1  1  1  0  1  1  0  1  0  1  0  1  0  1  0  1  1  0  0  0  1  1  0  1  1  0  1  0  0 -194.75       1    0.05
415  0  0  0  0  1  0  1  0  1  1  1  1  1  0  1  0  1  0  1  1  1  0  1  0  0  0  1  1  1  0  0  0  0  0  1  0  0  1  0  1 -194.75       1   0.025
420  0  0  0  0  1  0  1  1  1  1  0  1  1  0  0  1  1  0  0  0  1  0  1  1  0  1  1  1  0  1  0  1  0  0  1  0  1  0  1  1 -194.75       1   0.025
425  0  0  0  1  1  0  1  0  1  1  0  1  1  0  0  1  1  0  0  0  1  0  0  0  1  1  1  1  1  1  0  1  1  0  1  0  0  0  1  1 -194.75       1   0.025
439  1  1  1  1  1  1  1  0  0  1  0  1  1  0  0  1  0  0  1  1  0  1  1  0  0  1  1  0  0  0  0  1  0  1  1  1  0  0  0  0 -194.75       1   0.025
445  1  0  1  1  0  1  0  1  0  0  1  0  0  0  1  0  0  1  1  1  0  0  1  1  0  1  0  0  0  1  1  0  0  1  0  1  1  1  0  0 -194.75       1    0.05
486  0  0  0  1  1  1  1  0  0  1  0  0  0  0  1  1  0  1  1  1  1  0  1  1  1  0  0  1  0  0  1  1  1  0  0  1  0  0  1  1 -194.75       1    0.05
493  0  0  0  0  1  0  1  0  1  1  1  1  0  0  0  1  1  0  0  0  1  0  0  0  1  0  1  1  1  0  1  0  0  0  1  1  0  1  1  1 -194.75       1   0.075
291  0  0  0  0  0  0  1  1  1  1  0  1  1  0  0  1  1  1  1  0  1  0  0  1  0  1  1  1  1  1  0  0  1  0  1  0  0  0  1  0  -194.0       1     0.0
292  0  0  0  1  1  1  1  0  1  1  0  1  0  0  1  0  0  1  0  1  1  0  0  0  0  1  1  0  1  0  1  0  0  0  1  1  0  1  1  1  -194.0       1     0.0
293  0  0  1  1  1  1  0  0  1  1  0  0  1  0  0  0  1  0  0  0  1  0  1  0  0  0  1  1  1  1  1  1  0  0  1  0  0  0  1  0  -194.0       1     0.0
294  0  1  0  0  1  1  1  0  1  1  1  0  1  1  0  1  1  0  1  0  1  1  0  0  1  0  1  0  0  0  0  1  1  0  1  0  0  0  0  1  -194.0       1     0.0
295  0  1  0  1  1  1  1  0  0  0  0  0  0  1  1  1  0  1  1  1  1  1  1  1  0  1  0  0  0  1  1  1  1  1  0  1  1  0  1  0  -194.0       1     0.0
297  0  0  1  0  1  1  0  0  1  1  1  1  0  0  0  0  1  1  1  1  0  1  1  0  1  0  0  0  0  1  1  0  0  1  1  0  1  0  1  0  -194.0       1     0.0
298  1  0  0  1  0  1  1  1  1  0  0  0  0  1  1  0  1  1  0  0  1  0  0  0  0  1  1  1  1  1  0  1  0  0  1  1  0  1  0  0  -194.0       1     0.0
299  0  1  0  1  1  1  0  1  0  0  1  0  1  1  0  1  1  0  1  1  1  0  1  0  0  1  0  1  0  0  1  1  0  1  1  0  1  0  0  1  -194.0       1     0.0
300  0  1  0  0  1  0  0  0  0  1  1  1  1  0  0  0  1  1  0  1  1  0  0  0  1  0  1  1  0  1  1  1  0  0  1  1  1  0  0  1  -194.0       1     0.0
363  0  0  0  1  0  0  1  1  1  1  1  0  1  0  0  0  1  0  0  0  1  0  0  0  1  1  1  1  1  1  0  0  0  1  1  0  0  0  0  1  -194.0       1   0.025
369  0  0  0  0  1  0  1  0  1  1  0  0  1  0  1  1  1  0  0  1  1  0  1  0  1  1  1  1  1  1  0  1  1  1  1  0  0  0  0  1  -194.0       1   0.025
379  0  0  0  1  1  0  0  0  1  0  0  0  1  0  0  1  1  0  0  0  1  0  1  0  1  1  1  1  0  1  0  1  1  1  1  0  1  0  1  1  -194.0       1   0.025
400  1  1  1  1  0  1  1  1  0  0  0  0  0  0  0  1  0  1  1  1  0  0  0  1  1  0  0  0  0  0  1  1  0  1  0  1  1  1  1  0  -194.0       1   0.025
405  0  1  1  1  0  1  1  1  0  0  0  0  0  1  0  0  0  1  1  1  0  1  1  0  0  0  0  0  0  1  1  1  1  1  1  0  1  1  0  0  -194.0       1   0.025
426  0  1  1  0  1  0  0  0  1  1  1  0  1  0  1  1  1  0  1  1  1  0  0  0  1  0  1  1  0  1  0  1  0  0  1  0  0  0  0  1  -194.0       1   0.025
454  0  0  0  1  1  0  1  0  0  1  0  1  1  1  0  1  1  0  0  0  1  0  1  0  0  0  1  1  1  0  0  1  0  0  1  1  0  0  0  1  -194.0       1    0.05
458  1  1  1  1  0  0  0  1  0  0  1  1  0  0  1  0  0  1  0  1  0  1  1  1  0  1  1  1  0  1  1  0  0  0  0  1  1  1  1  0  -194.0       1    0.05
470  0  0  0  0  1  0  0  0  0  1  1  1  1  0  0  1  0  1  0  0  1  0  1  1  1  1  1  1  0  1  0  1  0  0  1  0  0  1  1  1  -194.0       1    0.05
471  0  0  0  0  1  0  1  1  1  1  0  0  1  0  0  1  1  0  0  1  1  1  0  0  1  0  1  1  1  1  0  1  1  0  1  0  0  0  0  1  -194.0       1   0.075
484  0  1  1  1  0  0  1  1  0  0  1  0  0  1  1  0  0  1  1  1  0  1  0  1  0  0  0  0  0  0  1  1  1  0  1  1  1  0  1  0  -194.0       1   0.075
304  0  1  0  0  0  1  1  0  0  1  1  0  0  0  0  0  0  1  1  1  1  1  1  0  0  1  0  0  0  0  0  1  1  1  1  1  0  1  1  0 -193.75       1     0.0
306  0  0  0  0  1  0  0  0  0  1  1  1  0  0  1  0  1  0  0  1  1  0  1  0  1  1  1  1  1  1  0  1  0  1  0  1  0  0  0  1 -193.75       1     0.0
398  0  0  0  0  1  0  1  0  0  1  1  1  1  0  0  1  1  0  1  1  1  0  0  1  1  0  0  1  0  0  0  1  0  0  1  0  0  1  1  1 -193.75       1   0.025
314  1  1  0  1  0  0  1  0  0  1  0  0  1  0  0  0  1  0  0  0  1  1  1  0  1  0  1  1  1  1  1  1  0  1  1  0  0  0  0  1  -193.0       1     0.0
315  0  0  0  0  0  0  0  1  0  1  0  1  1  0  0  0  1  0  1  0  1  0  1  0  0  1  1  1  1  1  1  1  0  0  1  0  0  0  1  1  -193.0       1     0.0
317  0  0  1  0  1  0  0  0  1  1  0  1  1  0  0  1  1  1  1  1  0  1  0  1  0  0  0  1  0  1  1  0  0  0  1  0  1  0  0  0  -193.0       1     0.0
318  1  0  1  0  1  0  1  1  1  1  0  1  1  0  1  0  1  0  0  1  1  0  1  1  0  0  1  0  0  1  0  0  1  0  1  0  0  1  0  0  -193.0       1     0.0
319  0  1  0  1  1  1  1  0  1  1  0  0  0  0  0  0  1  1  0  1  1  0  1  1  0  0  0  1  1  1  1  1  1  1  0  0  0  0  0  0  -193.0       1     0.0
320  0  0  0  1  1  0  1  0  0  1  0  1  1  0  0  0  1  1  1  0  1  0  1  0  0  0  1  1  1  0  0  1  0  1  1  1  0  0  0  0  -193.0       1     0.0
321  1  0  0  0  0  1  0  0  0  1  1  1  0  0  1  1  1  0  0  0  1  0  1  1  1  1  1  1  0  0  1  1  0  0  1  0  0  0  0  0  -193.0       1     0.0
322  0  0  1  1  1  1  0  1  0  1  0  1  0  0  0  0  0  1  0  1  0  0  1  0  1  1  1  1  1  0  1  0  0  0  1  1  1  0  1  0  -193.0       1     0.0
397  0  0  0  0  1  1  1  1  0  1  0  1  1  0  1  0  1  0  1  0  1  0  1  0  1  1  1  1  1  1  0  1  0  1  1  0  0  1  0  0  -193.0       1   0.025
442  0  0  0  1  1  1  1  0  1  1  0  1  1  0  0  1  1  0  1  0  1  1  0  0  1  0  0  1  1  0  1  1  0  1  1  0  1  0  0  1  -193.0       1   0.025
451  1  0  1  0  0  0  1  1  0  1  1  1  0  0  1  1  0  0  0  0  0  0  1  1  0  1  1  1  0  1  1  0  0  0  1  0  1  1  1  0  -193.0       1   0.025
467  0  0  0  1  1  1  1  1  1  1  0  0  1  0  0  1  1  0  0  0  1  0  0  0  1  1  1  1  1  1  0  1  0  0  1  0  0  1  1  1  -193.0       1   0.075
497  0  0  0  0  1  0  1  0  0  1  0  1  1  1  0  1  1  1  0  0  1  1  0  0  1  1  1  1  1  0  0  1  1  0  1  0  0  0  0  1  -193.0       1   0.075
328  0  0  0  1  1  1  1  1  0  0  1  0  0  0  0  0  1  1  0  0  1  0  1  0  0  0  1  1  0  0  0  1  0  1  1  0  1  1  0  0 -192.75       1     0.0
329  1  1  1  0  1  1  1  0  0  0  1  0  0  1  0  0  0  0  1  1  0  0  1  1  0  1  0  0  0  0  1  1  1  1  1  1  0  1  1  0 -192.75       1     0.0
331  1  0  1  1  0  0  1  1  0  0  0  1  0  0  1  0  0  1  0  0  1  0  1  1  0  0  1  1  0  1  0  1  0  0  1  1  0  0  1  1 -192.75       1     0.0
475  1  1  0  0  0  0  1  0  0  1  1  1  1  0  1  0  1  0  0  0  1  0  1  0  0  0  1  1  1  1  0  1  0  0  1  0  0  1  1  0 -192.75       1    0.05
496  0  0  0  0  0  0  1  0  1  1  0  1  1  1  0  1  1  0  1  1  1  0  0  0  1  0  1  1  0  1  0  1  0  0  1  1  0  0  0  1 -192.75       1     0.1
340  0  0  1  0  1  1  1  1  1  1  1  0  0  0  0  1  1  1  1  0  1  0  0  1  1  0  0  0  0  1  1  1  1  0  1  1  0  0  1  0  -192.0       1     0.0
342  0  1  0  1  1  1  1  0  0  0  0  0  0  1  1  1  0  1  1  0  1  0  0  1  0  1  0  1  0  0  1  1  0  1  1  0  1  0  1  0  -192.0       1     0.0
343  0  0  0  0  1  0  1  1  0  0  0  1  0  0  1  1  0  1  1  0  1  0  1  1  1  0  1  1  0  0  1  1  0  0  1  1  0  0  1  1  -192.0       1     0.0
446  0  0  0  0  1  0  1  1  1  1  0  0  0  0  0  0  1  0  1  0  1  0  1  0  0  1  1  1  1  1  1  1  0  0  1  0  1  0  1  1  -192.0       1   0.025
452  1  0  1  1  0  1  1  1  0  0  1  1  0  1  1  0  0  1  1  1  0  1  0  1  0  0  0  0  0  0  0  0  0  1  0  0  0  1  1  0  -192.0       1    0.05
460  0  0  0  0  1  0  1  0  1  1  0  1  1  0  1  1  1  1  1  0  1  0  0  1  1  0  0  1  1  1  0  1  0  0  1  0  0  0  0  1  -192.0       1   0.025
487  0  0  0  0  1  0  1  1  1  1  0  1  1  0  0  1  1  0  0  0  1  1  0  0  1  0  1  1  1  0  0  1  1  0  1  1  0  0  0  1  -192.0       1     0.1
345  1  0  0  1  0  1  1  1  0  0  1  0  0  1  0  0  0  1  0  0  0  1  1  0  1  0  1  0  0  0  1  1  1  1  1  1  0  0  1  0 -191.75       1     0.0
346  0  0  0  0  1  1  0  0  0  1  1  0  0  1  0  0  1  1  0  1  1  0  1  1  0  0  1  1  0  0  1  1  0  0  1  0  1  1  1  0 -191.75       1     0.0
347  0  0  0  0  1  0  1  1  0  1  0  1  1  0  0  1  1  1  1  1  0  0  1  1  1  0  1  1  0  0  0  1  0  0  1  1  0  0  0  0 -191.75       1     0.0
348  0  0  0  1  1  0  0  0  0  1  1  1  0  0  0  1  0  0  1  1  1  0  1  1  1  1  0  0  0  1  1  1  1  1  1  1  1  0  0  0 -191.75       1     0.0
408  0  0  0  0  1  0  1  1  0  1  0  0  0  0  1  1  1  1  0  0  1  0  0  0  1  0  1  1  1  1  1  1  1  0  1  0  0  0  0  1 -191.75       1   0.025
428  1  1  1  1  0  1  0  1  0  0  1  0  0  1  1  0  0  1  1  1  0  1  0  1  0  1  0  0  0  0  1  0  1  1  0  1  0  1  0  1 -191.75       1   0.025
431  0  0  0  0  1  0  1  1  1  1  0  1  1  0  1  1  1  0  1  0  1  0  0  0  1  0  1  1  0  1  0  1  0  1  1  0  0  0  1  1 -191.75       1   0.025
433  0  0  0  1  1  1  1  0  1  1  0  0  1  0  0  0  0  0  1  0  1  1  0  0  1  1  1  1  1  0  0  0  1  0  1  0  1  1  1  1 -191.75       1   0.025
462  0  1  0  1  1  0  1  0  1  1  0  1  0  0  0  1  1  0  0  0  1  0  0  0  1  0  1  1  1  1  0  1  0  0  1  1  0  0  0  1 -191.75       1   0.025
468  0  0  0  0  0  0  1  0  1  1  0  1  1  0  0  0  1  0  0  0  1  0  0  0  1  0  1  1  1  1  0  1  1  0  1  1  0  0  0  1 -191.75       1   0.075
499  0  0  0  0  1  0  0  0  1  1  0  1  1  0  0  1  1  0  1  0  1  0  0  0  1  1  1  1  1  1  1  1  1  0  1  0  0  0  1  1 -191.75       1   0.125
365  0  1  1  0  1  0  0  1  0  1  0  1  1  1  0  1  0  1  1  1  1  1  1  0  0  1  0  1  0  0  0  0  0  0  0  0  1  1  0  1  -191.0       1     0.0
366  1  1  1  0  0  1  1  1  0  0  1  0  0  1  0  1  0  1  0  1  0  1  1  0  0  1  1  0  0  1  0  0  0  1  1  0  1  1  0  0  -191.0       1     0.0
378  1  1  1  0  0  1  0  0  0  0  0  1  0  1  0  0  0  1  0  1  0  1  1  1  0  1  0  0  0  1  1  0  0  1  0  1  1  0  1  0  -191.0       1   0.025
409  0  0  1  0  1  0  0  1  1  1  1  1  1  0  0  0  0  1  0  1  1  0  1  0  1  0  1  1  0  1  0  1  1  0  1  0  0  1  1  1  -191.0       1   0.025
434  0  0  0  0  1  0  1  0  1  1  0  1  1  0  0  1  1  1  1  1  1  0  0  1  0  0  1  1  1  1  0  0  0  0  1  1  0  0  0  1  -191.0       1   0.025
440  1  0  0  0  1  0  1  0  1  1  1  1  1  0  0  1  1  0  1  0  1  0  0  1  1  0  1  0  0  1  1  0  1  0  1  0  0  0  0  1  -191.0       1   0.025
483  0  0  1  0  0  0  0  1  0  0  1  1  1  0  1  0  1  0  1  0  1  0  1  1  1  1  1  1  0  0  1  1  0  0  1  0  0  0  1  1  -191.0       1    0.05
489  0  0  0  0  1  0  1  1  1  0  0  1  1  0  0  1  1  0  0  0  1  0  0  0  1  0  1  1  1  1  0  1  1  0  1  0  0  0  0  1  -191.0       1   0.075
490  0  0  0  1  1  0  1  1  0  0  0  0  1  0  0  1  0  0  1  1  1  0  0  0  0  1  1  1  1  1  0  1  1  0  1  0  0  1  1  1  -191.0       1   0.075
368  0  0  0  0  0  0  1  0  1  1  0  1  1  0  0  0  1  0  0  0  1  0  0  0  1  0  1  1  1  1  1  1  1  0  1  0  0  0  0  1 -190.75       1     0.0
370  0  1  1  0  0  1  1  1  1  0  0  0  0  1  1  0  0  1  1  1  0  0  1  1  0  1  0  1  0  1  0  0  0  0  1  0  0  1  1  0 -190.75       1     0.0
461  1  0  1  0  0  1  1  0  0  0  0  1  0  1  1  0  0  1  0  1  0  1  1  1  0  1  0  1  0  0  1  0  0  0  1  1  1  1  0  0 -190.75       1   0.025
495  1  0  1  0  0  1  1  0  0  1  1  1  1  1  0  0  0  1  0  1  1  1  0  1  0  0  0  0  0  0  1  0  0  1  1  0  0  1  1  0 -190.75       1   0.075
465  0  0  1  1  1  1  0  1  1  1  1  0  0  0  1  0  0  0  0  1  1  0  1  1  0  1  0  0  1  1  1  0  0  0  1  1  0  0  1  0  -190.0       1   0.025
479  0  0  1  1  1  0  0  1  1  1  0  1  1  0  0  1  1  0  0  0  1  0  0  0  1  1  1  1  1  1  1  1  0  0  1  0  1  0  0  1  -190.0       1    0.05
482  1  0  0  0  1  1  0  0  0  1  0  1  1  0  0  1  0  0  1  0  1  1  0  0  1  1  1  1  1  0  0  1  0  1  1  0  1  1  1  1  -190.0       1    0.05
384  0  0  0  0  1  1  0  1  1  0  0  0  1  0  0  1  1  1  0  1  1  1  0  0  0  1  0  1  1  1  1  1  1  0  1  1  0  0  0  1 -189.75       1     0.0
448  0  1  0  1  1  1  1  0  0  0  1  0  0  1  1  0  1  1  1  1  1  1  1  0  0  0  0  1  0  0  1  1  0  1  0  1  0  1  0  0 -189.75       1   0.025
447  1  0  1  1  0  0  0  0  0  0  0  1  0  1  1  0  0  1  1  1  1  0  1  1  0  1  0  0  1  0  1  0  0  0  0  1  0  1  1  0  -189.0       1   0.025
498  0  0  0  0  1  0  1  0  1  1  0  0  1  0  0  1  1  0  1  0  1  1  0  0  1  1  1  1  0  1  0  1  1  0  1  0  1  0  0  1  -188.0       1   0.075
411  0  0  1  0  1  0  0  0  1  1  0  1  0  0  1  0  1  0  0  0  1  0  1  1  0  1  1  1  1  0  1  1  0  0  1  0  0  1  1  0 -187.75       1     0.0
491  1  0  1  1  1  0  1  1  0  1  1  0  0  1  1  0  0  0  1  1  0  1  1  1  0  0  0  0  0  1  1  0  1  0  0  0  0  0  1  0 -186.75       1   0.075
480  0  0  0  0  1  0  1  0  0  1  0  1  1  0  1  1  1  0  1  0  1  0  0  1  1  1  0  1  1  1  0  1  1  0  1  1  0  1  0  1  -186.0       1    0.05
['BINARY', 500 rows, 500 samples, 40 variables]Valid partition found with 287 cut edges
Solution:  [1, 0, 1, 0, 1, 0, 0, 0, 0, 1, 1, 1, 1, 0, 1, 0, 1, 0, 1, 0, 1, 0, 1, 1, 0, 1, 1, 1, 0, 1, 1, 0, 0, 1, 0, 0, 0, 1, 0, 0]