--------------- DW_2000Q_6 ---------------
     0  1  2  3  4  5  6  7  8  9 10 11 12 13 14 15 16 17 18 19 20 21 22 23 24 25 26 27 28 29 30 31 32 33 34 35 36 37 38 39  energy num_oc. chain_.
0    1  1  0  1  1  1  0  0  0  0  1  0  0  0  0  0  1  1  1  0  0  0  1  1  0  0  1  0  0  0  1  1  0  1  1  1  0  1  1  1  -444.0       1     0.0
103  0  0  1  0  1  0  1  1  0  1  0  1  1  1  0  1  1  0  0  1  1  0  0  0  0  1  1  1  1  1  1  0  1  0  0  1  0  0  1  0 -443.75       1   0.025
1    1  1  1  0  1  1  1  1  0  1  1  1  0  1  0  0  1  1  0  1  0  0  0  0  1  0  1  0  1  0  1  1  0  0  0  0  0  0  1  0  -443.0       1     0.0
2    1  1  1  1  1  1  0  0  0  0  1  1  0  0  0  0  1  0  1  1  0  0  0  1  0  0  1  0  1  0  0  1  0  1  1  1  0  1  1  1 -441.75       1     0.0
119  1  1  0  1  1  0  0  0  0  0  0  0  0  0  1  0  0  1  1  0  0  1  1  1  1  0  0  0  0  0  1  1  0  1  1  1  1  1  1  1  -441.0       1   0.025
186  1  1  1  1  0  1  0  0  1  0  1  1  1  0  1  1  0  0  1  0  0  0  1  0  1  0  0  0  1  0  0  0  0  1  0  1  1  1  0  1  -441.0       1    0.05
3    1  1  1  1  0  1  1  1  1  1  1  1  0  1  0  1  0  0  1  1  1  0  0  0  0  1  1  0  0  1  1  0  1  0  0  0  0  0  0  0 -440.75       1     0.0
226  0  0  1  0  1  1  1  1  1  1  0  0  0  0  1  1  1  1  1  1  0  0  0  0  1  0  1  1  0  0  1  0  0  1  1  0  0  0  1  0  -440.0       1   0.025
4    1  1  1  1  1  1  0  0  1  0  1  1  0  1  0  0  0  0  0  0  0  0  1  1  0  0  1  0  1  0  0  1  1  1  0  0  0  1  1  1  -439.0       1     0.0
5    1  1  1  0  1  1  1  1  1  1  0  1  1  1  0  1  1  0  0  1  1  0  0  0  0  1  0  1  1  1  0  0  1  0  0  1  0  0  0  0  -439.0       1     0.0
6    1  1  0  1  0  1  0  0  0  0  1  0  0  1  0  0  1  1  1  0  0  1  0  0  1  0  1  0  0  0  1  1  0  1  1  1  0  1  1  1  -439.0       1     0.0
127  0  0  1  0  0  0  1  1  0  1  1  1  0  0  0  1  1  1  1  1  0  0  0  0  0  1  1  1  0  1  1  0  1  0  1  0  0  0  1  1  -439.0       1   0.025
7    0  0  1  0  1  1  1  1  1  1  0  1  1  1  0  1  1  1  0  1  1  1  0  0  1  1  0  0  0  0  1  0  1  1  0  0  0  0  0  0 -438.75       1     0.0
8    1  1  1  1  0  1  0  0  1  1  1  0  0  1  1  0  1  0  1  0  0  0  1  0  1  0  0  0  1  1  0  1  0  1  0  1  0  0  1  1 -438.75       1     0.0
179  1  0  1  0  1  1  0  1  1  1  0  1  0  1  0  0  1  0  0  0  1  1  0  0  0  1  1  1  1  1  0  0  1  0  0  0  0  0  1  0 -438.75       1   0.025
9    1  1  1  1  0  1  1  0  1  0  1  0  0  1  0  0  0  1  0  0  1  0  1  0  1  0  0  0  0  1  0  1  1  1  0  0  0  1  1  1  -438.0       1     0.0
10   1  0  1  1  1  1  1  1  1  0  1  1  1  1  0  0  1  0  0  1  1  0  0  0  0  0  1  1  0  1  0  0  1  0  0  0  0  1  0  0  -438.0       1     0.0
11   1  1  1  1  1  0  0  0  0  0  1  0  0  0  0  0  0  1  1  0  0  0  1  1  1  0  1  0  0  0  0  1  1  1  1  1  0  1  1  1  -438.0       1     0.0
12   1  1  1  0  1  1  0  0  0  0  0  1  0  0  0  0  0  1  1  0  0  0  1  1  1  0  1  0  1  0  1  1  0  1  1  0  0  1  1  1  -438.0       1     0.0
128  1  0  1  0  0  0  1  1  1  1  1  0  0  1  0  0  1  1  0  1  1  1  0  0  0  1  1  0  0  0  1  1  1  0  0  1  0  0  1  0  -438.0       1   0.025
339  1  1  0  1  1  0  1  0  0  0  1  0  1  1  1  0  0  0  1  0  0  1  1  0  1  0  1  0  0  0  0  1  0  1  0  1  1  1  0  1  -438.0       1    0.05
13   1  1  1  0  1  1  0  0  1  0  0  1  1  0  0  0  1  0  0  0  1  0  1  0  0  0  0  1  1  1  0  0  1  1  0  1  0  0  1  1 -437.75       1     0.0
14   1  0  1  0  1  0  0  0  1  0  1  1  0  1  0  0  0  0  0  1  1  0  1  0  0  0  1  1  1  1  0  1  1  1  0  1  0  0  0  1 -437.75       1     0.0
187  1  1  1  0  1  1  1  1  1  0  1  1  1  0  1  0  0  0  0  0  0  1  1  0  1  0  0  0  1  0  0  0  0  1  0  1  1  1  0  1 -437.75       1   0.025
190  1  1  1  0  0  0  0  0  1  0  1  1  1  1  0  0  0  0  0  0  1  0  1  0  1  0  0  0  1  1  0  1  1  1  0  1  0  1  0  1 -437.75       1   0.025
232  1  1  0  1  0  1  0  1  1  0  1  1  0  1  1  0  0  0  0  0  1  0  0  1  0  1  1  0  0  1  0  1  1  0  0  0  0  1  0  1 -437.75       1   0.025
239  0  0  1  0  1  1  1  1  1  1  0  1  0  1  0  1  1  0  0  1  1  1  0  0  0  1  0  0  0  1  1  0  1  1  0  0  0  0  0  0 -437.75       1    0.05
448  0  0  0  0  1  1  0  1  1  0  0  1  1  0  0  1  1  1  0  1  1  1  0  0  0  1  1  1  0  1  1  0  1  0  0  1  0  0  0  0 -437.75       1     0.1
15   0  1  1  0  1  1  0  1  1  0  0  1  1  1  0  0  1  1  0  1  1  0  0  0  0  0  1  1  1  0  1  0  1  0  0  1  0  0  0  1  -437.0       1     0.0
16   0  1  1  0  1  1  0  1  1  1  0  1  0  0  0  1  1  0  0  1  0  1  0  0  0  1  0  1  0  1  1  0  1  1  0  1  0  0  1  0  -437.0       1     0.0
235  1  1  1  1  0  1  0  0  0  0  0  1  1  0  0  1  0  0  1  0  1  0  1  1  1  0  0  0  1  0  0  1  0  1  0  1  1  1  0  1  -437.0       1   0.025
372  1  0  0  0  1  1  1  1  1  1  0  1  0  1  0  0  1  1  0  1  1  0  0  0  0  1  1  1  0  1  1  0  1  0  0  1  0  0  0  0  -437.0       1    0.05
407  1  1  0  1  0  1  0  0  0  0  1  0  0  1  1  1  0  0  1  0  0  0  1  0  0  0  1  1  1  1  0  1  0  1  0  1  1  1  0  1  -437.0       1   0.075
17   0  1  1  0  1  1  0  1  1  1  1  1  0  0  0  0  1  0  0  1  1  0  0  0  0  1  0  1  0  1  0  1  1  1  0  0  0  0  0  1 -436.75       1     0.0
18   0  0  1  1  1  1  0  1  1  1  0  1  1  1  0  0  1  0  0  1  1  0  0  0  0  1  0  1  0  1  1  0  1  0  0  0  0  0  1  0 -436.75       1     0.0
19   1  1  1  0  1  1  0  0  0  0  1  1  0  1  1  0  0  0  1  1  1  0  1  0  0  0  0  1  1  0  0  1  1  1  1  0  0  0  1  1 -436.75       1     0.0
20   1  1  1  0  1  1  0  1  1  0  0  1  0  0  0  0  0  0  1  0  1  0  1  0  0  1  1  0  0  0  1  1  1  0  1  1  0  0  0  1 -436.75       1     0.0
177  1  1  1  1  0  0  0  0  1  1  1  0  1  0  1  0  1  0  1  0  0  0  1  0  1  0  0  0  1  0  0  0  0  1  1  1  1  1  1  1 -436.75       1   0.025
192  1  1  1  1  0  1  0  0  1  1  1  1  1  0  1  1  0  0  1  0  0  0  1  0  0  0  1  0  1  0  0  1  0  1  0  1  0  1  0  1 -436.75       1   0.025
254  0  0  1  0  1  1  0  1  1  0  0  1  0  1  0  0  1  1  0  1  1  0  0  0  0  1  1  0  0  1  1  1  1  1  0  0  0  0  1  0 -436.75       1   0.025
21   1  1  1  1  1  1  0  0  1  0  1  1  1  1  1  1  0  0  0  0  0  0  1  0  1  0  0  0  1  0  0  1  0  1  0  0  0  1  0  1  -436.0       1     0.0
22   0  1  1  1  0  1  1  1  0  1  0  1  1  1  0  1  1  0  0  1  0  0  0  1  1  1  0  1  1  0  0  0  0  0  0  1  0  0  1  0  -436.0       1     0.0
23   1  1  0  1  1  1  0  0  0  0  1  1  1  0  1  1  1  0  0  0  0  0  1  1  1  0  1  0  0  0  0  1  0  1  0  1  0  1  0  1  -436.0       1     0.0
24   1  1  0  1  0  1  1  0  1  0  1  0  0  1  0  1  0  0  1  0  1  0  1  0  0  0  1  0  0  1  0  1  1  1  0  0  0  1  1  1  -436.0       1     0.0
25   1  1  0  1  1  0  0  0  1  0  0  0  1  1  0  1  0  0  1  0  1  0  1  1  0  0  1  0  0  0  1  1  1  1  0  1  0  1  0  1  -436.0       1     0.0
26   1  1  1  0  1  1  0  1  0  0  1  1  0  1  0  1  0  0  0  0  1  1  1  0  0  1  0  0  1  1  0  1  0  1  0  0  0  1  0  1  -436.0       1     0.0
381  1  1  0  1  1  1  0  0  1  0  0  1  1  0  1  1  0  0  0  0  0  0  1  1  1  0  0  0  0  0  1  1  0  1  0  1  1  1  1  0  -436.0       1    0.05
27   1  1  1  0  0  1  0  1  0  0  1  1  0  1  0  0  0  0  1  0  0  1  1  0  0  1  1  0  0  0  0  1  1  1  0  1  0  1  0  1 -435.75       1     0.0
28   0  1  0  1  1  1  1  1  0  0  0  0  0  1  0  0  1  0  0  1  1  0  0  0  0  1  1  1  0  0  1  1  0  1  1  1  0  1  1  1 -435.75       1     0.0
29   1  1  1  0  1  1  0  0  0  1  1  1  0  1  1  0  0  0  1  0  1  1  1  0  0  1  0  0  1  0  0  0  0  1  0  1  0  0  0  1 -435.75       1     0.0
215  1  1  0  1  0  1  0  0  1  0  0  1  0  1  1  0  1  0  0  0  1  0  1  1  1  0  0  0  1  0  0  1  0  0  1  1  0  1  0  1 -435.75       1   0.025
227  1  1  1  0  1  1  0  0  1  0  0  1  1  1  1  0  0  0  1  0  0  0  1  1  1  0  0  0  1  0  0  1  0  1  1  1  0  1  0  1 -435.75       1   0.025
228  1  1  0  1  1  0  0  1  0  0  1  1  1  0  1  0  0  0  1  0  0  0  1  0  0  0  1  0  1  0  0  1  0  1  0  1  1  1  0  1 -435.75       1   0.025
30   0  1  1  0  0  1  1  1  1  1  0  1  0  1  0  1  1  1  1  1  1  0  0  0  1  0  1  1  0  1  1  0  1  0  0  0  0  0  1  0  -435.0       1     0.0
31   1  1  0  1  1  1  0  0  1  1  1  0  0  0  1  0  1  0  0  0  0  0  1  1  1  0  0  0  1  0  0  1  0  1  0  1  0  1  1  1  -435.0       1     0.0
32   1  1  0  1  0  0  0  0  1  1  1  0  1  1  1  0  1  0  0  0  0  1  1  0  1  0  1  0  0  0  0  1  0  1  0  1  1  1  0  1  -435.0       1     0.0
33   1  0  1  0  1  1  1  1  1  0  0  1  0  1  0  1  1  0  0  1  1  0  0  0  0  1  0  1  0  1  1  1  1  0  0  1  0  0  0  0  -435.0       1     0.0
34   0  0  1  1  0  1  1  1  1  1  0  1  0  0  0  0  1  1  0  1  0  0  1  0  1  1  1  0  1  0  1  0  1  0  0  0  0  1  1  0  -435.0       1     0.0
35   1  0  1  0  0  0  1  1  0  1  0  0  0  0  0  1  1  1  0  1  0  1  0  0  1  1  0  0  0  1  1  0  1  1  0  0  0  1  1  0  -435.0       1     0.0
36   1  1  0  0  1  0  1  0  1  0  1  1  1  0  1  1  0  0  0  0  1  0  1  0  1  0  0  0  1  0  1  1  0  1  0  0  1  1  0  1  -435.0       1     0.0
155  1  1  0  1  1  1  0  0  0  0  0  0  1  1  1  1  0  0  0  0  0  0  1  1  1  0  0  0  1  0  0  1  0  1  1  1  1  1  0  1  -435.0       1   0.025
184  1  1  0  1  1  1  0  0  0  1  1  0  0  1  1  0  0  0  1  0  0  1  1  0  0  0  1  0  1  0  0  1  0  1  1  1  0  1  0  1  -435.0       1   0.025
201  1  1  0  1  1  0  0  0  1  0  0  0  1  0  1  0  1  1  0  0  0  0  1  0  1  0  1  0  1  0  0  1  1  1  0  1  1  0  1  1  -435.0       1   0.025
222  0  1  0  1  1  0  0  0  0  0  1  0  1  0  1  1  0  0  1  0  0  1  1  0  1  0  1  0  1  0  0  1  0  1  0  1  1  1  1  1  -435.0       1   0.025
256  1  1  1  1  0  1  0  0  1  1  0  0  0  1  0  0  1  0  1  1  0  0  1  0  1  0  0  0  0  0  1  1  0  1  0  1  0  1  1  1  -435.0       1   0.025
332  1  1  0  1  1  1  0  0  1  0  1  1  1  1  1  0  0  0  1  0  1  1  1  0  1  0  0  0  1  0  0  0  0  1  0  1  0  0  0  1  -435.0       1    0.05
37   1  1  1  1  1  0  0  0  0  0  1  0  1  0  1  1  1  0  1  0  0  1  1  0  1  0  1  0  0  0  0  1  0  1  0  1  1  1  0  1 -434.75       1     0.0
38   0  1  0  1  1  1  1  0  0  0  0  1  0  0  0  0  1  1  0  0  0  0  1  1  1  0  1  0  0  0  1  1  0  1  0  1  0  1  1  1 -434.75       1     0.0
146  1  1  1  1  1  0  0  1  0  0  0  0  1  1  1  0  0  0  1  0  0  0  1  0  0  0  1  0  1  0  0  1  0  1  1  1  1  1  1  1 -434.75       1   0.025
156  1  1  0  1  1  0  1  0  0  0  1  0  1  0  1  0  0  0  1  0  0  1  1  0  1  0  1  0  1  0  1  1  0  1  0  1  1  1  0  1 -434.75       1   0.025
166  0  0  1  0  1  1  0  1  1  1  0  1  1  0  0  1  1  1  0  1  1  0  0  0  0  1  1  1  0  0  1  1  1  0  0  0  0  0  0  0 -434.75       1   0.025
175  1  1  0  1  1  1  1  0  1  0  1  1  0  0  1  0  0  0  0  0  1  0  1  0  1  0  0  1  1  0  0  1  0  1  1  1  0  0  1  1 -434.75       1   0.025
269  0  1  1  1  1  0  1  1  0  1  0  1  1  0  0  1  1  0  1  1  1  0  0  0  1  0  1  0  1  0  1  1  0  0  0  0  0  0  0  0 -434.75       1   0.025
470  0  1  1  0  1  1  0  1  1  0  0  0  1  0  0  0  1  1  1  1  1  0  1  0  0  1  1  0  0  0  1  0  1  1  1  0  0  1  1  0 -434.75       1   0.075
39   1  1  1  0  1  1  0  1  0  1  0  1  0  0  0  0  1  0  0  1  0  0  0  0  0  1  1  1  0  0  1  1  1  1  0  1  0  0  1  1  -434.0       1     0.0
40   0  0  0  0  1  1  0  1  1  0  0  1  1  1  0  0  1  0  1  1  1  1  0  0  0  1  1  1  0  0  1  0  1  1  0  1  0  0  1  0  -434.0       1     0.0
41   0  1  1  0  0  1  0  1  1  1  1  1  0  0  0  0  1  0  1  1  1  1  0  0  1  1  1  0  0  1  1  0  1  0  0  1  0  0  0  0  -434.0       1     0.0
42   0  1  0  1  0  1  0  0  1  0  0  1  1  0  1  1  0  1  1  0  1  1  1  0  1  0  0  0  1  1  0  1  0  1  1  1  0  0  1  1  -434.0       1     0.0
43   1  1  0  1  1  0  1  1  0  0  0  1  0  1  0  0  1  0  1  0  0  0  1  1  1  0  1  1  0  0  0  1  0  1  1  1  0  1  1  1  -434.0       1     0.0
44   1  1  1  0  0  1  0  0  0  0  1  0  0  1  0  0  1  0  1  1  0  0  1  0  1  1  0  0  0  1  1  1  0  1  1  1  0  0  1  1  -434.0       1     0.0
45   1  1  0  1  1  1  0  0  0  0  0  0  1  1  1  0  1  0  0  0  0  0  1  1  1  0  0  1  0  1  0  1  0  1  0  1  0  1  1  1  -434.0       1     0.0
46   0  0  1  0  1  1  1  1  1  1  0  1  0  1  0  0  1  1  0  1  0  0  0  0  0  1  0  1  1  0  1  1  0  1  0  1  0  1  0  0  -434.0       1     0.0
47   0  1  1  0  1  1  1  1  0  1  1  0  0  0  0  1  1  1  1  1  0  1  0  0  0  0  1  1  0  0  1  1  0  1  1  0  0  1  1  0  -434.0       1     0.0
208  1  0  1  1  1  1  0  1  1  1  0  1  1  0  0  1  0  1  0  0  1  0  0  1  0  1  1  0  0  0  1  1  1  1  0  0  0  0  0  0  -434.0       1   0.025
224  1  1  0  1  1  1  0  0  0  0  0  0  0  0  1  0  0  1  0  0  0  1  1  0  1  0  1  0  1  1  0  1  0  1  1  1  1  0  1  1  -434.0       1   0.025
242  1  0  1  0  1  1  1  1  1  1  0  1  0  0  0  1  1  0  0  1  0  0  0  0  1  0  1  1  1  0  1  1  1  0  0  1  0  0  0  0  -434.0       1   0.025
243  0  0  0  0  1  1  1  1  1  0  1  1  0  0  0  1  1  1  0  1  1  0  0  1  0  1  1  1  0  1  1  1  1  0  0  0  0  1  1  0  -434.0       1   0.025
255  1  1  1  1  1  0  0  1  0  0  1  1  0  1  0  0  1  0  1  0  0  0  1  1  0  0  1  0  1  0  0  1  0  1  0  0  0  1  1  1  -434.0       1   0.025
278  1  1  0  1  0  0  0  0  1  0  0  0  0  0  1  1  0  0  1  1  0  0  1  1  1  0  0  0  0  1  1  1  0  1  0  1  1  1  1  1  -434.0       1   0.025
326  0  0  1  0  1  1  1  1  1  1  0  1  0  0  0  0  0  1  1  1  1  1  0  0  0  1  1  1  0  0  1  0  1  0  0  0  0  0  0  0  -434.0       1    0.05
370  1  1  0  1  1  0  0  1  0  0  0  0  0  0  1  1  1  1  0  0  0  0  1  1  1  0  1  0  0  0  1  0  0  1  0  1  1  1  1  1  -434.0       1    0.05
384  0  1  0  1  1  0  0  0  0  0  0  0  1  0  1  1  1  0  1  0  0  1  1  0  1  0  1  1  1  1  0  0  0  1  0  1  1  1  0  1  -434.0       1    0.05
402  1  1  0  0  0  1  0  0  0  0  1  0  1  1  1  1  1  0  1  0  0  0  1  1  1  0  0  0  1  0  0  0  0  1  1  0  1  1  1  1  -434.0       1   0.075
48   1  1  1  1  1  1  0  1  1  0  1  1  0  0  0  0  1  0  0  1  0  0  0  0  0  1  1  1  1  0  1  1  0  1  0  1  0  0  0  1 -433.75       1     0.0
49   0  1  0  1  1  1  1  0  0  0  1  0  1  0  1  1  0  0  0  0  0  1  1  1  1  1  0  0  1  0  1  1  0  1  1  0  0  1  0  1 -433.75       1     0.0
50   1  0  1  0  1  0  0  1  1  0  0  0  0  0  0  1  1  1  1  1  0  0  1  0  0  0  1  1  0  0  1  1  1  1  1  1  0  1  0  1 -433.75       1     0.0
51   1  1  0  1  1  1  0  0  0  1  0  0  0  1  0  1  1  0  0  1  0  0  1  0  1  0  0  0  1  1  1  1  0  1  0  1  0  1  1  1 -433.75       1     0.0
52   1  1  0  1  0  0  0  0  1  0  0  1  0  0  0  0  1  1  1  1  0  0  1  1  1  0  1  0  0  0  1  1  1  1  0  1  0  1  1  1 -433.75       1     0.0
53   1  1  1  0  1  1  0  1  1  1  0  1  0  0  0  0  1  0  0  0  1  0  0  0  0  1  0  1  1  1  0  0  1  0  0  1  0  1  0  1 -433.75       1     0.0
54   1  1  1  0  1  1  1  0  1  1  1  0  0  0  0  0  1  0  1  1  1  0  0  0  1  1  0  0  0  0  1  0  1  1  1  0  0  1  1  0 -433.75       1     0.0
55   1  1  1  0  0  1  1  1  1  1  0  0  0  0  0  0  1  0  1  1  1  0  0  0  1  1  0  0  1  0  1  1  1  1  0  0  0  1  1  0 -433.75       1     0.0
56   1  1  0  1  1  0  0  1  0  0  1  0  1  1  1  1  1  0  0  0  1  0  1  0  1  0  1  0  0  0  0  1  0  1  0  1  1  1  0  1 -433.75       1     0.0
145  1  1  0  1  0  1  0  0  1  0  1  0  1  1  1  1  0  0  0  0  1  0  1  0  1  0  0  0  1  0  0  0  0  1  0  1  1  1  0  1 -433.75       1   0.025
185  1  1  0  1  1  0  0  0  0  0  1  0  0  0  1  1  1  0  1  0  0  0  1  1  1  0  1  0  0  0  1  1  0  1  0  1  1  1  1  1 -433.75       1   0.025
203  0  1  0  1  1  0  0  0  0  1  0  1  1  1  1  1  0  0  0  0  1  0  1  1  1  0  1  0  1  0  0  1  0  1  0  1  1  1  0  1 -433.75       1   0.025
207  1  1  0  1  1  0  0  0  0  0  0  1  1  1  0  0  1  0  1  0  1  0  1  1  1  0  1  0  0  0  1  1  0  1  1  1  0  1  0  1 -433.75       1   0.025
234  1  1  1  1  0  1  0  0  1  1  1  0  0  1  1  0  0  0  0  0  0  0  1  0  1  0  1  0  1  0  1  1  1  1  0  1  1  0  0  1 -433.75       1   0.025
303  1  1  0  1  1  1  0  0  1  0  1  1  0  1  1  0  1  0  0  0  0  0  1  1  1  0  0  0  1  0  0  1  0  1  0  1  0  1  1  1 -433.75       1    0.05
354  1  1  0  1  1  1  0  0  0  0  1  1  0  0  1  1  0  0  0  0  0  0  1  1  0  1  1  0  1  0  0  1  0  1  0  0  1  1  0  1 -433.75       1    0.05
374  1  1  0  1  0  1  1  0  0  0  1  1  1  1  1  1  0  0  0  0  0  0  1  0  1  0  0  0  1  0  0  0  0  1  0  1  1  1  0  1 -433.75       1   0.075
398  1  0  1  0  0  1  1  1  1  0  1  1  1  1  0  0  1  0  0  0  1  0  0  0  0  1  1  1  1  1  0  1  1  0  1  0  0  0  0  1 -433.75       1    0.05
57   1  0  1  0  0  0  1  1  1  0  0  1  0  0  0  0  1  1  0  1  1  1  0  0  1  1  1  0  1  1  1  0  1  0  1  0  0  0  1  0  -433.0       1     0.0
58   1  1  0  1  1  0  1  0  1  0  0  0  0  0  0  0  0  1  0  0  0  1  1  0  1  0  1  0  1  0  1  1  0  1  1  1  0  1  1  1  -433.0       1     0.0
59   1  1  1  1  1  1  0  0  0  0  1  1  0  0  1  0  1  0  0  0  0  0  0  0  0  0  1  1  1  0  1  1  0  1  0  1  0  1  1  1  -433.0       1     0.0
60   0  1  0  0  1  1  0  0  0  1  0  0  0  1  0  0  1  1  1  1  0  0  0  0  1  0  1  1  1  1  1  0  0  1  0  0  0  0  1  1  -433.0       1     0.0
61   1  1  1  0  0  1  0  1  1  1  1  1  0  0  0  1  1  0  0  1  0  0  0  0  0  1  0  1  0  1  0  1  1  1  0  0  0  0  1  1  -433.0       1     0.0
62   0  1  1  0  1  0  1  1  1  0  0  0  0  0  0  0  1  1  0  1  0  1  1  0  1  1  1  1  0  0  1  1  0  0  1  1  0  1  0  0  -433.0       1     0.0
205  1  1  1  1  1  1  0  0  0  0  1  1  1  0  1  1  0  0  0  0  0  0  1  0  1  0  0  0  0  0  1  1  0  1  0  1  1  1  0  1  -433.0       1   0.025
246  0  1  1  0  1  1  1  1  1  1  1  1  1  1  0  1  0  0  0  0  1  0  0  0  0  1  1  1  0  1  0  1  1  0  0  1  0  1  0  0  -433.0       1   0.025
263  1  1  1  1  1  0  0  0  1  0  0  1  1  0  0  1  0  0  1  0  0  0  1  1  0  0  0  1  1  0  0  1  1  1  0  1  0  1  0  1  -433.0       1   0.025
267  1  1  1  1  0  1  0  1  1  1  1  0  1  1  1  1  1  0  0  0  0  0  1  0  1  0  0  0  0  0  0  1  0  1  0  1  0  1  1  1  -433.0       1   0.025
276  0  1  1  1  1  1  0  1  1  1  1  1  1  1  1  0  0  0  0  0  0  1  1  0  1  1  0  0  0  0  0  0  0  1  0  1  0  0  0  1  -433.0       1   0.025
281  1  1  0  1  1  1  1  1  0  0  0  1  0  1  1  0  0  0  1  1  1  0  1  0  0  0  1  1  1  0  0  1  0  1  0  0  0  1  0  0  -433.0       1   0.025
314  0  1  1  0  0  1  0  1  1  1  0  1  0  0  0  0  1  0  1  1  1  0  0  1  0  1  1  0  0  0  1  1  1  0  1  0  0  1  1  0  -433.0       1   0.025
328  1  1  1  1  0  1  0  0  0  0  1  0  0  1  1  0  0  0  1  0  0  1  1  0  1  0  0  1  1  0  0  0  0  1  1  1  1  1  0  1  -433.0       1    0.05
358  0  1  1  0  1  1  1  1  1  1  0  1  0  1  0  1  1  1  1  1  1  1  0  0  0  1  0  1  0  1  1  0  0  0  0  1  0  0  0  0  -433.0       1    0.05
63   1  1  1  0  1  1  0  0  0  0  1  0  1  1  1  1  0  0  1  0  0  0  1  0  0  0  1  0  1  0  0  1  0  1  0  1  0  1  0  1 -432.75       1     0.0
64   1  1  0  1  1  1  0  0  0  0  1  1  0  0  0  1  0  0  0  0  0  0  1  1  0  0  1  0  0  1  0  1  0  1  1  1  0  1  1  1 -432.75       1     0.0
65   1  1  0  0  1  0  1  1  0  0  1  1  0  1  0  0  0  0  0  1  0  0  1  0  0  0  1  1  0  1  0  1  1  1  0  1  0  1  1  0 -432.75       1     0.0
66   1  1  0  1  1  0  0  0  0  0  1  1  0  1  1  0  0  0  1  0  0  0  1  1  0  0  1  1  0  0  0  1  0  1  1  1  1  1  1  1 -432.75       1     0.0
67   0  1  0  0  1  0  1  0  0  1  0  1  1  0  0  1  1  0  0  1  1  1  0  1  1  1  1  1  0  0  1  0  1  1  0  0  0  0  0  0 -432.75       1     0.0
68   0  1  0  0  1  1  0  1  1  1  0  1  0  0  0  1  1  0  1  1  1  1  0  0  0  0  0  1  0  1  1  1  0  1  0  1  0  0  0  0 -432.75       1     0.0
69   1  1  0  1  1  0  0  0  0  0  0  1  0  1  0  1  1  1  1  1  0  0  1  1  1  0  1  0  0  0  1  1  0  1  1  1  0  0  1  0 -432.75       1     0.0
200  1  1  0  1  1  1  0  0  0  0  1  1  0  0  1  0  1  0  0  0  0  0  1  0  0  0  1  1  1  0  0  0  0  1  1  1  1  1  0  1 -432.75       1   0.025
233  1  1  0  1  1  0  0  0  0  0  0  0  1  1  1  1  1  1  0  0  0  0  1  0  1  0  1  0  1  0  0  1  0  1  1  1  1  0  1  1 -432.75       1   0.025
70   1  0  0  1  1  0  1  0  1  0  1  1  0  0  1  0  0  0  1  1  0  0  1  0  0  0  1  1  1  0  0  1  0  1  0  1  1  1  0  1  -432.0       1     0.0
71   1  1  0  1  1  0  0  0  0  0  0  1  1  1  1  0  0  0  0  0  0  1  1  1  1  0  1  0  0  0  0  1  0  1  1  1  1  1  0  1  -432.0       1     0.0
72   0  1  0  0  1  1  1  1  0  1  0  0  1  1  1  0  1  0  0  1  0  0  0  0  1  1  0  1  1  0  1  0  0  1  0  1  0  0  1  1  -432.0       1     0.0
73   1  0  0  1  1  1  0  1  1  1  0  0  1  1  1  1  1  0  0  0  0  0  1  0  1  0  1  0  1  0  0  0  0  0  0  1  1  1  0  1  -432.0       1     0.0
74   1  1  1  0  1  1  0  1  0  0  1  1  1  0  0  0  1  1  0  1  0  0  0  0  0  0  1  1  0  1  1  0  1  1  0  0  0  1  1  0  -432.0       1     0.0
75   0  0  1  0  1  1  0  0  1  0  1  1  1  0  0  0  0  0  0  1  1  0  0  0  0  1  1  1  0  1  1  1  1  0  0  1  0  0  1  0  -432.0       1     0.0
76   1  1  1  1  1  1  0  0  0  0  0  0  1  0  1  1  0  0  0  0  1  0  1  0  1  0  1  0  1  0  1  0  1  1  0  1  1  0  0  1  -432.0       1     0.0
193  1  1  0  1  1  0  1  0  0  0  0  0  1  1  1  1  0  0  0  0  0  1  1  1  1  0  0  0  0  1  1  0  0  1  0  1  1  1  0  1  -432.0       1   0.025
204  1  1  0  1  1  0  0  0  0  1  0  0  0  1  1  1  0  0  1  0  0  1  1  0  1  0  0  0  1  0  0  1  0  1  1  1  1  1  0  1  -432.0       1   0.025
210  1  0  1  1  0  1  1  1  1  1  0  0  0  0  0  1  1  1  0  1  0  0  0  0  1  1  1  0  0  1  1  1  1  0  1  0  0  1  1  0  -432.0       1   0.025
244  1  1  0  1  1  0  0  0  0  0  1  1  0  0  1  0  1  0  0  0  0  0  1  1  1  0  1  0  1  0  0  1  0  1  0  1  1  1  1  1  -432.0       1   0.025
260  1  1  0  1  1  1  0  0  1  0  1  1  0  1  1  0  1  0  1  1  0  0  1  0  0  0  0  0  1  0  0  1  0  1  0  1  0  1  0  1  -432.0       1   0.025
273  1  1  0  1  1  1  0  0  0  0  1  1  0  0  1  1  1  0  1  0  0  0  1  0  0  0  1  0  1  0  0  1  0  1  0  1  1  1  0  1  -432.0       1   0.025
275  1  1  0  1  0  1  0  0  1  0  1  1  0  0  1  1  0  0  1  1  0  0  1  0  0  0  0  1  0  0  1  1  0  1  0  1  1  1  0  1  -432.0       1   0.025
363  1  1  1  1  1  0  0  0  0  0  1  0  1  1  0  0  0  0  1  0  1  0  1  0  1  0  1  0  1  0  0  1  0  1  0  1  1  1  0  1  -432.0       1    0.05
406  1  1  0  0  1  1  0  0  0  0  1  1  0  1  1  1  0  0  1  0  1  1  1  0  0  1  0  0  1  0  0  0  0  1  0  1  1  1  0  1  -432.0       1    0.05
77   1  1  1  1  1  0  1  0  0  0  1  0  1  1  1  1  0  0  1  0  0  0  1  1  1  0  0  0  0  0  0  1  0  1  0  1  0  1  1  1 -431.75       1     0.0
78   1  0  1  0  1  1  0  1  1  0  1  0  1  1  0  0  1  1  0  0  1  0  1  0  0  1  0  0  0  0  0  1  1  1  1  1  0  1  1  0 -431.75       1     0.0
79   1  1  0  1  1  1  0  0  0  0  1  1  0  0  1  1  0  0  0  0  0  0  1  1  1  0  1  0  0  0  1  1  0  1  0  1  0  1  0  1 -431.75       1     0.0
80   1  1  0  1  1  1  0  0  1  0  1  1  1  1  1  1  0  0  0  1  0  0  1  0  1  0  0  1  0  0  1  1  0  0  0  1  1  0  0  1 -431.75       1     0.0
81   0  1  0  1  1  0  0  0  0  1  0  0  0  1  1  1  0  0  1  1  0  1  0  0  1  1  0  0  0  0  1  1  0  1  0  1  0  1  1  1 -431.75       1     0.0
178  1  1  1  1  1  0  0  0  0  0  0  1  1  1  1  0  1  0  0  0  1  0  1  1  1  0  0  0  0  0  0  1  0  1  0  1  1  1  1  1 -431.75       1   0.025
219  1  1  0  0  1  0  1  0  0  0  1  1  0  1  1  0  1  0  0  1  0  1  1  0  0  0  0  1  0  0  1  1  0  1  1  1  0  1  1  1 -431.75       1   0.025
221  1  1  1  1  1  0  0  0  0  0  1  1  0  1  1  0  1  0  0  0  1  1  1  1  0  0  0  0  1  0  0  1  0  1  0  1  1  1  0  1 -431.75       1   0.025
223  1  1  1  1  1  0  0  0  0  0  1  1  0  1  1  0  0  0  1  0  0  1  1  1  0  0  0  1  1  0  0  1  0  1  1  1  1  0  0  1 -431.75       1   0.025
240  1  1  0  1  1  0  0  1  0  0  0  1  0  1  1  1  1  0  1  0  0  0  1  1  0  0  0  1  0  0  0  1  0  1  1  1  0  1  1  1 -431.75       1   0.025
357  0  0  1  0  0  1  1  1  0  1  1  1  0  0  0  1  1  1  0  1  1  0  0  1  0  0  1  1  0  1  1  1  1  0  0  0  0  0  0  0 -431.75       1   0.075
403  1  1  1  1  0  1  0  1  0  0  1  1  0  1  1  1  1  0  0  0  0  0  1  1  0  0  0  0  1  0  0  0  0  1  0  1  0  1  0  1 -431.75       1    0.05
82   0  1  1  0  1  1  1  0  1  1  0  0  1  0  0  0  0  0  1  1  0  0  0  0  0  1  0  1  1  1  1  0  1  1  0  1  0  1  0  1  -431.0       1     0.0
83   1  1  1  1  1  0  0  0  1  1  0  0  1  0  1  0  1  1  1  1  1  1  0  0  1  1  0  0  0  0  1  0  0  0  0  1  0  1  0  0  -431.0       1     0.0
84   1  1  1  0  1  1  0  0  1  1  0  1  1  0  0  1  1  0  1  1  0  0  0  0  0  0  0  1  1  1  0  0  0  1  0  1  0  1  0  1  -431.0       1     0.0
85   0  1  1  1  1  0  0  1  0  1  1  1  0  0  0  0  1  0  0  1  0  0  0  0  0  1  1  0  0  1  0  1  1  1  1  1  0  0  1  1  -431.0       1     0.0
86   1  1  0  1  0  1  0  0  0  0  1  0  0  1  1  0  1  0  1  0  0  0  1  0  1  0  1  0  1  1  0  1  0  1  1  1  1  1  1  1  -431.0       1     0.0
87   0  0  1  0  1  1  0  1  1  1  1  1  1  0  0  1  0  0  1  1  0  0  0  0  0  1  1  0  0  1  1  0  1  0  0  0  0  0  0  1  -431.0       1     0.0
88   1  1  0  1  0  1  0  0  0  0  1  1  0  1  1  0  1  0  1  0  0  1  1  0  1  0  1  0  0  0  0  1  0  1  0  1  1  1  0  1  -431.0       1     0.0
89   1  1  0  0  1  1  0  0  1  0  1  0  0  1  1  0  0  0  0  1  1  1  1  0  1  0  0  1  0  0  1  1  0  1  0  1  0  1  0  1  -431.0       1     0.0
90   1  1  0  0  1  1  0  0  0  0  1  0  1  0  1  1  1  1  0  1  0  1  1  0  1  0  0  0  1  0  0  0  0  1  0  1  1  1  0  1  -431.0       1     0.0
189  0  1  1  0  1  1  1  1  1  1  0  0  0  0  0  0  1  0  1  1  1  1  0  0  1  1  0  1  0  0  1  1  1  1  0  1  0  1  0  0  -431.0       1   0.025
230  1  1  0  1  1  0  0  0  0  0  0  0  1  1  1  0  1  0  1  0  0  1  1  0  1  0  1  0  1  0  0  0  0  1  1  1  1  1  0  1  -431.0       1   0.025
231  1  1  0  1  1  0  0  0  0  0  0  0  0  1  1  1  1  1  0  0  0  0  1  1  1  0  1  0  0  0  0  0  0  1  1  1  1  1  1  1  -431.0       1   0.025
257  1  1  1  1  1  0  0  0  0  0  1  0  0  0  0  0  1  0  1  0  0  1  1  0  0  0  0  0  1  1  0  0  1  1  1  1  1  1  1  1  -431.0       1   0.025
274  1  1  1  1  1  0  0  0  0  0  1  1  1  0  1  0  0  0  1  0  0  0  1  0  0  0  1  0  1  0  0  0  0  1  0  1  1  1  0  1  -431.0       1   0.025
280  1  0  1  0  0  1  1  1  1  1  1  0  1  1  1  1  0  0  0  0  1  0  0  0  0  1  0  1  0  1  1  0  1  0  0  1  0  1  0  0  -431.0       1   0.025
289  1  0  1  0  0  1  1  1  1  0  0  1  0  0  0  0  1  0  1  1  1  1  0  0  0  1  0  0  0  0  1  1  1  1  1  0  0  1  1  0  -431.0       1   0.025
296  1  1  0  0  1  1  1  0  0  0  1  1  1  1  1  0  0  0  0  0  1  1  0  0  1  0  1  0  1  0  0  1  0  1  0  0  1  1  0  1  -431.0       1   0.025
313  1  1  1  1  1  1  0  1  0  0  0  0  0  1  0  0  1  1  0  0  0  0  0  0  0  0  1  0  1  0  1  1  0  1  0  1  0  0  1  1  -431.0       1   0.025
419  1  0  1  0  0  0  1  1  0  0  1  1  1  0  0  1  1  0  1  0  1  0  1  1  0  0  1  1  0  1  0  1  1  0  0  0  0  1  0  1  -431.0       1    0.05
424  1  1  1  1  1  0  0  1  0  0  1  0  0  1  1  1  0  0  1  0  0  0  1  0  0  0  1  0  0  0  0  1  1  1  0  1  1  1  0  1  -431.0       1   0.075
435  1  1  0  1  1  1  0  0  0  0  1  0  0  0  1  0  1  0  1  1  0  0  1  0  1  0  1  0  1  0  0  1  0  0  1  1  1  1  0  1  -431.0       1   0.075
467  0  0  1  0  1  1  1  1  1  1  0  1  0  0  0  0  1  1  0  1  1  1  0  1  0  1  0  1  0  1  1  1  1  0  0  0  0  0  0  0  -431.0       1   0.125
91   1  1  0  1  1  1  1  0  1  0  1  1  0  0  1  0  0  0  0  0  0  1  1  0  1  0  1  1  0  0  0  0  0  1  0  1  1  1  1  1 -430.75       1     0.0
92   1  0  0  1  1  0  0  0  1  0  1  0  1  1  1  1  0  0  0  0  0  0  1  0  1  0  1  0  0  0  0  1  1  1  1  1  1  1  1  1 -430.75       1     0.0
93   0  1  0  1  1  0  1  0  0  1  1  0  0  1  0  1  1  0  1  1  0  1  1  1  1  0  0  0  0  0  1  1  0  1  0  1  0  1  0  1 -430.75       1     0.0
94   1  1  0  1  1  0  0  0  1  0  0  1  0  1  1  0  1  0  1  1  0  0  1  0  0  0  0  1  0  1  0  0  0  1  1  1  0  0  1  1 -430.75       1     0.0
225  1  0  1  1  1  1  0  0  1  0  1  1  0  1  1  1  0  0  1  0  0  0  1  0  0  0  1  0  1  0  0  1  0  1  0  0  1  1  1  1 -430.75       1   0.025
295  1  1  1  1  1  0  0  0  0  0  1  0  1  1  1  0  0  0  0  0  1  1  1  0  1  0  0  0  0  0  0  1  1  1  0  1  0  1  0  1 -430.75       1   0.025
451  1  1  0  1  1  0  0  0  0  0  1  0  0  1  1  1  1  1  0  0  0  0  1  1  1  0  1  0  0  0  1  1  0  1  0  1  1  1  0  1 -430.75       1   0.075
499  1  1  0  1  1  1  0  0  0  0  1  1  0  0  1  0  0  1  1  0  0  1  1  1  0  0  1  0  0  0  0  1  0  0  0  1  1  0  1  1 -430.75       1   0.175
95   1  1  0  1  0  0  1  0  0  0  1  1  1  1  1  1  0  0  0  0  0  1  1  1  0  0  0  0  0  0  0  0  0  1  0  1  1  1  0  1  -430.0       1     0.0
96   1  0  0  1  1  1  0  0  0  0  1  1  0  1  1  1  0  0  0  0  0  0  1  1  0  0  1  0  1  1  0  0  1  1  0  0  0  1  0  1  -430.0       1     0.0
97   1  1  1  1  0  1  0  1  0  0  1  0  0  0  1  1  1  0  0  0  0  1  0  0  1  0  0  0  1  0  0  1  0  1  1  1  0  1  1  1  -430.0       1     0.0
98   1  1  1  1  1  0  0  0  0  0  1  1  0  0  0  1  1  0  0  1  0  0  1  1  0  0  1  0  0  0  1  1  1  1  0  1  0  1  0  1  -430.0       1     0.0
213  1  1  0  1  1  1  0  0  0  0  1  0  1  1  1  0  1  0  0  0  0  0  1  0  1  0  1  0  1  1  0  1  0  1  0  1  1  1  1  1  -430.0       1   0.025
241  1  1  0  1  1  0  0  0  0  0  1  0  0  1  0  0  1  0  0  1  1  0  1  0  0  0  1  0  0  0  1  1  0  1  0  1  0  1  1  1  -430.0       1   0.025
258  1  1  0  1  1  1  0  0  0  0  1  1  1  1  1  1  0  0  0  0  0  0  1  0  1  0  1  0  1  0  0  1  0  1  0  1  0  1  0  1  -430.0       1   0.025
264  1  1  0  1  1  0  0  0  0  1  1  0  0  1  1  1  1  0  0  1  0  0  1  0  1  0  0  1  1  1  0  1  0  1  0  1  0  1  1  1  -430.0       1   0.025
277  0  0  1  1  0  1  1  1  1  0  0  1  0  0  0  0  1  1  0  1  1  1  0  1  0  1  1  1  0  1  0  0  1  0  1  0  0  0  1  0  -430.0       1   0.025
285  1  1  1  1  0  0  1  1  0  0  1  0  0  1  1  1  1  0  0  0  0  0  0  0  1  0  1  0  0  1  0  1  0  1  0  1  0  1  1  1  -430.0       1   0.025
287  0  1  0  1  1  0  0  1  0  1  0  1  0  1  1  1  1  0  0  1  0  0  1  1  1  0  1  0  1  0  1  0  0  1  0  0  0  1  0  1  -430.0       1   0.025
288  0  1  0  1  1  0  0  0  1  1  0  0  0  1  1  1  1  1  1  0  1  1  1  0  1  0  0  0  0  0  1  0  0  1  0  0  1  1  1  0  -430.0       1   0.025
344  1  1  0  1  0  1  0  0  0  0  0  0  0  1  0  1  0  1  1  0  0  0  1  1  0  0  1  0  1  1  0  1  0  1  0  1  1  1  1  1  -430.0       1    0.05
380  1  1  0  1  1  1  0  0  1  0  0  1  1  1  1  1  0  0  0  0  1  1  1  0  1  0  0  1  1  0  0  0  0  1  0  1  1  1  0  1  -430.0       1    0.05
399  1  1  0  1  1  1  0  0  0  0  1  1  1  1  1  1  0  0  0  0  0  1  1  0  1  0  0  0  1  0  0  0  0  1  0  1  1  1  0  1  -430.0       1   0.075
416  1  1  1  1  0  1  0  0  0  0  1  1  0  1  1  1  0  0  0  0  0  1  1  1  1  0  0  0  1  0  0  1  0  1  0  1  1  1  1  1  -430.0       1   0.075
438  1  1  0  1  1  1  0  0  0  0  1  1  0  0  1  0  0  0  1  0  0  1  1  0  1  0  1  0  1  0  0  0  0  1  0  1  1  1  1  1  -430.0       1     0.1
99   1  1  1  1  1  1  0  0  1  0  0  1  0  1  0  0  1  0  0  0  1  0  1  0  1  0  0  0  1  1  0  0  1  1  0  0  0  0  1  1 -429.75       1     0.0
100  1  1  1  1  0  0  0  0  1  1  1  0  1  1  1  0  1  0  1  0  0  0  1  0  0  0  0  0  0  0  0  0  0  1  1  1  0  1  1  1 -429.75       1     0.0
101  0  1  1  1  1  0  0  0  0  0  1  0  0  0  1  1  1  0  0  0  0  0  1  1  1  0  1  1  0  0  0  1  0  1  0  1  1  1  0  1 -429.75       1     0.0
102  1  1  1  1  1  1  0  0  1  0  1  0  0  1  1  0  0  0  1  0  1  0  1  1  1  0  0  0  0  0  1  1  0  1  0  1  0  1  0  1 -429.75       1     0.0
279  1  1  0  1  1  1  1  0  0  0  0  0  1  0  1  1  0  1  0  0  0  0  1  1  1  0  0  0  1  0  0  1  1  1  1  1  0  1  0  1 -429.75       1   0.025
292  1  1  0  1  1  0  0  0  0  0  0  1  0  0  0  1  1  0  1  1  0  0  1  1  1  0  0  0  0  0  1  1  0  1  0  1  1  1  0  1 -429.75       1   0.025
308  0  1  0  0  1  1  0  1  1  0  0  1  0  0  0  1  1  1  0  1  1  0  0  0  0  1  1  0  1  1  1  0  1  0  0  1  0  1  0  0 -429.75       1   0.025
347  1  1  0  1  1  1  0  0  1  0  1  1  1  1  1  1  0  0  1  0  0  0  1  0  1  0  0  0  1  0  0  0  0  1  0  1  1  1  0  1 -429.75       1   0.075
388  0  0  1  0  1  1  1  1  1  1  0  1  1  0  0  1  1  0  0  1  1  0  1  0  0  0  1  0  0  0  0  1  1  1  0  0  0  1  0  0 -429.75       1    0.05
404  0  0  1  0  0  1  1  1  1  1  0  1  0  1  0  1  1  1  1  1  0  0  0  0  0  1  1  1  0  0  1  1  1  0  0  0  0  0  0  0 -429.75       1   0.075
431  0  0  0  0  0  1  1  1  1  0  0  1  1  1  0  0  0  0  0  1  1  0  0  1  0  1  1  1  1  1  1  1  1  0  0  1  0  0  0  0 -429.75       1   0.075
443  1  1  0  1  1  1  0  0  0  0  0  0  0  1  1  1  1  0  0  1  0  0  1  1  1  0  0  0  0  0  1  1  0  1  0  1  1  1  1  1 -429.75       1   0.075
457  1  1  0  1  1  1  0  0  0  0  1  1  0  0  1  0  0  0  1  0  0  0  1  1  1  0  0  0  1  0  1  0  0  1  1  1  0  1  0  1 -429.75       1     0.1
475  1  1  0  1  1  1  0  0  1  0  0  1  0  1  1  0  0  0  1  0  0  1  1  0  0  0  1  0  1  0  0  0  1  1  1  1  1  1  0  1 -429.75       1   0.075
104  1  1  0  1  1  1  0  1  1  0  1  0  0  1  1  0  0  0  0  0  0  0  1  0  1  0  0  0  1  1  0  1  0  1  0  1  0  1  1  1  -429.0       1     0.0
105  1  1  1  0  0  1  1  0  1  0  0  1  0  1  0  0  0  0  0  0  1  0  1  1  0  0  1  1  1  1  1  1  1  1  0  0  0  0  0  1  -429.0       1     0.0
106  0  0  1  1  0  0  1  1  1  1  0  0  1  1  0  1  0  0  1  0  1  1  0  0  0  1  0  1  1  1  0  1  0  0  0  1  0  1  0  1  -429.0       1     0.0
206  0  1  0  1  1  1  0  0  0  0  1  1  0  1  1  0  1  0  1  0  0  1  1  1  1  0  0  0  0  0  0  0  0  1  1  1  1  1  0  1  -429.0       1   0.025
229  1  1  1  1  1  1  0  0  1  0  1  0  0  1  0  0  1  0  1  0  0  0  0  1  1  0  1  0  1  0  0  0  1  1  0  1  1  0  0  1  -429.0       1   0.025
247  1  1  0  1  1  0  0  0  0  0  0  1  0  1  1  0  1  1  0  0  0  0  1  1  1  0  1  0  1  0  1  1  0  0  0  1  0  1  1  1  -429.0       1   0.025
248  1  0  1  0  1  1  1  1  1  0  0  1  0  0  0  0  1  1  0  0  1  0  0  0  0  1  1  1  0  1  1  1  1  0  1  0  0  1  0  0  -429.0       1   0.025
261  1  1  0  1  1  1  0  0  0  0  1  0  0  0  0  1  1  0  1  1  0  0  1  1  1  1  0  0  0  0  0  1  0  1  0  1  0  1  1  1  -429.0       1   0.025
265  1  1  0  1  1  1  0  0  1  1  1  0  0  1  1  0  0  0  0  0  0  1  1  0  0  0  1  0  1  0  0  0  0  1  0  1  1  1  1  1  -429.0       1   0.025
302  1  1  1  1  0  0  0  0  0  0  1  1  0  1  0  0  0  1  0  0  0  1  1  1  1  0  1  0  1  0  0  1  1  1  0  0  1  1  0  1  -429.0       1   0.025
330  0  1  1  0  1  1  1  1  1  1  0  1  1  0  0  0  1  1  0  1  1  0  0  0  0  1  0  1  0  1  1  1  1  0  0  0  0  0  0  0  -429.0       1    0.05
334  1  1  0  1  1  0  0  0  0  0  1  1  1  0  1  1  0  0  1  1  0  0  1  1  1  0  0  1  1  0  0  1  0  1  0  1  1  1  0  1  -429.0       1    0.05
371  1  1  1  1  1  0  1  1  0  0  1  0  0  0  1  1  1  0  1  0  0  0  1  0  1  0  1  0  0  0  0  1  0  1  1  1  1  0  1  1  -429.0       1    0.05
376  1  1  0  1  1  0  0  0  0  0  1  1  0  0  1  1  0  1  1  0  0  0  1  1  1  0  1  0  1  0  0  0  0  1  1  0  0  1  1  1  -429.0       1    0.05
413  0  0  1  0  1  1  0  1  1  1  1  1  1  0  0  0  1  0  0  1  1  0  0  0  0  1  1  0  0  1  1  1  1  0  1  0  0  0  1  0  -429.0       1   0.075
430  1  1  0  1  1  0  0  0  0  0  1  0  0  1  1  0  0  1  1  0  0  1  1  0  1  0  1  0  1  0  1  1  0  1  1  1  1  1  0  1  -429.0       1   0.075
434  1  1  0  1  1  0  0  0  0  0  1  1  1  1  1  0  0  0  1  0  0  1  1  0  0  0  1  0  1  0  0  0  0  1  0  1  1  1  1  1  -429.0       1   0.075
462  0  1  0  1  1  0  0  0  0  0  0  1  0  1  0  0  1  1  1  1  0  0  1  0  1  0  1  1  0  0  1  0  0  1  1  1  1  1  0  1  -429.0       1   0.075
107  0  1  1  0  0  1  0  1  0  1  1  1  0  0  0  0  1  1  0  1  0  0  1  0  1  0  1  0  1  0  0  0  0  1  1  0  0  1  1  1 -428.75       1     0.0
108  0  1  1  1  0  0  0  1  0  1  0  1  0  0  0  0  1  0  1  1  1  1  0  1  1  0  1  0  0  0  1  1  1  1  0  1  0  0  0  0 -428.75       1     0.0
109  1  1  1  0  1  0  0  0  0  0  1  0  0  0  1  0  1  0  1  1  0  1  1  0  1  0  0  0  1  0  0  0  0  1  0  1  1  1  1  1 -428.75       1     0.0
110  0  1  1  1  1  0  1  1  1  1  0  1  0  1  0  0  1  0  1  1  0  1  0  0  1  0  1  1  0  0  0  1  0  1  0  1  0  0  1  0 -428.75       1     0.0
111  1  1  0  1  1  1  0  0  0  0  1  0  1  1  1  1  0  0  0  0  1  0  1  1  1  0  0  0  1  0  0  0  0  1  0  1  1  1  1  1 -428.75       1     0.0
157  1  1  1  1  1  0  0  0  0  0  1  1  0  0  1  1  0  0  1  0  0  0  1  1  0  0  0  1  1  0  0  0  0  1  0  1  1  1  0  1 -428.75       1   0.025
209  1  1  0  1  1  0  1  1  0  0  1  0  0  1  1  1  1  0  1  0  0  0  0  1  0  0  1  0  0  0  0  0  0  1  0  1  1  1  0  1 -428.75       1   0.025
211  1  1  1  1  1  0  0  0  0  0  1  0  0  1  1  1  0  0  0  0  0  0  1  0  0  0  1  0  1  0  0  1  0  1  1  1  1  1  0  1 -428.75       1   0.025
251  1  1  1  1  1  1  0  0  0  1  0  0  0  1  0  1  1  0  1  0  0  0  0  1  1  0  1  0  1  0  0  0  0  1  1  1  0  1  1  1 -428.75       1   0.025
268  1  1  0  1  1  0  0  0  0  0  1  1  0  0  0  0  1  0  0  1  0  0  1  1  0  0  1  1  1  0  1  0  0  1  0  1  0  1  1  1 -428.75       1   0.025
283  1  1  0  1  1  0  0  0  0  0  1  1  1  0  1  0  0  0  0  1  0  0  1  0  1  0  1  0  1  0  0  1  0  1  0  1  1  1  0  1 -428.75       1   0.025
284  1  1  1  1  1  1  0  0  0  0  1  0  0  1  1  0  0  0  0  0  0  0  1  0  1  0  1  1  1  0  0  1  0  1  0  1  0  1  0  1 -428.75       1   0.025
305  0  1  0  1  1  1  0  0  0  0  0  1  0  1  0  0  1  0  0  1  1  0  1  1  0  0  1  0  1  1  1  0  0  1  0  1  0  1  0  1 -428.75       1   0.025
319  1  1  0  1  1  0  1  0  0  0  1  0  0  1  1  1  0  0  1  0  0  0  1  0  1  0  1  1  0  0  1  1  0  1  0  1  0  1  1  1 -428.75       1   0.025
400  1  1  0  1  1  0  0  0  0  0  1  0  0  1  1  1  1  0  1  0  0  0  1  0  0  0  1  0  1  1  0  1  0  1  1  1  0  1  1  1 -428.75       1   0.075
112  1  1  1  0  1  1  1  1  0  0  0  1  0  1  0  0  1  0  1  0  0  0  0  0  1  0  1  1  0  0  1  1  0  1  0  0  0  1  1  1  -428.0       1     0.0
113  1  1  0  1  1  0  0  0  0  0  1  0  1  1  0  0  1  0  0  1  0  0  1  1  1  0  1  0  0  0  0  0  1  1  1  1  0  1  1  1  -428.0       1     0.0
114  1  1  0  1  0  1  1  0  0  1  1  1  0  1  0  0  0  0  0  0  1  1  0  1  1  0  1  0  0  0  0  1  0  1  0  1  0  1  1  1  -428.0       1     0.0
115  1  1  0  1  1  1  0  0  0  0  1  0  0  1  1  1  1  0  0  0  0  0  1  0  0  0  1  0  1  0  1  1  0  1  0  1  1  1  0  1  -428.0       1     0.0
116  1  0  1  0  0  1  0  1  1  1  1  1  1  1  0  0  1  0  0  1  0  0  0  1  1  0  1  1  0  0  1  0  1  1  0  0  0  0  1  0  -428.0       1     0.0
117  1  1  0  1  1  0  0  0  0  0  0  1  0  0  1  1  1  1  0  1  0  0  1  0  1  0  1  1  1  1  1  1  0  1  0  1  0  0  1  1  -428.0       1     0.0
118  1  1  0  1  1  0  0  1  0  1  0  0  1  1  1  1  1  1  0  0  0  1  1  0  1  0  1  1  0  0  0  1  0  1  1  0  1  1  0  0  -428.0       1     0.0
262  1  1  0  1  1  1  1  0  0  0  1  0  0  1  1  0  0  1  1  0  0  0  1  0  1  0  0  0  1  0  0  1  0  1  0  1  0  1  1  1  -428.0       1   0.025
317  1  1  0  1  1  0  0  1  0  0  1  1  0  1  1  1  0  0  1  0  0  1  1  0  0  0  1  1  1  0  0  0  0  1  0  1  1  0  0  1  -428.0       1   0.025
353  1  1  1  1  1  1  0  0  0  0  0  1  1  1  1  0  1  0  1  0  0  0  1  1  1  0  0  0  1  0  0  0  0  1  0  1  1  0  0  1  -428.0       1    0.05
364  1  1  0  0  1  0  1  0  1  0  1  0  0  1  1  1  0  0  1  0  1  0  1  0  1  0  1  0  0  0  0  1  1  1  1  1  1  1  0  1  -428.0       1    0.05
446  1  1  0  1  1  0  1  0  0  0  1  0  1  1  1  1  0  0  1  0  0  1  1  0  1  0  1  0  0  0  0  0  1  1  1  1  1  1  0  1  -428.0       1    0.05
452  1  1  0  1  1  0  0  0  0  0  1  1  0  0  1  1  0  0  1  0  0  1  1  1  1  0  0  0  1  0  0  0  0  1  1  1  1  1  0  1  -428.0       1   0.125
120  0  0  1  0  1  1  1  1  1  1  1  1  0  0  0  1  1  1  0  1  1  0  1  0  1  1  1  1  0  0  0  1  1  0  0  0  0  0  0  0 -427.75       1     0.0
121  0  1  0  1  1  0  0  0  1  0  0  1  1  1  1  1  1  0  0  1  1  1  1  0  1  0  0  0  0  0  0  1  0  1  0  1  0  1  1  1 -427.75       1     0.0
122  0  1  1  1  1  1  0  1  1  0  1  0  1  0  0  1  1  0  0  1  0  1  1  0  1  0  0  0  0  0  1  1  0  1  0  1  1  0  0  1 -427.75       1     0.0
123  1  1  0  0  0  1  0  0  0  0  1  1  0  0  0  1  1  1  1  0  0  0  1  1  1  0  1  0  1  0  0  0  1  1  1  1  0  0  0  1 -427.75       1     0.0
124  1  1  1  1  0  0  0  0  0  0  1  1  1  0  1  1  1  0  1  0  0  0  1  0  1  0  1  1  1  0  0  1  0  1  0  1  1  0  0  1 -427.75       1     0.0
125  1  1  1  1  1  1  0  0  1  0  1  0  1  1  1  1  1  0  0  0  0  0  0  0  1  0  1  0  0  0  1  0  1  1  0  1  1  0  0  1 -427.75       1     0.0
126  0  1  1  0  0  1  0  0  1  0  1  0  1  1  1  1  0  0  1  0  1  0  1  0  0  0  0  0  1  0  0  0  0  1  0  1  0  1  0  1 -427.75       1     0.0
259  1  1  0  1  1  1  0  0  1  1  1  0  0  1  1  1  0  0  1  0  0  0  1  0  1  0  0  0  1  0  1  1  0  1  0  1  0  1  0  1 -427.75       1   0.025
306  1  1  1  1  1  1  0  0  0  0  1  1  0  0  1  0  0  0  1  0  0  1  1  1  0  0  1  0  0  0  1  1  0  1  0  1  0  1  1  1 -427.75       1   0.025
311  1  1  0  1  1  0  0  0  0  0  0  1  0  1  1  0  0  1  1  0  0  0  1  1  1  0  0  0  1  0  0  1  0  1  1  1  1  1  1  1 -427.75       1    0.05
351  1  1  0  1  0  0  0  0  0  0  1  0  0  1  1  1  1  0  1  0  0  0  1  1  1  0  0  0  1  1  0  0  0  1  0  1  1  0  1  1 -427.75       1    0.05
373  1  1  0  1  1  0  0  0  0  0  1  0  0  1  1  0  1  1  0  0  0  0  1  0  1  0  1  0  1  0  1  0  0  1  1  1  1  1  1  1 -427.75       1    0.05
405  1  1  0  1  1  0  1  0  0  0  1  1  1  1  1  0  0  0  1  0  0  1  1  1  1  0  0  0  1  0  0  0  0  1  0  1  1  1  0  1 -427.75       1   0.075
422  1  1  0  1  1  0  0  0  0  0  1  0  0  0  1  1  1  0  0  1  0  0  1  0  1  0  1  0  0  0  1  0  0  1  0  1  1  1  1  1 -427.75       1   0.075
463  1  0  0  1  1  0  0  0  0  0  1  1  1  1  1  1  0  0  1  0  0  1  1  1  1  0  1  0  1  0  0  0  0  1  0  1  1  1  0  1 -427.75       1     0.1
497  1  1  1  1  1  1  0  0  1  0  1  1  0  1  1  1  0  0  0  0  1  0  1  0  0  0  1  0  1  0  0  0  0  1  1  1  0  1  0  1 -427.75       1    0.15
129  1  1  1  1  1  0  0  0  1  0  1  1  1  1  1  1  0  0  1  0  0  0  1  0  0  0  1  0  1  0  0  1  0  1  1  1  1  0  0  1  -427.0       1     0.0
130  1  0  0  1  1  0  0  0  1  0  1  1  0  0  1  1  0  0  0  0  0  0  1  0  0  0  1  1  1  0  0  1  1  1  0  1  1  1  1  1  -427.0       1     0.0
131  1  1  0  1  0  0  0  0  0  0  1  0  0  1  1  1  1  0  1  0  0  1  1  0  1  0  1  0  1  0  0  1  0  1  0  1  1  1  0  1  -427.0       1     0.0
132  1  1  1  1  0  0  1  0  1  0  0  1  0  1  0  1  1  0  0  1  0  0  1  1  1  0  0  1  0  0  1  1  0  1  0  1  0  0  1  0  -427.0       1     0.0
133  1  1  0  1  1  0  0  0  0  0  1  1  0  1  1  1  1  0  1  0  0  0  1  1  1  0  0  0  1  0  0  1  0  1  0  1  0  1  0  1  -427.0       1     0.0
134  0  0  1  0  1  1  1  1  1  1  1  0  1  0  0  1  1  1  0  1  0  0  1  0  0  1  1  1  0  1  0  0  1  0  0  1  0  0  0  0  -427.0       1     0.0
191  1  1  0  1  1  1  0  0  1  0  0  0  0  1  1  1  0  0  1  0  0  0  1  1  1  0  0  0  1  0  1  0  0  1  0  1  1  1  0  1  -427.0       1   0.025
298  0  1  0  1  1  0  1  1  0  1  1  1  0  0  1  1  1  0  1  0  0  0  1  1  1  0  0  0  1  0  0  1  0  1  0  1  1  1  0  1  -427.0       1   0.025
301  1  1  1  1  1  1  1  0  0  0  1  1  0  0  0  1  0  0  1  0  0  0  1  0  0  1  1  0  1  0  1  1  0  1  1  1  0  1  0  1  -427.0       1   0.025
337  1  1  0  1  1  1  1  0  1  0  0  0  0  1  1  0  0  0  0  0  0  0  1  0  1  0  1  1  0  0  0  1  0  1  0  1  0  1  0  1  -427.0       1   0.025
346  1  1  1  1  1  0  0  0  0  1  1  0  0  1  1  1  1  0  1  0  0  0  1  1  1  0  0  0  1  0  0  0  0  1  0  1  0  1  0  1  -427.0       1    0.05
349  1  1  1  1  1  0  0  0  0  0  1  1  1  1  1  1  0  0  0  0  0  0  1  0  1  0  1  1  1  0  0  0  0  1  0  1  1  0  0  1  -427.0       1    0.05
378  1  0  1  0  0  0  0  1  0  0  1  0  1  0  0  0  1  1  0  1  1  1  1  0  0  1  0  1  0  1  0  1  1  1  1  1  0  1  1  1  -427.0       1    0.05
418  1  1  0  1  1  1  0  0  0  0  1  1  0  1  1  0  1  0  0  0  0  0  1  0  1  0  1  0  1  0  1  1  0  1  0  1  0  1  0  1  -427.0       1    0.05
421  1  1  0  1  1  1  0  0  0  0  1  1  0  1  1  0  0  0  1  0  1  1  1  0  1  0  0  0  1  0  1  0  0  1  0  1  1  0  0  1  -427.0       1   0.075
426  1  1  1  1  1  0  0  0  1  0  1  0  0  1  1  0  1  0  0  0  0  0  1  0  1  0  1  0  1  0  0  0  1  1  0  1  1  0  1  1  -427.0       1   0.075
445  1  1  0  1  1  1  0  0  0  0  1  1  0  0  1  1  0  0  0  0  0  0  1  1  1  0  0  0  1  0  1  1  0  1  1  1  1  1  1  1  -427.0       1     0.1
479  0  0  1  0  0  1  1  1  1  1  1  0  0  0  0  0  0  1  0  1  0  1  0  0  0  1  0  1  0  1  1  0  1  1  1  0  0  1  0  0  -427.0       1     0.1
490  1  1  0  1  0  0  1  0  0  1  1  1  0  0  1  0  1  0  1  0  0  1  1  0  1  0  1  0  1  0  0  1  0  1  0  0  1  1  0  1  -427.0       1     0.1
496  1  1  0  0  1  0  0  0  0  0  1  1  0  1  1  1  1  0  1  0  0  0  1  1  1  0  0  0  1  0  0  1  0  1  0  1  0  1  1  1  -427.0       1   0.125
135  1  1  0  1  0  0  0  0  1  0  0  1  0  0  1  1  0  0  1  0  0  0  1  1  1  0  0  0  1  0  0  1  0  1  0  1  0  1  0  1 -426.75       1     0.0
136  0  1  0  0  1  0  0  1  0  0  1  1  1  0  1  1  0  0  1  0  0  1  1  0  0  1  1  0  0  0  1  1  1  1  0  0  1  1  1  1 -426.75       1     0.0
137  1  1  1  1  0  0  0  0  1  0  0  0  1  1  1  0  0  0  1  1  0  0  1  0  1  0  0  1  1  0  0  0  0  1  0  1  0  1  1  1 -426.75       1     0.0
138  1  1  0  1  0  1  1  0  0  0  1  1  0  0  0  1  0  0  1  1  0  0  1  0  1  0  1  0  1  1  0  1  0  0  1  1  1  1  0  1 -426.75       1     0.0
139  1  0  0  1  1  0  1  0  1  0  1  0  0  0  1  1  1  1  1  1  0  0  1  0  1  0  1  1  0  1  1  1  0  0  1  1  0  1  1  0 -426.75       1     0.0
140  1  1  1  1  0  1  0  0  1  1  0  0  0  1  1  1  0  0  0  1  0  0  1  0  1  0  0  1  0  1  1  0  0  1  0  1  0  1  1  1 -426.75       1     0.0
141  1  1  0  1  1  1  0  1  0  1  1  1  0  1  1  1  0  0  0  1  0  0  1  0  0  0  0  0  1  1  1  0  0  1  0  0  0  1  1  1 -426.75       1     0.0
142  1  0  0  0  1  0  1  1  1  1  1  1  0  1  0  0  1  1  0  0  0  1  1  0  1  0  1  1  0  0  0  0  0  1  0  0  0  1  1  0 -426.75       1     0.0
143  0  0  1  0  0  1  1  1  1  1  0  1  1  1  0  1  1  0  0  0  1  1  0  0  0  1  1  1  0  1  1  0  1  1  0  0  0  1  0  0 -426.75       1     0.0
144  1  1  0  0  0  1  0  0  1  0  0  1  1  0  0  0  1  0  1  1  0  0  0  0  1  1  1  1  0  0  1  1  1  0  0  1  0  1  1  0 -426.75       1     0.0
307  1  0  1  0  0  1  1  1  1  1  0  1  1  0  0  0  1  0  0  1  1  1  0  0  0  1  1  1  1  1  1  0  1  0  0  0  0  0  1  0 -426.75       1    0.05
316  1  1  0  1  1  1  0  0  0  0  1  0  0  1  1  1  0  0  0  1  0  0  1  0  0  0  1  0  1  0  1  1  0  1  0  1  0  1  0  1 -426.75       1   0.025
321  0  1  0  1  1  1  0  0  1  0  0  1  1  1  0  1  0  0  1  0  1  1  1  0  1  0  0  0  1  1  1  0  0  1  0  1  0  1  0  1 -426.75       1   0.025
335  1  1  0  0  1  0  0  0  0  0  1  1  0  0  1  0  0  0  1  0  0  1  1  0  1  1  1  1  1  0  0  1  0  1  0  1  0  1  0  1 -426.75       1   0.025
368  1  1  0  1  1  1  1  1  1  0  1  1  0  1  1  0  0  0  0  1  0  0  1  0  1  0  0  1  1  0  0  0  0  1  0  0  1  1  0  1 -426.75       1    0.05
147  1  1  0  1  1  1  1  0  0  0  0  0  0  0  1  1  1  1  1  0  0  0  1  0  1  0  1  0  1  0  1  1  0  1  1  1  1  0  0  1  -426.0       1     0.0
148  1  1  1  1  1  1  0  0  0  0  1  0  1  1  1  1  1  0  0  0  0  0  1  0  0  0  0  0  0  0  0  1  0  1  0  1  0  1  0  1  -426.0       1     0.0
149  1  1  1  1  1  0  0  0  0  0  1  1  0  0  1  1  1  0  0  1  1  0  1  1  1  0  0  0  0  0  0  1  0  1  0  1  0  1  0  1  -426.0       1     0.0
150  1  1  1  1  1  0  0  1  0  0  0  0  0  1  0  0  0  1  0  1  0  0  1  1  0  0  1  0  1  0  1  1  0  1  1  1  1  1  0  0  -426.0       1     0.0
151  1  1  1  0  0  0  0  0  1  0  1  1  1  0  0  1  0  1  1  0  0  0  0  1  0  0  1  1  0  1  1  1  1  0  0  1  0  0  1  1  -426.0       1     0.0
271  1  1  1  1  0  0  0  0  0  1  0  1  0  1  1  1  0  0  1  0  1  1  1  0  1  0  0  0  1  0  0  0  1  1  0  1  1  0  0  1  -426.0       1   0.025
290  1  1  0  1  0  1  0  0  1  0  1  1  0  1  1  1  0  1  0  0  0  0  1  0  1  0  0  0  1  0  1  0  0  1  0  1  0  1  1  1  -426.0       1   0.025
299  1  1  1  1  0  1  0  0  0  0  1  0  0  1  1  1  0  1  1  0  0  1  1  0  1  1  0  0  0  0  1  0  0  1  0  0  1  1  0  1  -426.0       1   0.025
312  1  1  1  1  1  1  0  0  0  0  1  0  0  1  0  1  0  0  1  1  0  0  1  1  1  0  0  0  0  0  1  1  0  1  0  1  0  1  0  1  -426.0       1   0.025
318  1  1  1  1  1  1  0  0  0  0  1  1  0  1  1  0  0  0  0  1  0  0  1  0  1  0  1  0  1  1  0  1  0  1  0  0  1  1  1  1  -426.0       1   0.025
324  1  1  1  1  1  1  0  0  0  0  0  0  0  1  1  1  0  0  0  0  0  1  1  0  1  0  1  0  1  0  1  1  0  1  0  1  1  0  0  1  -426.0       1   0.025
327  1  1  0  1  1  0  0  1  0  0  1  1  1  0  1  1  1  0  1  0  0  0  1  0  1  0  0  1  1  0  0  1  0  1  0  1  1  1  0  1  -426.0       1    0.05
360  1  1  0  0  1  0  0  1  0  0  1  1  0  1  1  0  1  0  0  1  1  0  1  0  0  0  1  1  1  0  1  0  0  1  0  1  0  1  0  1  -426.0       1   0.025
383  1  1  0  1  1  0  0  0  0  0  1  1  0  0  1  1  1  0  1  0  0  1  1  1  1  0  0  0  1  0  0  1  0  1  0  1  1  1  1  1  -426.0       1    0.05
385  1  1  1  1  1  0  0  1  0  0  1  1  0  1  0  0  1  0  1  0  0  0  1  0  0  0  1  0  0  0  0  0  0  1  0  1  1  1  0  1  -426.0       1    0.05
411  1  1  0  1  1  1  0  0  0  0  0  1  1  1  1  1  0  0  1  0  0  0  1  0  1  0  1  0  1  0  0  0  0  1  0  1  1  1  0  1  -426.0       1   0.075
414  0  1  1  1  0  0  0  1  1  1  0  0  1  1  0  0  1  1  1  1  0  1  0  0  0  1  1  0  0  1  1  1  0  1  0  0  0  0  1  0  -426.0       1    0.05
449  1  1  0  1  0  1  0  0  0  0  1  0  0  0  1  1  0  0  0  0  0  0  1  0  1  0  1  0  1  0  1  0  1  1  1  1  1  1  1  1  -426.0       1   0.075
453  1  1  0  1  1  0  0  0  0  0  0  0  1  1  1  1  0  0  1  0  0  0  1  0  1  0  1  1  1  0  0  0  0  1  0  1  1  1  1  1  -426.0       1     0.1
477  1  1  0  1  0  1  0  0  0  0  1  0  0  1  1  1  0  1  1  0  0  0  1  1  1  0  1  0  1  0  0  0  0  1  1  1  1  1  1  1  -426.0       1   0.125
152  1  1  0  1  1  1  0  1  0  0  0  0  0  1  1  0  1  0  1  1  0  0  1  0  1  0  0  0  1  0  1  1  0  1  0  1  0  1  1  1 -425.75       1     0.0
153  1  1  1  0  1  1  1  1  0  0  1  1  0  0  1  0  0  0  1  0  0  0  1  0  0  1  1  1  1  0  0  1  1  1  0  1  0  0  1  0 -425.75       1     0.0
154  1  1  1  1  1  0  0  1  1  1  1  1  1  0  1  1  1  0  0  1  0  0  1  1  1  0  0  0  1  0  0  0  0  1  0  1  0  0  1  1 -425.75       1     0.0
293  1  1  1  1  1  1  0  0  1  1  1  0  1  1  1  1  0  0  0  0  0  0  1  0  1  1  0  0  1  0  0  1  0  1  0  1  1  1  0  1 -425.75       1   0.025
309  1  1  0  1  1  1  0  0  1  0  1  1  0  1  1  0  1  0  0  0  0  1  1  1  1  0  1  0  0  0  0  0  0  1  0  1  0  1  1  1 -425.75       1   0.025
325  1  1  0  1  1  1  0  0  1  0  0  0  0  1  1  0  1  0  1  0  0  0  1  0  1  0  1  0  0  1  1  1  0  1  0  1  0  1  1  1 -425.75       1   0.025
345  0  1  1  0  1  1  1  1  0  0  0  1  0  0  1  1  1  1  0  1  1  1  0  0  0  1  0  1  0  1  1  0  0  1  0  0  0  0  0  0 -425.75       1   0.025
409  1  1  0  1  1  0  0  0  1  0  0  0  0  1  1  0  1  0  1  1  0  0  1  1  1  0  1  0  1  0  1  1  0  1  0  1  0  1  0  1 -425.75       1    0.05
484  1  1  0  1  1  1  0  0  1  0  1  1  0  1  0  0  1  1  0  1  0  0  1  0  1  0  1  0  1  0  1  1  0  1  0  1  0  0  0  1 -425.75       1   0.075
158  1  0  1  1  0  1  0  0  1  0  1  0  0  1  1  0  0  0  1  1  0  0  1  0  1  0  1  1  1  0  0  0  0  1  0  1  0  1  1  1  -425.0       1     0.0
159  1  1  1  1  1  1  0  0  0  0  0  0  0  0  0  0  1  1  0  1  0  0  0  0  1  0  0  0  1  0  1  0  1  1  0  1  0  1  1  1  -425.0       1     0.0
160  0  1  0  1  1  0  0  0  0  0  0  1  0  0  1  1  1  1  1  1  0  0  1  0  0  0  1  0  1  0  1  0  0  1  1  1  1  1  0  1  -425.0       1     0.0
161  1  1  0  1  1  0  0  0  1  1  0  1  0  0  1  1  1  0  0  1  0  0  1  1  1  0  0  0  1  0  0  0  0  1  0  1  1  1  0  1  -425.0       1     0.0
162  1  0  0  1  1  0  0  0  1  0  1  1  1  1  1  0  1  0  1  1  0  0  1  0  0  0  1  1  1  0  0  1  0  1  0  1  1  1  0  1  -425.0       1     0.0
163  1  0  0  0  1  1  0  1  1  1  1  0  1  0  0  1  1  0  0  1  1  0  1  0  0  1  0  0  1  1  1  1  1  1  0  0  0  0  1  1  -425.0       1     0.0
164  1  1  1  0  1  0  0  0  1  0  0  0  0  1  1  0  1  0  0  0  0  1  1  1  1  0  1  0  1  0  1  1  0  1  0  1  1  0  0  1  -425.0       1     0.0
165  0  1  0  1  0  1  0  0  0  1  1  0  0  1  1  1  1  1  0  1  0  0  1  0  1  0  0  1  1  1  1  0  0  1  0  0  0  1  0  1  -425.0       1     0.0
266  1  1  0  0  1  1  1  0  0  0  1  1  1  1  1  0  0  0  0  0  0  0  1  0  1  0  0  0  1  0  0  0  0  0  0  1  1  1  1  1  -425.0       1   0.025
270  1  1  0  0  1  1  0  0  0  0  1  1  0  1  1  0  0  0  0  1  0  0  1  0  1  0  1  0  1  1  0  0  0  1  0  1  1  1  1  1  -425.0       1   0.025
432  1  1  0  1  0  1  1  0  0  0  0  1  0  1  0  0  1  1  1  1  0  0  1  0  1  0  0  0  1  0  0  1  0  1  0  1  0  0  1  0  -425.0       1    0.05
439  1  1  0  1  1  1  0  0  0  0  0  0  0  0  1  0  1  0  1  0  0  0  1  1  1  0  0  0  1  0  1  0  0  1  0  1  0  1  1  1  -425.0       1   0.075
458  1  1  0  1  1  1  0  0  0  0  1  1  0  1  1  0  0  0  1  0  0  0  1  0  1  0  1  0  1  0  0  0  0  1  0  1  1  1  1  1  -425.0       1   0.125
491  1  1  0  1  1  1  0  0  0  0  1  0  0  1  1  1  0  0  1  0  1  1  1  0  0  1  1  0  1  1  0  0  0  1  0  1  1  1  0  1  -425.0       1     0.1
167  1  1  1  1  1  0  0  0  0  0  0  1  1  0  0  0  1  0  1  1  0  0  1  0  1  0  1  0  1  0  0  1  0  1  0  1  0  0  1  1 -424.75       1     0.0
168  1  1  0  1  1  1  0  0  0  1  0  0  0  1  0  1  1  0  1  0  0  0  0  0  1  1  1  0  1  0  1  1  0  1  1  1  0  1  0  1 -424.75       1     0.0
169  0  1  1  1  1  0  1  0  1  1  0  1  0  1  0  1  1  0  0  1  0  1  1  1  1  0  0  0  0  0  1  1  0  1  0  0  0  1  0  1 -424.75       1     0.0
170  1  1  0  1  1  0  0  0  0  0  1  1  0  1  0  0  1  0  1  0  0  1  0  0  0  0  1  1  0  0  1  1  0  1  1  0  1  1  0  1 -424.75       1     0.0
171  1  1  0  1  1  1  0  0  1  0  1  1  0  1  1  0  1  0  0  1  0  0  1  0  1  0  0  0  0  0  0  1  0  1  1  1  1  1  0  1 -424.75       1     0.0
172  1  1  0  0  1  1  0  1  0  0  0  1  1  0  0  0  1  0  0  1  1  1  0  0  0  1  1  1  1  0  1  0  0  0  1  0  0  0  1  1 -424.75       1     0.0
323  1  1  0  0  1  0  0  0  0  0  1  1  0  1  1  0  1  0  1  0  0  0  1  0  1  0  1  0  0  0  0  1  0  1  0  1  1  1  1  1 -424.75       1    0.05
333  1  1  1  1  1  0  0  1  0  1  1  1  1  1  0  1  1  0  1  1  0  0  1  0  1  0  1  0  1  0  0  0  0  1  0  1  0  0  0  0 -424.75       1   0.025
350  0  1  1  0  1  1  0  1  0  1  1  1  0  0  0  0  1  0  1  1  0  1  1  0  1  0  1  0  1  0  1  0  0  1  1  1  0  1  0  0 -424.75       1   0.025
359  1  1  1  1  1  0  0  0  0  0  0  1  0  0  1  1  1  0  1  0  0  0  1  1  1  0  1  0  1  0  0  1  0  1  0  1  0  1  1  1 -424.75       1    0.05
382  1  1  0  1  1  1  0  0  0  0  1  0  0  1  1  1  1  0  1  0  1  0  1  1  1  0  0  0  1  1  0  0  0  1  0  1  0  1  0  1 -424.75       1    0.05
412  1  1  1  1  1  1  0  1  0  0  1  1  0  0  1  1  0  0  1  0  0  0  0  0  1  0  0  0  1  0  1  1  0  1  0  1  0  1  1  1 -424.75       1    0.05
450  1  1  1  1  1  1  0  0  1  1  1  0  0  1  1  1  0  0  0  0  0  1  1  1  0  0  1  0  1  0  0  1  0  1  0  1  1  1  0  1 -424.75       1   0.075
460  1  1  0  1  1  1  0  0  0  0  1  1  0  1  1  0  0  0  1  0  0  0  1  0  1  0  1  1  1  0  0  0  0  1  0  1  1  1  1  1 -424.75       1     0.1
495  1  1  0  1  1  0  0  0  0  0  1  1  0  1  1  1  0  0  1  0  0  1  1  1  0  0  0  0  1  0  0  0  0  1  1  1  0  1  0  1 -424.75       1    0.15
173  1  1  0  0  1  0  1  0  0  0  1  0  1  1  1  1  0  0  1  0  0  0  1  0  1  0  1  0  0  1  0  0  0  1  0  1  0  1  0  1  -424.0       1     0.0
174  0  0  1  0  1  1  1  1  1  1  1  0  1  0  0  0  1  0  0  1  0  0  1  0  1  1  1  0  0  0  1  1  0  1  0  0  0  0  0  0  -424.0       1     0.0
356  1  1  0  1  1  0  0  0  0  0  1  1  0  0  1  1  1  0  0  1  0  0  1  1  1  0  1  0  1  0  0  0  0  1  0  1  0  1  1  1  -424.0       1    0.05
365  1  1  1  1  1  0  0  0  1  0  0  0  0  1  1  1  1  0  1  0  0  0  1  1  0  0  0  1  1  0  0  0  0  1  0  1  1  1  0  1  -424.0       1    0.05
369  1  1  0  1  1  0  1  0  0  0  1  0  0  1  1  1  1  0  1  1  0  0  1  0  1  0  1  0  0  0  1  1  0  1  0  1  1  1  0  1  -424.0       1   0.025
394  1  1  0  1  0  0  0  0  0  0  0  1  0  1  1  1  1  1  0  0  0  0  1  0  1  0  1  0  1  0  1  0  0  1  1  1  1  0  1  1  -424.0       1   0.025
410  1  1  0  1  1  1  0  0  0  0  1  1  1  1  1  1  1  0  0  0  0  0  1  0  1  0  1  0  1  1  0  1  0  1  0  1  0  1  0  1  -424.0       1    0.05
417  1  1  0  1  1  0  0  0  0  0  1  0  0  1  1  1  0  0  1  1  0  0  1  0  1  0  1  0  0  0  1  0  0  1  1  1  1  1  0  1  -424.0       1   0.075
176  1  1  0  1  1  0  1  1  0  0  0  0  1  1  1  0  1  0  1  0  1  0  1  0  1  0  1  0  0  1  0  0  1  1  0  1  0  0  1  1 -423.75       1     0.0
304  1  1  0  1  1  0  0  0  0  0  0  1  0  1  1  0  0  0  1  0  0  0  1  0  1  0  1  0  1  0  1  1  0  1  1  1  0  1  0  1 -423.75       1   0.025
342  1  1  1  1  1  1  0  0  0  0  1  1  0  1  1  1  0  0  1  0  1  0  1  1  1  0  0  0  1  0  0  0  0  1  0  1  0  0  1  1 -423.75       1    0.05
361  1  1  0  1  0  1  0  0  0  0  1  1  0  0  1  1  0  0  0  1  1  0  1  1  1  0  1  0  1  0  1  1  0  1  0  1  0  0  1  1 -423.75       1   0.025
367  1  1  0  1  1  0  0  0  1  1  0  1  0  1  1  1  1  0  1  1  0  0  1  0  0  0  0  1  1  0  0  1  0  1  0  1  0  1  0  1 -423.75       1   0.025
379  1  1  0  1  1  1  0  0  0  0  1  0  0  0  1  1  0  1  1  1  0  0  1  1  1  0  0  0  1  0  1  0  0  1  0  1  0  1  1  1 -423.75       1    0.05
396  0  0  1  0  0  1  1  1  1  1  0  1  1  0  0  1  1  1  0  1  0  1  0  0  0  1  1  1  0  0  1  1  0  0  0  0  0  1  0  0 -423.75       1   0.075
433  0  1  0  0  1  0  0  1  1  0  0  1  1  0  0  0  1  1  0  0  0  1  0  0  0  0  0  1  1  1  1  0  1  1  1  1  0  0  1  1 -423.75       1    0.05
494  1  1  0  1  1  0  0  0  0  0  1  1  0  0  1  1  0  0  0  0  0  1  1  1  1  0  0  0  1  0  0  0  0  1  0  1  1  1  1  1 -423.75       1     0.1
180  1  1  0  1  1  0  0  0  1  0  0  1  0  0  1  1  1  0  0  1  1  0  1  0  0  0  1  1  1  0  0  1  0  1  0  1  0  1  0  1  -423.0       1     0.0
181  0  1  1  0  0  1  0  1  1  1  0  1  1  0  0  1  1  0  0  1  1  0  0  0  1  0  1  1  0  1  1  1  1  0  0  1  0  0  1  1  -423.0       1     0.0
320  1  0  0  0  1  1  0  1  1  0  0  1  0  0  0  1  0  0  0  1  1  1  0  1  0  1  1  0  0  1  1  0  1  1  1  0  0  0  0  0  -423.0       1   0.025
322  1  1  1  1  1  0  0  0  0  0  1  1  0  1  0  0  1  1  0  0  0  1  1  1  1  0  1  0  1  0  0  0  0  1  0  1  1  0  1  0  -423.0       1   0.025
377  1  1  0  1  1  0  0  0  0  1  0  1  0  1  0  1  1  1  0  0  0  1  1  0  1  0  1  0  0  0  0  1  0  1  1  1  0  1  0  1  -423.0       1   0.025
389  1  1  0  1  1  0  0  0  0  0  1  1  0  1  1  0  1  0  1  0  0  0  1  1  1  0  1  0  1  0  0  1  0  1  0  1  1  1  1  1  -423.0       1    0.05
395  1  1  0  1  0  0  0  0  0  0  1  1  0  1  1  1  0  0  1  0  0  0  1  1  1  0  0  0  1  0  0  0  0  1  0  1  1  1  0  1  -423.0       1     0.1
425  1  1  0  1  1  0  0  0  0  0  1  1  0  1  1  1  1  0  0  0  0  1  1  1  1  0  0  1  1  0  0  0  0  1  0  1  0  1  0  1  -423.0       1   0.075
476  1  1  0  1  0  0  0  0  0  0  1  1  0  1  1  1  0  0  0  0  0  0  1  1  1  0  0  0  0  1  0  0  0  1  0  1  1  1  1  1  -423.0       1     0.1
486  1  1  0  1  1  0  0  0  0  0  1  1  0  1  1  0  0  0  1  1  0  0  1  0  1  0  0  0  1  0  0  1  0  1  1  1  1  1  0  1  -423.0       1    0.15
182  1  1  0  0  0  1  1  1  0  0  0  1  0  0  0  0  1  0  1  1  0  1  1  1  0  1  1  1  1  0  1  1  1  1  0  0  0  1  0  0 -422.75       1     0.0
183  1  0  1  1  1  0  1  0  0  0  1  1  1  1  1  1  0  1  1  0  0  1  1  0  0  0  1  0  0  0  0  1  0  1  0  1  0  1  0  1 -422.75       1     0.0
286  1  1  0  1  1  1  0  0  0  0  0  1  0  0  1  1  1  0  1  1  0  0  1  0  1  0  0  0  1  0  1  0  0  1  0  1  1  1  1  1 -422.75       1   0.025
315  1  1  0  1  1  0  0  0  0  0  0  1  0  0  1  0  0  0  1  0  0  1  1  0  1  1  0  0  1  0  0  1  1  1  0  1  1  0  1  1 -422.75       1   0.025
362  1  1  1  1  1  1  0  0  1  1  1  1  0  1  1  1  0  0  0  1  0  0  1  0  1  0  0  0  0  0  0  1  0  1  0  1  0  0  1  1 -422.75       1   0.025
391  1  1  0  1  1  0  0  0  0  0  1  1  1  1  1  1  0  0  1  1  0  0  1  0  1  0  0  0  1  1  0  0  0  1  0  1  0  1  1  1 -422.75       1    0.05
408  1  1  0  1  1  1  0  0  0  1  1  1  0  1  1  1  0  0  1  0  0  1  1  0  1  1  0  0  1  0  0  0  0  1  0  1  0  1  0  1 -422.75       1   0.075
415  1  1  0  1  1  0  0  0  0  0  1  0  0  1  1  1  0  0  1  0  0  1  1  0  1  0  1  0  1  0  0  0  0  1  1  1  1  1  1  1 -422.75       1     0.1
436  1  1  0  1  1  0  0  0  0  0  1  1  1  1  1  1  0  0  0  0  0  1  1  0  1  0  1  0  1  0  0  0  0  1  0  1  1  1  1  1 -422.75       1   0.075
441  1  1  0  1  1  0  1  0  0  0  1  1  0  0  1  1  0  0  0  0  0  1  1  1  1  0  1  0  1  0  0  0  0  1  0  1  0  1  0  1 -422.75       1   0.075
466  1  1  0  0  1  1  0  0  0  0  1  1  0  0  0  1  0  0  0  0  0  0  1  0  1  0  1  1  1  0  1  0  0  1  0  1  1  1  1  1 -422.75       1   0.075
310  1  1  0  1  1  0  0  0  1  1  0  1  0  1  1  0  0  0  1  0  0  0  1  0  1  0  0  0  1  0  1  1  0  1  0  1  1  1  0  1  -422.0       1   0.025
329  0  0  1  0  0  1  1  1  1  1  0  1  0  0  0  0  1  1  0  0  1  0  0  0  0  1  1  1  0  1  1  1  1  0  0  0  0  1  0  0  -422.0       1    0.05
348  1  1  0  1  1  0  1  0  0  0  0  1  0  1  0  1  1  1  0  0  0  0  1  0  1  0  1  0  0  0  1  0  0  1  0  1  1  1  1  1  -422.0       1   0.025
366  1  1  0  1  1  0  1  0  1  0  1  1  1  0  0  1  0  0  1  0  0  0  1  0  1  0  1  0  1  0  1  1  0  0  1  0  1  1  1  1  -422.0       1   0.025
375  1  1  1  1  1  0  1  0  0  0  1  1  0  1  1  1  1  0  0  0  0  0  1  0  1  0  0  0  1  1  0  1  0  1  0  1  0  1  1  1  -422.0       1   0.025
387  1  1  1  1  1  0  0  0  0  0  1  0  0  1  1  1  0  0  1  0  0  1  1  0  1  0  0  0  1  1  0  0  0  1  1  1  1  1  1  1  -422.0       1   0.075
392  1  1  0  1  1  0  1  0  0  1  0  1  1  0  0  1  0  1  1  0  0  0  1  0  1  0  1  1  0  0  1  1  0  1  0  1  0  0  0  1  -422.0       1   0.025
468  1  1  0  1  0  0  0  0  1  1  0  1  0  1  1  1  0  0  1  0  0  0  1  0  1  0  0  0  1  0  0  0  0  1  1  1  0  1  0  1  -422.0       1     0.1
492  1  1  0  1  1  0  0  0  0  0  0  1  0  1  1  1  1  0  0  0  0  0  1  1  1  0  1  1  1  0  1  0  0  1  0  1  0  1  0  1  -422.0       1     0.1
188  1  1  0  1  1  1  0  0  0  1  0  0  0  1  1  0  1  0  0  0  0  1  1  0  1  0  1  0  0  0  1  0  0  1  0  0  1  1  1  1 -421.75       1     0.0
291  1  1  0  1  1  0  0  0  0  0  0  1  0  1  1  0  0  1  1  0  0  0  1  1  1  0  0  0  1  0  1  1  0  1  0  1  1  1  1  1 -421.75       1   0.025
338  1  1  0  1  1  0  1  0  0  0  0  1  0  1  1  1  1  0  0  0  0  1  1  0  1  0  1  0  0  0  0  1  0  1  1  1  1  1  0  1 -421.75       1   0.025
352  1  1  1  1  1  0  0  0  0  1  0  1  0  0  1  1  0  0  1  0  0  1  1  0  1  0  1  0  1  0  1  0  0  1  0  1  1  1  0  1 -421.75       1   0.025
386  1  1  0  1  1  0  0  0  0  0  1  1  0  1  1  1  0  0  0  0  0  1  1  0  1  0  1  0  1  0  0  1  0  1  1  0  1  1  1  1 -421.75       1    0.05
390  1  1  0  1  1  0  0  0  0  0  1  1  0  0  1  1  0  0  1  0  0  1  1  0  1  0  1  0  0  0  0  0  0  1  0  1  1  1  1  1 -421.75       1   0.075
423  1  1  0  1  1  0  0  0  0  0  1  1  0  1  1  1  0  0  0  0  0  1  1  0  1  0  0  0  1  0  0  1  0  1  1  1  1  1  1  1 -421.75       1   0.075
455  1  1  0  1  1  0  0  0  1  0  1  0  0  1  1  1  0  0  0  1  0  0  1  1  1  0  1  0  0  0  1  0  0  1  0  1  0  1  0  1 -421.75       1   0.075
474  1  1  1  1  1  0  0  0  0  0  1  0  0  1  1  1  0  0  1  0  0  1  1  0  1  0  0  1  0  0  0  0  0  1  0  1  1  1  0  1 -421.75       1     0.1
194  1  1  0  1  1  0  0  0  0  0  1  1  0  0  1  1  0  0  0  1  0  1  1  0  1  0  1  0  0  1  1  1  0  1  1  1  0  1  1  1  -421.0       1     0.0
195  1  0  1  0  1  0  0  0  0  0  1  1  0  1  1  1  0  0  1  1  0  0  0  0  1  0  1  1  0  1  1  1  0  1  0  1  0  1  0  1  -421.0       1     0.0
196  1  1  1  1  1  0  0  0  0  0  0  0  0  1  1  1  0  1  1  1  0  0  0  0  0  0  1  1  0  1  0  1  1  1  0  0  1  1  0  1  -421.0       1     0.0
197  1  1  1  1  1  1  0  0  0  0  1  0  0  1  0  1  1  0  0  0  0  0  1  1  1  0  1  0  1  0  0  1  0  1  0  1  1  1  1  1  -421.0       1     0.0
198  1  1  1  1  1  0  0  0  0  0  1  0  0  1  1  1  1  0  1  0  0  0  0  1  1  0  0  0  1  0  0  0  0  1  0  1  1  1  1  1  -421.0       1     0.0
199  1  1  0  1  0  0  1  0  1  0  1  0  0  0  1  0  0  1  1  0  0  0  1  0  1  1  1  1  0  0  0  0  0  1  0  1  0  1  0  1  -421.0       1     0.0
237  1  1  0  1  1  0  0  0  0  0  1  0  0  1  1  1  0  0  1  0  0  0  1  0  1  0  1  0  0  0  1  0  0  1  0  1  1  1  0  1  -421.0       1   0.025
341  1  1  0  0  1  1  0  0  0  0  1  1  0  1  1  1  1  0  0  0  0  0  1  0  1  0  1  0  1  0  1  1  0  1  1  1  0  1  1  1  -421.0       1   0.025
343  1  1  0  1  1  0  0  0  0  0  1  0  0  1  1  1  0  0  1  0  0  0  1  1  1  0  1  0  0  0  0  0  0  1  1  1  0  1  0  1  -421.0       1    0.05
461  1  1  0  1  1  1  0  0  0  0  0  1  0  1  1  1  1  0  0  0  0  1  1  1  0  0  0  0  1  0  0  0  0  1  0  1  0  1  0  1  -421.0       1   0.075
478  1  1  0  1  1  1  0  0  1  0  1  1  0  0  1  0  0  1  1  1  0  0  1  0  1  0  1  0  0  0  1  0  1  1  0  1  0  1  1  1  -421.0       1   0.075
481  1  1  0  1  0  0  1  0  0  1  1  1  0  1  0  1  0  0  0  0  0  0  1  0  1  0  0  0  1  0  1  0  0  1  1  1  1  1  1  1  -421.0       1     0.1
485  1  1  0  1  1  0  0  0  1  0  0  0  0  1  1  1  1  0  1  0  0  0  1  1  1  0  1  1  1  0  0  0  0  1  0  0  1  1  0  1  -421.0       1     0.1
202  1  1  1  1  1  0  0  0  0  0  0  1  1  1  0  1  0  0  0  1  0  0  1  0  1  0  1  1  1  0  1  1  0  1  0  1  1  0  1  0 -420.75       1     0.0
300  1  1  0  1  1  0  0  0  0  0  1  1  0  1  1  1  1  0  0  0  0  0  1  0  1  0  1  0  1  0  1  1  0  1  0  1  1  1  0  1 -420.75       1   0.025
340  1  1  1  1  1  0  0  0  1  0  0  1  0  0  0  1  0  0  1  0  0  0  1  0  1  0  1  0  1  0  1  1  0  1  0  1  1  1  1  1 -420.75       1   0.025
447  1  1  0  1  1  0  0  0  0  0  1  0  0  1  1  1  0  0  1  0  0  0  1  1  1  0  0  1  1  0  0  0  0  1  0  1  1  1  0  1 -420.75       1     0.1
212  0  1  0  1  1  0  0  0  1  0  1  0  0  1  1  1  0  0  0  0  0  1  1  0  1  0  1  0  1  0  0  0  0  1  1  1  1  1  1  1  -420.0       1     0.0
214  1  0  0  0  1  1  0  1  1  1  0  0  1  0  0  0  1  0  0  1  1  0  1  1  0  1  1  1  0  0  0  1  1  0  1  0  0  0  0  0  -420.0       1     0.0
216  0  1  1  1  1  1  0  1  1  0  1  0  0  0  1  1  1  0  1  1  0  0  1  0  1  1  0  1  1  0  0  0  0  0  1  1  0  0  0  1 -419.75       1     0.0
217  1  1  1  1  0  1  0  0  0  0  0  1  0  1  1  0  0  1  1  1  0  0  1  0  0  0  1  0  0  1  0  1  0  1  0  1  1  1  1  1 -419.75       1     0.0
218  1  1  1  1  1  1  0  0  0  0  0  1  0  1  1  0  1  0  0  0  0  0  1  0  1  0  1  0  1  0  1  1  0  0  0  1  0  1  0  1 -419.75       1     0.0
220  1  1  0  1  1  0  1  0  1  0  1  0  0  1  1  1  1  1  0  0  0  0  1  0  1  0  1  0  1  0  0  1  0  1  1  1  0  1  1  1 -419.75       1     0.0
294  1  1  1  1  1  1  0  0  0  0  1  1  0  1  1  0  0  0  1  0  0  1  1  1  1  0  0  0  1  0  0  1  0  1  0  1  1  1  1  1 -419.75       1   0.025
393  1  1  1  1  1  0  0  0  0  0  1  1  0  1  1  1  1  0  0  0  0  0  1  1  1  0  1  0  0  0  0  0  0  1  0  1  1  1  1  1 -419.75       1    0.05
401  1  1  0  1  1  0  0  0  0  0  1  1  0  1  0  0  0  0  1  0  0  1  1  0  1  0  1  0  1  0  0  0  0  1  1  1  0  1  1  1 -419.75       1    0.05
454  1  1  0  1  1  0  0  0  0  0  1  1  0  1  1  1  0  0  1  0  0  0  1  1  1  0  0  1  1  0  1  0  0  1  0  1  0  1  1  1 -419.75       1     0.1
459  1  1  0  1  1  1  0  0  0  0  1  1  0  1  1  1  0  0  1  0  0  0  1  0  1  0  1  0  0  0  1  0  0  1  0  1  1  1  1  1 -419.75       1   0.075
493  1  1  0  1  1  0  0  0  0  0  1  1  0  1  1  1  0  0  1  0  0  0  1  1  1  0  0  0  0  0  0  0  0  1  0  1  1  1  1  1 -419.75       1    0.15
236  0  1  1  0  0  1  0  1  0  1  0  0  0  0  0  0  1  0  0  1  1  0  0  0  1  1  1  1  0  1  1  0  0  1  0  1  1  0  1  0  -419.0       1     0.0
469  1  1  1  1  1  0  0  0  0  0  1  1  0  0  0  0  0  0  1  0  0  1  1  0  1  0  1  0  1  0  0  0  0  1  0  1  1  0  1  1  -419.0       1   0.075
483  1  1  0  1  1  0  0  0  0  0  1  0  0  1  1  1  1  0  0  0  0  0  1  0  1  0  0  0  1  0  0  1  0  1  0  1  1  1  0  1  -419.0       1     0.1
489  1  1  0  1  1  0  0  0  1  1  0  0  0  1  1  1  1  0  0  0  1  0  1  0  1  0  0  1  0  0  0  0  0  1  0  1  0  1  0  1  -419.0       1   0.075
238  1  0  1  0  0  1  0  1  1  0  1  1  0  0  1  0  1  0  1  1  0  0  1  0  0  1  0  0  0  1  0  1  0  0  0  0  0  1  0  1 -418.75       1     0.0
331  1  1  1  1  1  0  0  0  0  0  1  1  0  1  1  1  1  0  0  0  0  0  1  0  1  0  1  0  1  0  0  1  0  1  0  1  0  1  1  1 -418.75       1   0.025
420  1  1  0  1  1  0  0  0  1  0  1  1  1  0  1  1  1  0  0  0  0  1  1  1  1  0  0  1  1  0  0  0  0  0  1  1  1  1  1  1 -418.75       1    0.05
427  1  1  0  1  1  0  0  0  1  1  1  1  0  1  1  1  1  0  0  0  0  0  1  0  1  0  1  0  1  0  1  0  0  1  0  1  1  0  0  1 -418.75       1    0.05
437  1  1  0  1  1  1  1  0  1  0  1  0  0  1  1  1  1  0  0  0  0  1  1  0  1  0  0  0  1  1  0  0  0  1  0  1  1  1  1  1 -418.75       1    0.05
442  1  1  1  1  1  0  0  0  0  1  0  1  0  1  1  0  1  0  0  1  1  0  1  0  1  0  0  0  1  0  0  0  0  1  1  1  1  1  0  1 -418.75       1    0.05
456  1  1  0  1  1  1  0  1  0  1  1  0  0  1  1  1  1  0  0  0  0  0  1  0  1  0  1  0  1  0  0  1  0  1  0  1  1  1  1  1 -418.75       1   0.075
464  1  1  0  1  1  0  0  0  0  0  1  1  0  1  0  1  0  0  1  0  1  0  1  1  1  0  0  0  1  0  0  0  0  1  0  1  1  1  0  1 -418.75       1   0.125
472  1  1  1  1  1  1  0  0  0  0  1  0  0  1  1  1  1  0  0  0  0  0  1  0  1  0  1  0  1  0  0  0  1  1  0  1  0  0  0  1 -418.75       1   0.075
480  1  1  0  1  1  1  0  0  0  0  1  1  0  1  1  1  1  0  0  1  0  0  1  0  1  0  0  0  1  0  0  0  0  1  0  1  1  1  1  1 -418.75       1     0.1
473  1  1  0  1  1  0  0  0  1  0  1  1  0  1  1  1  0  0  1  0  0  0  1  0  1  0  0  0  1  1  0  0  0  1  1  1  1  1  1  1  -418.0       1   0.125
487  1  1  0  1  1  0  0  0  0  0  1  1  0  1  1  1  1  0  0  1  0  0  1  1  0  0  1  1  1  0  0  0  0  1  0  1  1  1  1  1  -418.0       1   0.125
245  1  1  1  1  1  0  0  0  1  0  1  1  0  1  1  1  1  1  0  0  0  0  1  0  1  0  0  0  1  0  0  1  0  0  0  1  1  1  0  1 -417.75       1     0.0
444  1  1  1  0  1  0  0  1  0  0  0  1  0  0  1  0  0  0  1  1  0  0  1  0  1  0  1  0  1  0  1  0  0  1  0  1  1  1  0  1 -417.75       1    0.05
482  1  1  1  1  1  0  0  0  1  0  1  0  0  1  1  1  0  1  0  0  0  0  0  1  1  0  1  0  1  0  0  0  0  1  0  1  0  1  0  1 -417.75       1   0.075
249  0  1  1  1  1  0  0  0  1  0  0  0  0  1  0  0  1  0  0  1  1  1  0  0  1  1  1  1  1  1  0  1  0  1  0  1  0  1  0  0  -417.0       1     0.0
250  1  1  1  1  1  1  0  0  1  0  1  1  0  1  1  1  1  0  1  0  0  0  0  0  0  0  1  0  0  1  1  0  1  1  0  1  0  1  0  1  -417.0       1     0.0
336  1  1  1  1  1  1  1  0  0  0  0  1  0  1  1  1  0  0  1  0  0  0  1  0  0  0  0  0  1  1  1  1  0  1  0  1  0  1  1  1  -417.0       1   0.025
355  1  1  1  1  1  0  0  0  0  0  1  0  0  1  0  1  0  0  0  0  0  0  1  0  1  0  0  1  1  0  1  1  0  1  0  1  1  1  1  1  -417.0       1   0.025
429  1  1  0  1  1  0  0  0  0  0  1  1  0  1  1  1  0  1  1  1  0  0  1  1  1  0  0  0  1  0  1  0  0  1  1  1  0  0  1  1  -417.0       1   0.075
471  1  1  1  1  1  0  0  0  0  0  1  1  0  0  1  0  0  0  0  1  0  0  1  0  1  0  1  0  1  0  1  0  0  1  0  1  0  1  0  1  -417.0       1   0.075
252  1  1  0  1  1  0  0  0  1  0  1  1  0  1  0  0  0  0  0  1  0  1  1  1  1  0  0  0  1  0  0  1  1  1  0  1  0  1  1  1 -416.75       1     0.0
253  1  1  1  1  1  0  1  0  0  0  1  1  1  1  0  1  0  0  1  1  1  0  1  1  1  0  1  0  0  1  0  1  0  1  0  0  0  1  0  1 -416.75       1     0.0
440  0  1  0  1  1  0  0  0  0  0  1  1  0  1  1  1  0  0  1  0  0  1  1  0  1  0  1  0  1  0  0  0  0  1  0  0  1  1  1  1 -416.75       1   0.075
488  1  1  0  1  1  1  0  0  1  1  0  1  0  1  1  1  0  0  0  0  0  0  1  0  1  0  1  0  0  0  1  0  0  1  0  1  1  1  1  1 -415.75       1   0.075
272  0  1  1  0  0  1  0  0  1  0  1  1  1  1  1  1  1  0  1  0  1  0  0  0  0  1  1  1  1  0  1  0  1  1  0  0  0  1  0  1  -415.0       1     0.0
397  1  1  0  1  1  0  1  0  0  0  1  0  0  1  1  0  0  0  0  0  0  0  1  1  1  0  0  1  1  0  1  0  0  1  0  1  1  0  0  1  -415.0       1   0.025
498  1  1  0  1  1  1  0  0  0  0  0  1  0  1  0  1  0  0  1  1  0  0  1  0  1  0  1  1  1  0  0  1  0  1  1  1  1  1  0  1  -415.0       1   0.175
282  0  1  0  1  0  1  0  0  1  1  1  0  0  1  0  1  1  1  0  0  1  1  1  0  0  0  0  0  1  0  1  0  0  1  0  1  0  0  0  1  -414.0       1     0.0
297  0  1  1  1  1  0  0  0  1  0  1  1  0  0  1  1  1  0  0  1  1  0  0  0  0  0  0  0  0  0  1  0  0  1  0  1  0  0  1  1 -412.75       1     0.0
465  1  1  0  1  1  0  0  0  0  0  1  1  0  1  1  1  1  1  0  0  0  0  1  0  1  0  1  1  1  0  1  0  0  1  1  1  1  1  0  1 -409.75       1    0.05
428  1  1  1  1  1  0  0  1  1  1  0  1  1  1  1  1  0  0  1  0  0  1  1  0  1  0  1  0  1  0  1  0  0  1  1  0  1  1  0  1 -401.75       1   0.025
['BINARY', 500 rows, 500 samples, 40 variables]Valid partition found with 56 cut edges
Solution:  [1, 1, 0, 1, 1, 1, 0, 0, 0, 0, 1, 0, 0, 0, 0, 0, 1, 1, 1, 0, 0, 0, 1, 1, 0, 0, 1, 0, 0, 0, 1, 1, 0, 1, 1, 1, 0, 1, 1, 1]