--------------- DW_2000Q_6 ---------------
  0  1  2  3  4  5  6  7  8  9 10 11 12 13 14 15 16 17 18 19 20 21 22 23 24 25 26 27 28 29 30 31 32 33 34 35 36 37 38 39 40 41 42 43 44 45 46 47 48 49  energy num_oc. chain_.
0    1  0  0  0  1  0  1  0  0  0  0  1  0  0  1  1  0  1  0  1  0  0  1  0  1  1  1  0  1  1  0  0  1  1  0  1  0  0  0  1  1  1  1  0  0  0  1  1  1  1 -506.25       1     0.0
67   0  1  1  0  0  1  0  0  1  1  0  0  0  1  0  0  1  0  1  0  0  0  0  0  1  0  1  0  1  0  1  1  1  1  1  1  1  1  0  0  0  1  1  1  1  0  1  1  0  0 -505.25       1    0.02
82   1  1  0  1  1  0  1  1  0  0  1  1  1  0  1  0  0  0  0  1  1  1  1  1  1  1  0  1  0  1  0  0  0  0  0  0  0  0  1  1  0  1  0  1  0  0  1  0  0  0  -504.0       1    0.02
1    1  0  0  1  0  1  0  1  0  1  1  1  1  0  0  0  0  1  1  0  1  0  1  1  1  1  0  1  0  1  1  1  0  1  0  0  0  1  1  0  0  0  0  1  0  1  0  1  0  0 -502.25       1     0.0
2    1  1  0  1  1  0  0  1  0  1  1  1  0  1  1  1  0  0  1  0  0  1  1  1  1  1  0  1  0  1  1  1  0  1  0  0  0  0  1  1  0  0  1  0  0  1  0  0  0  0  -502.0       1     0.0
103  0  1  1  1  0  0  1  1  0  0  1  1  1  0  1  1  0  1  0  0  0  0  1  0  0  1  0  0  0  1  0  0  0  1  0  0  0  0  1  1  1  1  0  1  1  1  1  0  1  0  -502.0       1    0.02
3    0  1  1  1  1  1  1  1  0  1  1  1  0  1  1  1  0  0  0  0  0  0  0  0  1  1  1  1  0  1  1  0  0  1  0  1  0  0  0  1  0  1  0  0  0  0  0  0  1  1 -501.25       1     0.0
83   0  0  1  1  0  1  1  1  0  0  1  1  1  0  1  0  0  0  0  0  0  1  1  1  1  0  0  0  0  1  1  1  0  1  0  1  1  0  1  0  0  0  0  1  0  1  1  0  0  1  -500.0       1    0.02
4    0  1  1  0  1  1  0  0  1  1  0  1  0  0  0  0  1  0  1  0  0  0  0  0  1  0  1  1  1  1  1  1  1  1  1  1  1  0  0  0  1  1  1  0  1  0  0  1  1  0 -499.25       1     0.0
183  0  0  1  0  0  0  1  0  1  1  1  1  0  0  1  1  0  0  1  1  0  0  1  0  1  1  0  1  1  1  0  0  0  1  0  0  1  0  0  1  1  1  1  0  0  0  0  1  1  1 -499.25       1    0.02
272  1  1  0  1  1  0  0  1  0  1  1  1  0  1  1  0  0  0  0  0  1  0  1  1  0  1  1  1  0  1  1  1  1  0  0  0  0  0  1  1  0  1  0  0  0  0  0  1  1  0 -499.25       1    0.04
5    1  0  1  1  1  0  0  1  1  0  1  1  0  0  1  1  0  1  0  1  1  0  1  0  1  1  0  0  0  1  0  0  1  0  0  1  0  0  0  1  0  1  0  1  0  0  1  1  1  1  -499.0       1     0.0
310  0  0  1  0  0  1  1  0  1  0  0  0  0  0  1  0  0  1  1  0  0  0  0  1  1  0  0  1  1  1  0  1  0  1  1  1  1  0  0  0  1  0  1  1  0  1  0  1  1  1  -499.0       1    0.04
6    0  0  0  0  0  0  1  0  1  0  1  1  0  0  1  1  0  1  1  0  0  0  1  1  0  0  0  1  1  1  1  0  0  1  0  1  0  0  0  1  0  1  0  1  1  1  1  0  1  0 -498.25       1     0.0
275  0  1  1  0  1  1  0  0  1  0  0  1  1  0  0  0  1  1  1  0  0  0  0  0  1  0  1  0  1  1  1  1  0  1  1  0  1  0  0  0  1  1  0  1  1  0  0  1  1  0 -498.25       1    0.04
7    1  1  1  1  1  0  0  1  0  0  0  1  0  0  1  0  0  1  0  1  1  1  1  1  1  1  0  1  0  1  0  0  1  0  0  1  0  0  0  1  0  1  1  0  0  0  1  1  1  0  -498.0       1     0.0
104  0  1  1  1  0  0  0  1  0  0  1  1  1  0  1  0  0  1  0  0  1  1  1  1  0  0  0  1  0  1  0  0  0  1  0  0  1  0  1  1  0  1  0  1  1  1  1  0  1  0 -497.25       1    0.02
187  1  0  0  0  0  1  1  1  0  0  1  1  1  0  1  0  1  0  1  0  1  1  1  1  0  0  0  1  0  1  1  0  0  1  0  0  1  0  1  0  0  1  0  1  1  1  1  0  0  0 -497.25       1    0.02
8    0  0  0  0  0  1  1  1  0  0  1  1  1  0  1  0  0  0  0  0  0  1  1  1  1  0  0  1  0  1  1  1  0  1  0  1  1  1  1  0  1  0  0  1  1  1  1  0  1  0  -497.0       1     0.0
9    0  0  1  1  0  1  0  0  1  0  0  0  1  0  0  0  1  1  1  0  0  0  1  0  1  0  0  1  1  1  0  1  0  1  0  0  1  0  0  0  1  1  0  1  1  1  1  1  1  0  -497.0       1     0.0
10   1  0  1  0  0  0  0  1  0  1  0  1  0  0  1  0  0  1  1  0  0  0  1  1  1  0  0  1  0  1  1  1  0  1  0  0  1  0  0  0  1  0  1  1  1  1  0  1  1  0  -497.0       1     0.0
11   0  1  0  0  0  1  1  0  1  1  0  0  0  0  0  0  1  1  1  0  0  0  0  0  1  0  1  0  1  1  0  1  1  0  1  0  1  1  0  0  1  0  1  1  1  1  0  1  1  0  -497.0       1     0.0
159  1  0  1  1  0  0  1  1  0  1  1  1  1  0  1  0  0  1  0  0  0  0  1  1  0  0  0  0  0  1  1  0  0  1  0  0  1  0  0  1  0  1  0  1  1  1  1  0  1  0  -497.0       1    0.02
193  1  0  0  1  0  0  0  1  1  1  1  1  0  1  0  0  0  0  1  0  1  1  1  1  0  0  0  1  0  1  1  1  0  0  0  0  1  0  1  0  0  1  0  1  1  1  0  1  0  0  -497.0       1    0.02
12   0  0  1  0  1  1  1  1  0  0  1  1  1  0  1  0  0  1  0  0  0  0  1  1  1  0  0  1  0  1  1  0  0  1  0  1  0  0  0  1  0  0  0  1  1  1  1  1  1  0 -496.25       1     0.0
13   1  0  1  0  0  0  0  0  1  1  0  0  0  0  0  1  1  1  1  0  0  0  0  0  0  1  1  1  1  0  0  1  1  0  1  0  1  0  1  1  1  1  1  1  1  0  0  1  1  0 -496.25       1     0.0
14   1  0  0  1  1  0  0  1  0  0  1  1  1  0  1  0  0  1  0  0  1  0  1  1  0  1  0  1  0  1  0  0  0  1  0  0  0  0  1  0  0  1  0  1  1  1  0  1  1  0 -496.25       1     0.0
15   0  0  0  0  0  0  0  0  1  0  0  1  0  0  0  1  1  1  1  0  0  0  1  0  1  0  0  0  1  1  0  1  0  1  1  1  1  0  0  1  1  1  1  1  1  1  1  1  1  0 -496.25       1     0.0
314  0  1  1  0  0  0  0  0  0  1  0  0  0  0  1  1  0  1  1  1  1  0  0  0  1  1  0  1  1  1  0  1  0  1  0  1  0  1  0  1  0  1  1  0  0  0  1  1  1  1 -496.25       1    0.04
16   0  0  1  0  1  0  0  0  1  1  0  1  0  0  1  1  0  1  1  0  0  0  0  0  1  0  0  1  1  1  0  1  0  1  1  0  0  0  1  0  1  1  1  1  1  1  0  1  1  1  -496.0       1     0.0
17   1  1  0  1  1  1  0  1  0  1  1  0  0  1  1  0  0  0  0  0  1  1  0  1  0  1  0  1  0  1  1  1  0  1  0  0  1  1  1  1  0  0  0  1  0  1  1  0  0  0  -496.0       1     0.0
18   1  1  1  1  1  1  0  0  0  1  0  0  0  0  1  0  0  1  0  1  0  0  0  0  1  1  1  1  1  1  0  0  0  1  0  1  0  0  0  1  1  0  1  1  0  1  0  1  1  0 -495.25       1     0.0
118  1  0  0  0  0  0  0  1  0  1  1  1  0  1  1  0  0  1  0  0  0  0  1  1  1  0  1  1  0  1  1  1  0  1  0  0  1  1  1  1  0  0  1  1  0  1  0  1  0  0 -495.25       1    0.02
179  0  1  1  0  1  1  1  0  1  1  0  1  0  0  0  0  0  0  1  1  0  0  1  0  1  0  1  1  1  0  0  1  0  1  1  1  1  1  0  0  1  1  1  0  0  0  0  1  1  1 -495.25       1    0.02
185  0  0  0  1  0  1  0  1  0  0  1  0  0  1  0  1  1  1  1  0  0  0  0  0  1  0  0  1  1  1  0  1  0  1  0  0  1  0  1  1  1  1  0  1  0  1  1  1  1  0 -495.25       1    0.02
19   1  1  1  0  0  0  0  1  0  1  1  0  0  1  0  0  0  1  1  0  0  0  1  1  1  0  0  1  0  1  1  1  0  1  0  0  1  1  1  0  1  0  1  1  1  1  0  1  0  0  -495.0       1     0.0
20   1  1  1  0  0  1  1  0  0  1  1  1  1  0  1  0  0  0  0  0  0  0  1  0  1  1  1  1  1  0  1  0  0  1  0  1  0  1  0  1  0  1  1  1  0  0  0  1  1  0  -495.0       1     0.0
21   1  1  1  0  1  1  1  0  0  0  0  1  0  0  1  1  0  0  0  1  0  0  1  1  1  1  1  1  0  0  1  1  0  1  0  1  0  0  0  0  1  1  1  0  0  0  1  1  0  1  -495.0       1     0.0
22   0  1  0  0  0  0  1  1  1  0  1  1  1  0  0  0  1  0  1  0  0  0  1  1  1  0  0  0  1  1  0  0  0  1  1  0  1  0  0  0  1  0  1  1  1  0  0  1  1  1  -495.0       1     0.0
195  1  0  0  0  0  0  1  1  1  0  1  0  0  0  1  0  0  1  1  1  1  1  1  1  1  0  0  1  0  1  1  1  1  1  0  0  1  0  0  0  0  1  0  1  1  1  1  0  0  0  -495.0       1    0.02
277  1  1  0  1  0  0  0  1  0  1  1  0  0  0  0  1  0  1  1  0  1  1  0  1  0  1  0  1  0  1  1  1  0  0  0  0  0  0  1  1  0  0  0  1  1  1  1  0  1  0  -495.0       1    0.04
431  0  0  1  0  0  0  0  1  1  1  0  1  0  0  1  0  1  1  1  0  1  0  0  0  1  0  0  0  1  1  1  1  0  1  1  0  1  0  0  0  1  0  1  1  1  1  1  1  1  0  -495.0       1    0.04
455  0  0  1  0  0  1  1  0  0  1  0  1  0  0  0  0  1  0  1  1  0  0  0  0  1  0  1  0  1  1  0  1  0  1  1  1  1  0  0  1  1  0  1  1  0  0  0  1  1  1  -495.0       1    0.08
23   1  1  1  0  1  1  0  0  0  1  0  0  0  0  1  0  1  1  1  1  0  0  0  1  1  0  0  0  1  1  1  0  1  1  0  0  0  0  0  0  1  0  1  1  1  0  1  1  1  0 -494.25       1     0.0
24   1  1  0  0  1  0  1  1  0  0  1  1  0  0  1  1  0  1  1  0  1  0  1  1  1  0  0  1  0  1  1  0  0  1  0  0  0  0  1  0  0  1  0  0  0  1  1  0  0  0 -494.25       1     0.0
25   0  0  0  0  0  0  1  0  1  0  1  1  1  0  1  0  1  1  1  1  1  0  1  1  1  0  0  0  1  1  0  0  0  1  1  0  1  1  0  0  1  0  1  1  0  1  0  0  0  1 -494.25       1     0.0
173  0  1  1  0  1  0  1  0  0  0  0  0  0  0  1  1  1  0  0  1  0  0  1  1  1  0  1  0  1  0  1  0  1  1  0  1  1  1  0  0  1  0  1  0  0  1  1  0  1  1 -494.25       1    0.02
26   0  0  1  0  0  0  0  0  0  0  1  1  0  0  1  0  0  1  0  0  0  0  1  1  1  0  0  1  1  1  1  0  0  1  0  1  0  0  1  1  1  1  0  1  1  1  1  1  1  0  -494.0       1     0.0
27   0  0  0  0  0  1  1  0  1  1  0  0  0  0  0  1  0  1  1  0  0  0  1  1  1  0  1  1  1  1  0  1  0  1  0  1  0  1  0  1  0  0  1  1  0  1  1  1  0  0  -494.0       1     0.0
28   1  0  1  0  0  0  1  0  0  1  0  1  0  0  1  0  0  0  1  0  0  0  1  1  1  1  1  1  0  1  1  0  0  1  0  0  0  1  0  1  0  1  1  0  0  1  0  1  1  1  -494.0       1     0.0
29   0  1  1  1  0  0  0  1  0  0  1  1  0  0  1  0  0  1  0  1  0  0  0  1  1  0  0  0  1  1  1  1  1  1  0  0  1  0  0  1  0  0  0  1  1  1  1  0  1  0  -494.0       1     0.0
30   0  0  1  1  1  0  1  1  0  0  1  0  0  0  1  1  0  1  0  0  1  0  1  1  1  1  0  0  0  1  0  0  0  1  1  0  0  0  0  1  0  1  0  1  0  1  1  0  1  1  -494.0       1     0.0
31   0  1  0  0  0  0  0  0  1  0  1  0  0  0  1  1  1  1  1  1  1  0  1  1  1  0  0  0  1  1  1  0  0  1  0  0  1  0  0  0  1  0  1  1  1  0  1  1  1  1  -494.0       1     0.0
126  1  1  0  1  1  0  0  1  0  0  1  1  0  0  0  1  0  1  0  0  0  1  1  0  0  1  0  1  0  1  1  1  0  1  0  0  0  0  1  1  0  1  0  1  1  1  1  0  0  0  -494.0       1    0.02
198  0  0  0  1  0  1  1  1  0  0  1  1  0  0  1  1  0  1  0  0  0  1  1  1  1  1  0  1  0  1  0  0  0  0  0  0  1  0  1  0  1  0  1  1  0  1  1  0  1  0  -494.0       1    0.02
32   0  0  1  0  0  1  1  1  0  0  1  1  0  0  1  0  0  1  0  1  0  0  1  1  1  0  0  1  0  1  0  1  0  1  0  0  1  0  0  0  1  0  1  1  1  1  1  1  1  0 -493.25       1     0.0
33   0  0  1  1  0  0  0  0  0  0  1  1  1  0  0  1  0  1  0  0  0  0  1  1  0  1  0  1  0  1  0  0  0  0  0  0  1  0  1  1  1  0  1  1  1  1  1  0  1  1 -493.25       1     0.0
34   1  0  1  0  1  0  0  0  1  1  0  1  0  0  0  0  0  1  1  1  0  0  1  0  1  1  0  1  1  1  0  0  0  1  0  0  0  0  0  1  1  1  1  1  1  1  0  1  1  0 -493.25       1     0.0
35   1  1  1  1  1  0  0  1  1  0  0  0  0  1  1  1  0  1  0  1  1  0  0  0  1  1  0  0  1  1  1  1  0  1  0  1  0  0  0  1  0  1  0  0  0  1  0  0  1  0 -493.25       1     0.0
36   1  0  1  1  1  0  1  0  0  1  0  0  0  0  0  1  0  1  0  1  0  1  1  0  0  1  1  1  0  0  1  0  1  0  0  1  0  0  1  1  1  1  0  0  1  1  1  0  1  0 -493.25       1     0.0
160  0  0  1  0  0  1  1  0  1  1  0  0  0  0  0  0  1  0  1  0  0  0  1  0  1  0  0  1  1  1  1  1  1  1  0  1  1  0  0  1  1  1  1  1  1  1  1  0  1  0 -493.25       1    0.02
180  0  1  1  0  1  1  0  0  1  0  0  0  0  0  0  0  1  1  1  1  0  0  0  0  1  1  1  0  1  1  0  1  1  1  1  1  1  0  0  0  1  0  1  1  1  0  1  0  1  1 -493.25       1    0.02
197  0  1  1  0  1  1  0  0  0  0  0  1  0  0  1  0  0  0  1  1  1  0  1  0  1  1  1  1  0  0  1  0  0  1  0  1  0  1  0  1  0  1  1  0  0  0  1  1  1  1 -493.25       1    0.02
37   0  1  1  0  0  1  1  0  1  1  1  0  0  0  1  0  0  0  1  1  0  0  1  0  1  1  0  1  1  1  0  1  0  1  0  0  1  0  0  0  1  1  0  1  1  0  0  0  1  0  -493.0       1     0.0
38   1  0  0  0  0  0  1  1  0  0  1  1  0  1  1  1  1  0  1  0  0  1  1  1  1  1  1  0  0  0  1  0  0  1  1  1  1  1  1  0  1  0  1  0  0  1  0  1  0  1  -493.0       1     0.0
39   0  1  1  1  0  0  0  1  0  1  1  0  0  0  1  1  1  1  1  0  1  0  0  0  1  0  0  0  1  1  1  1  1  0  0  0  1  0  0  1  0  1  1  0  1  1  1  0  1  0  -493.0       1     0.0
40   0  0  0  0  0  1  1  0  1  1  0  0  1  0  1  0  1  0  1  0  0  0  0  1  1  0  1  1  1  0  0  1  0  1  1  1  1  1  0  0  1  0  1  1  0  1  0  1  1  1  -493.0       1     0.0
41   0  1  1  0  1  0  1  0  1  0  1  1  0  0  1  1  0  0  0  1  0  0  1  0  1  1  1  0  0  1  0  0  1  1  0  0  0  0  0  0  0  1  1  0  1  1  0  1  1  1  -493.0       1     0.0
113  1  1  1  0  0  0  0  1  0  0  1  1  1  0  1  0  0  1  0  0  1  1  1  1  0  1  0  1  0  1  1  0  0  1  0  0  0  0  1  0  0  1  0  0  1  1  1  0  1  0  -493.0       1    0.02
306  0  0  1  0  0  1  0  0  1  1  0  0  0  0  0  0  1  1  1  1  0  0  1  0  1  0  0  1  0  0  1  1  1  1  1  1  1  1  0  0  1  0  1  1  1  1  0  1  1  0  -493.0       1    0.04
345  1  1  1  0  0  1  0  0  1  1  0  0  0  0  0  0  1  1  1  0  0  0  0  0  1  0  1  0  1  1  0  0  1  0  1  1  1  0  0  1  1  1  1  1  1  0  1  1  1  0  -493.0       1    0.04
42   0  1  1  1  1  1  0  1  0  0  1  1  1  0  1  0  1  1  0  0  1  1  1  0  1  1  0  0  0  1  0  0  0  1  0  0  1  0  0  0  1  0  1  1  1  0  1  0  1  1 -492.25       1     0.0
226  0  0  0  1  0  0  1  1  1  0  1  0  0  0  1  0  0  1  1  1  1  0  1  1  1  0  0  1  1  1  1  1  0  1  0  1  1  0  0  0  1  0  0  1  0  1  1  0  0  0 -492.25       1    0.02
350  1  0  1  0  0  0  1  1  0  0  0  0  0  0  1  1  0  1  1  0  0  0  1  1  1  1  0  1  0  1  1  0  0  1  0  0  0  0  0  1  1  1  1  1  0  1  0  0  1  0 -492.25       1    0.04
43   1  1  0  1  1  0  1  1  0  0  1  0  0  1  0  1  0  1  0  0  0  0  0  1  0  1  1  0  0  1  1  1  1  0  0  1  1  0  1  1  0  0  0  1  0  1  0  0  1  0  -492.0       1     0.0
44   1  0  1  1  0  0  1  1  0  0  1  0  0  0  1  1  0  1  0  1  1  1  1  1  1  0  0  0  0  1  0  0  1  0  1  0  1  0  0  0  1  1  1  1  0  1  1  0  0  1  -492.0       1     0.0
45   0  0  0  0  0  0  0  1  0  0  1  1  1  0  1  0  0  1  0  1  0  0  1  1  1  0  0  1  1  1  1  0  0  0  0  0  1  0  1  1  1  0  0  1  1  0  1  1  1  1  -492.0       1     0.0
184  1  1  0  1  0  1  0  1  1  1  1  0  1  0  0  0  1  1  1  0  1  0  0  1  0  0  0  0  0  1  0  1  1  0  0  0  1  0  0  0  1  0  1  1  1  0  0  1  1  0  -492.0       1    0.02
312  0  1  1  0  1  1  0  0  1  1  0  0  0  0  0  0  1  1  1  1  0  0  0  0  1  0  1  1  1  1  0  1  0  1  0  1  0  1  0  0  1  1  0  1  1  0  0  1  1  1  -492.0       1    0.04
465  0  0  1  0  0  1  1  0  1  1  0  0  0  0  0  0  1  1  1  0  0  0  0  0  1  1  0  1  1  1  0  1  1  1  1  0  1  0  0  1  1  0  1  1  0  0  1  1  1  1  -492.0       1    0.08
46   0  1  1  0  0  1  0  0  1  1  1  1  0  0  1  0  0  0  1  0  0  0  1  0  1  0  0  1  0  1  1  1  0  1  0  0  1  1  0  0  1  1  1  1  1  0  0  1  1  0 -491.25       1     0.0
47   0  0  0  1  0  1  0  1  0  1  1  0  1  0  1  0  1  1  1  0  0  0  0  1  1  0  0  0  1  1  1  1  0  1  0  0  1  0  1  0  0  1  0  1  1  1  1  0  1  0 -491.25       1     0.0
48   0  0  1  0  0  0  0  1  1  0  0  0  0  0  0  1  1  1  1  1  0  1  1  0  1  0  0  0  1  1  0  1  0  1  1  0  1  0  0  0  1  0  1  1  1  0  1  1  1  1 -491.25       1     0.0
49   1  1  0  1  1  0  0  1  0  0  1  1  0  1  1  0  1  0  0  1  1  0  1  0  1  1  0  0  0  1  0  0  1  0  0  0  1  1  0  1  0  0  1  1  0  0  0  1  1  1 -491.25       1     0.0
50   0  1  0  1  1  1  0  1  0  0  1  1  0  1  0  0  1  0  1  0  0  1  0  1  1  0  1  0  0  1  1  1  0  1  1  0  1  1  0  0  0  0  0  0  1  0  0  1  0  1  -491.0       1     0.0
51   1  0  1  0  1  0  1  1  0  1  1  1  0  0  1  0  0  0  0  0  1  0  1  0  1  1  0  1  0  1  0  0  0  1  0  1  0  1  0  1  0  1  0  1  0  1  0  0  0  0  -491.0       1     0.0
215  0  1  1  0  1  0  1  0  1  1  0  0  0  0  0  0  1  1  1  1  0  0  0  0  1  0  1  0  1  0  0  1  1  1  0  0  1  0  0  1  1  0  1  1  1  1  1  1  1  0  -491.0       1    0.02
225  1  1  0  0  1  0  0  1  1  1  0  1  0  0  0  0  1  1  1  0  0  0  0  0  1  0  0  0  1  1  0  1  0  1  1  1  1  0  0  0  1  1  1  1  1  1  0  1  1  0  -491.0       1    0.02
244  1  0  0  0  0  0  0  0  1  1  0  0  0  0  0  0  1  1  1  1  0  0  0  0  1  0  0  1  1  1  0  1  1  1  1  1  1  0  0  1  1  1  1  1  0  1  1  1  1  0  -491.0       1    0.02
52   0  1  1  1  1  0  0  0  1  1  0  0  0  0  1  1  1  1  0  1  1  0  0  0  1  1  1  1  1  1  0  1  0  1  0  1  0  0  0  1  0  1  1  0  0  1  0  1  1  0 -490.25       1     0.0
53   1  0  0  0  1  0  1  1  0  1  0  1  1  0  1  0  0  1  0  0  0  0  0  1  1  0  0  1  1  1  0  1  0  1  0  0  1  0  1  1  1  1  0  1  0  1  0  1  1  0 -490.25       1     0.0
54   1  0  1  0  0  0  1  1  0  0  0  0  0  0  1  0  0  1  0  1  0  0  1  1  1  1  1  0  1  0  1  0  1  0  0  1  1  0  0  1  0  0  1  1  1  1  1  0  1  1 -490.25       1     0.0
55   0  1  1  0  0  0  0  1  1  1  0  1  0  0  1  1  1  1  0  1  0  0  1  0  1  1  1  0  1  0  0  0  0  1  0  1  1  0  0  1  1  0  1  0  0  0  1  0  1  1 -490.25       1     0.0
56   0  1  0  1  0  1  0  0  1  1  0  0  0  0  0  0  1  1  1  1  0  0  0  1  1  0  1  0  1  1  1  1  0  0  0  0  1  0  0  0  1  0  1  1  0  1  0  1  1  0 -490.25       1     0.0
57   1  0  1  0  0  0  0  0  0  1  1  1  0  0  1  1  0  0  1  0  1  0  1  0  0  1  0  1  0  0  1  1  0  1  0  0  0  0  0  1  1  1  1  0  1  0  1  1  1  0 -490.25       1     0.0
58   1  1  0  0  0  0  1  1  0  0  0  1  0  0  1  0  0  0  1  1  0  0  1  0  1  0  1  0  1  1  1  0  1  1  0  1  0  0  0  1  0  1  1  0  1  1  1  1  1  0 -490.25       1     0.0
59   1  0  0  0  0  1  1  1  1  0  1  1  0  0  1  0  1  0  1  0  0  0  1  1  1  0  0  1  0  1  1  1  1  1  1  0  1  0  0  0  1  0  1  1  0  1  0  1  0  0  -490.0       1     0.0
60   0  1  1  0  0  0  1  1  0  1  1  1  0  0  1  0  1  0  0  1  1  0  1  0  1  1  0  1  0  1  0  1  0  1  0  0  0  0  0  0  1  1  1  1  0  0  0  1  1  0  -490.0       1     0.0
190  0  1  0  1  0  0  0  0  1  1  0  0  0  0  1  1  1  1  1  1  0  0  0  0  1  1  1  0  1  1  0  0  0  0  0  0  0  0  0  1  1  1  1  1  1  0  0  1  1  1  -490.0       1    0.02
191  0  0  1  0  0  1  1  0  1  0  0  1  0  0  0  1  1  0  1  0  0  0  0  0  1  0  1  0  0  0  1  1  1  1  1  1  1  0  0  0  1  0  1  1  1  0  1  1  1  0  -490.0       1    0.02
196  1  1  1  1  1  0  0  1  0  1  1  0  1  1  1  1  0  1  0  0  1  1  1  1  0  0  0  0  0  1  1  0  0  1  0  0  0  0  1  1  0  1  1  0  1  1  0  0  0  0  -490.0       1    0.02
204  1  1  1  1  0  1  1  1  0  1  1  1  0  0  1  0  0  0  0  0  0  0  1  0  0  1  0  1  0  1  1  1  0  1  0  0  1  0  1  1  0  1  0  1  1  1  0  0  1  0  -490.0       1    0.02
245  0  1  0  0  0  1  1  0  0  0  1  1  1  1  1  0  1  1  0  0  0  0  1  1  1  0  0  1  0  0  0  1  0  0  1  0  1  1  1  0  1  0  1  1  1  1  0  1  1  0  -490.0       1    0.02
409  0  1  0  1  0  1  0  1  0  0  1  1  1  0  1  1  1  1  0  0  0  1  1  0  0  1  0  0  1  1  1  1  0  1  0  0  1  0  0  1  1  0  0  1  1  1  0  0  1  0  -490.0       1    0.06
61   0  0  0  0  0  0  0  0  1  1  1  1  0  0  1  1  0  0  1  0  0  0  1  0  1  0  0  0  1  1  0  1  0  1  1  0  1  0  1  1  1  1  0  1  1  1  0  0  0  1 -489.25       1     0.0
62   0  1  1  1  0  1  1  0  1  0  1  0  1  0  1  0  1  1  1  0  0  0  0  0  1  0  0  1  1  1  0  1  0  1  0  1  1  0  0  0  1  1  1  1  1  0  1  0  1  0 -489.25       1     0.0
63   0  1  1  0  0  1  0  0  1  0  1  0  0  0  1  1  1  1  1  0  0  0  1  0  1  0  1  0  1  1  0  1  1  0  1  0  1  0  0  0  1  0  0  1  1  0  0  1  1  1 -489.25       1     0.0
64   1  1  0  0  0  1  1  1  0  1  1  1  0  0  1  1  0  0  0  0  0  0  1  0  1  1  0  1  0  1  1  1  0  1  0  1  0  0  0  1  0  1  1  0  0  1  1  0  1  0 -489.25       1     0.0
194  1  0  0  0  0  0  1  1  0  1  1  1  1  1  1  0  0  0  0  0  0  1  1  0  0  1  0  1  0  1  1  0  0  1  0  1  0  0  1  1  0  1  0  1  1  1  1  0  1  0 -489.25       1    0.02
65   0  1  1  0  1  0  1  0  0  1  1  1  0  0  1  0  0  1  0  1  0  0  1  0  1  1  1  0  0  1  1  1  1  1  0  1  0  0  0  1  0  0  1  0  0  1  0  1  1  1  -489.0       1     0.0
66   1  1  0  1  1  0  1  1  0  0  1  1  0  0  1  1  0  1  0  1  0  0  1  1  1  0  0  1  0  1  1  0  0  1  0  0  0  0  0  1  0  1  0  0  0  0  1  1  0  1  -489.0       1     0.0
349  1  0  0  1  1  0  0  1  0  0  1  1  0  0  1  1  0  1  1  0  1  0  1  1  0  0  0  1  0  1  0  1  0  0  0  0  0  0  1  1  0  0  0  1  1  1  1  1  0  1  -489.0       1    0.04
68   0  0  1  0  0  1  0  0  1  0  1  1  0  0  1  0  0  0  1  1  1  0  1  0  1  0  0  1  0  1  1  1  0  0  1  0  1  1  0  0  1  0  0  1  1  0  1  1  1  1 -488.25       1     0.0
69   0  1  1  0  1  1  0  0  1  0  0  1  0  0  1  0  0  0  1  0  0  0  0  1  1  0  0  1  0  1  0  1  0  1  1  1  1  0  0  0  1  0  1  1  1  1  1  1  1  0 -488.25       1     0.0
70   1  1  0  0  1  0  0  0  1  1  0  1  0  0  1  1  0  1  1  1  0  0  0  0  1  1  0  1  1  0  0  1  0  1  0  1  0  0  0  1  1  1  1  1  1  0  0  1  1  1 -488.25       1     0.0
71   0  1  1  1  0  1  0  0  1  1  0  0  0  0  1  0  1  0  1  1  1  0  1  0  1  0  0  0  1  1  0  1  0  1  0  0  1  1  0  0  1  0  1  1  0  1  1  1  1  1 -488.25       1     0.0
72   1  0  1  1  0  0  0  1  0  0  0  1  0  0  0  1  0  1  1  0  0  1  1  1  0  1  0  1  0  1  0  0  0  1  0  1  0  0  1  1  0  1  0  1  0  1  1  1  0  0 -488.25       1     0.0
73   1  0  1  0  1  1  0  1  0  1  0  1  1  1  1  0  0  0  0  0  1  0  0  1  1  1  1  0  0  1  1  0  0  1  0  0  1  1  0  1  0  0  1  0  0  1  1  0  1  0 -488.25       1     0.0
74   0  1  1  0  0  0  0  0  1  1  0  0  0  0  1  0  1  0  1  1  0  0  0  0  1  1  1  0  0  0  1  1  1  1  1  1  1  1  0  0  1  0  1  1  1  0  1  1  1  1 -488.25       1     0.0
186  0  1  1  0  1  1  1  0  1  0  0  0  0  0  1  0  1  0  1  1  0  0  1  0  1  0  1  1  1  1  0  0  0  0  1  0  1  0  0  0  1  0  1  1  1  0  0  1  1  1 -488.25       1    0.02
254  0  1  1  0  0  1  0  0  1  1  0  0  0  1  1  0  1  1  1  0  0  0  0  0  1  0  1  0  1  0  0  1  0  1  0  1  1  1  0  1  1  0  0  1  1  1  0  1  1  0 -488.25       1    0.02
278  1  0  0  0  1  0  0  1  0  1  1  1  0  0  1  1  0  1  0  0  0  0  1  1  1  0  0  1  1  1  0  0  0  1  1  0  1  0  1  0  1  1  0  1  1  1  0  0  1  0 -488.25       1    0.02
370  0  0  0  1  0  0  1  0  1  0  0  1  0  1  0  0  0  1  1  0  0  0  0  1  1  0  0  1  1  1  1  1  0  1  1  1  1  1  0  1  0  1  1  1  0  1  0  1  0  0 -488.25       1    0.04
375  1  0  0  1  1  0  0  1  1  0  1  1  1  0  1  0  0  0  0  0  1  1  1  1  0  1  0  1  1  1  1  0  0  1  0  0  1  0  1  0  0  1  0  0  1  1  1  0  0  0 -488.25       1    0.06
426  0  0  0  1  0  1  1  1  0  0  1  1  1  1  0  0  1  1  0  0  0  0  1  1  1  0  0  0  0  1  1  1  0  1  1  0  1  0  1  0  1  1  0  1  0  1  0  0  1  0 -488.25       1    0.06
75   0  0  1  0  0  0  1  0  0  1  1  1  1  0  1  0  0  0  0  0  0  0  1  0  1  1  1  0  1  1  0  0  1  1  0  0  1  0  0  1  0  1  0  1  1  0  0  0  1  1  -488.0       1     0.0
76   1  0  0  1  1  1  1  1  0  0  1  1  1  0  0  0  0  1  0  0  0  1  1  0  0  1  0  1  1  1  1  0  0  1  0  1  0  0  1  1  0  1  0  1  1  1  0  0  1  0  -488.0       1     0.0
77   1  0  0  1  0  0  1  0  0  0  1  1  1  1  1  1  0  1  1  0  0  1  0  1  0  1  1  1  0  1  1  0  0  0  0  0  0  0  1  1  0  1  0  1  0  1  1  0  0  0  -488.0       1     0.0
78   1  1  0  0  1  0  0  1  0  1  1  1  0  1  1  1  0  0  0  1  0  1  1  1  0  1  0  0  0  1  0  0  0  1  0  0  0  1  1  0  0  0  1  0  0  1  1  0  0  0  -488.0       1     0.0
79   0  1  0  1  1  0  0  1  0  0  1  1  0  0  1  1  0  1  0  1  1  1  1  0  0  1  0  1  0  1  0  1  0  0  0  0  0  0  0  1  0  0  0  0  1  0  1  0  1  1  -488.0       1     0.0
80   0  0  1  0  1  1  1  0  1  0  0  1  0  0  0  0  1  1  1  1  0  0  0  0  1  0  0  1  1  1  1  1  0  1  0  0  1  0  0  0  1  1  1  1  1  1  0  1  1  0  -488.0       1     0.0
81   0  1  1  0  0  0  1  0  1  0  1  1  0  0  1  0  1  0  1  0  0  0  1  0  1  1  0  1  0  1  1  1  1  1  0  1  1  0  0  1  0  0  1  1  1  0  0  1  1  0  -488.0       1     0.0
172  0  0  1  0  0  0  0  1  1  1  0  0  0  0  1  0  1  1  1  1  1  0  1  0  1  0  0  0  1  1  0  1  1  1  1  0  1  0  0  0  1  1  1  1  1  1  0  1  1  1  -488.0       1    0.02
257  1  0  1  1  1  0  0  1  1  1  1  0  0  1  1  1  0  0  1  0  1  0  0  1  0  1  0  0  0  1  1  0  0  1  0  0  0  1  1  0  0  0  0  1  0  1  0  0  1  1  -488.0       1    0.02
338  1  1  0  1  1  0  0  1  1  0  1  1  0  0  1  1  0  1  0  0  1  0  1  0  0  0  0  0  0  1  1  0  0  1  0  0  1  0  1  1  0  1  0  0  1  1  1  0  1  0  -488.0       1    0.04
340  1  0  0  1  1  0  0  1  0  0  1  1  1  0  0  0  0  0  0  0  1  1  1  1  0  1  0  1  0  1  0  0  0  1  0  0  0  0  1  1  0  1  0  0  1  1  1  0  1  0  -488.0       1    0.04
442  0  1  1  0  1  1  1  0  1  1  0  0  0  0  0  0  1  0  1  1  0  0  0  1  1  0  1  1  1  0  0  0  0  0  1  1  1  1  0  0  1  1  1  1  0  1  0  1  1  0  -488.0       1    0.08
84   0  0  1  0  0  0  1  0  1  1  0  1  0  0  1  0  1  0  1  0  0  0  1  1  1  1  0  1  0  0  1  1  0  1  1  1  0  1  0  0  1  1  1  0  0  1  0  1  1  0 -487.25       1     0.0
85   0  0  0  0  1  1  0  1  0  0  1  1  0  1  0  0  0  1  1  0  0  0  0  1  1  0  0  0  0  1  1  1  0  1  1  0  1  1  1  0  0  1  1  1  1  1  0  1  1  0 -487.25       1     0.0
86   1  0  1  0  0  0  0  0  0  1  0  1  0  0  1  0  1  0  1  0  1  1  1  1  1  0  1  1  0  0  1  0  1  1  0  0  0  0  0  1  0  1  1  0  1  1  0  1  1  1 -487.25       1     0.0
87   1  0  1  1  0  0  0  1  0  1  0  1  0  0  0  1  0  0  0  0  0  0  1  1  0  1  1  1  0  0  1  0  0  1  0  1  0  0  1  1  1  1  1  0  0  1  0  1  1  0 -487.25       1     0.0
88   0  1  1  0  1  1  1  0  1  0  0  0  0  0  1  0  1  1  1  1  0  0  0  0  1  0  1  1  0  1  0  1  1  0  1  1  1  0  0  0  1  1  1  1  1  0  0  1  1  0 -487.25       1     0.0
209  0  0  0  1  0  0  1  1  0  0  1  1  0  1  1  0  1  1  0  1  0  0  0  1  1  0  0  0  1  1  0  0  0  1  1  0  1  1  1  1  0  0  0  1  1  1  0  1  1  0 -487.25       1    0.02
216  0  0  1  0  1  0  0  0  1  1  0  1  0  0  1  1  1  0  1  1  0  0  0  0  1  0  1  1  1  1  0  1  0  1  0  0  0  0  0  0  1  1  1  1  1  0  0  1  1  1 -487.25       1    0.02
227  1  1  0  0  0  0  0  1  0  0  1  1  1  0  0  1  0  1  0  0  0  0  0  1  1  1  1  1  0  1  1  0  0  0  0  1  1  1  0  1  0  0  1  1  0  1  0  1  1  1 -487.25       1    0.02
236  0  1  0  1  0  0  0  1  0  0  1  1  1  0  1  1  0  1  0  1  1  0  1  1  1  1  0  1  0  1  0  1  0  0  0  0  0  1  1  0  0  0  1  0  0  0  1  0  1  0 -487.25       1    0.02
250  0  0  1  1  0  1  1  0  1  1  0  0  0  0  0  0  1  1  1  0  0  0  0  1  1  0  0  0  1  1  1  1  1  1  1  0  1  0  0  1  1  0  1  1  1  1  0  1  1  0 -487.25       1    0.02
251  0  1  1  0  0  1  1  0  0  1  1  1  1  0  0  0  1  1  0  1  0  0  1  1  1  0  0  0  1  1  0  0  0  1  1  1  0  0  0  1  0  0  0  0  0  1  1  1  1  1 -487.25       1    0.02
285  1  1  0  1  0  1  0  1  0  0  1  1  1  1  1  1  0  1  0  0  0  1  1  1  0  1  0  0  0  1  1  1  0  1  0  0  1  0  1  0  0  0  0  0  1  1  1  0  0  0 -487.25       1    0.04
351  0  0  1  0  0  1  0  0  1  0  0  1  1  0  1  0  1  0  1  1  0  0  0  0  1  0  1  1  1  1  0  1  1  1  1  1  1  0  0  1  1  0  1  1  0  0  0  1  1  1 -487.25       1    0.06
367  1  1  0  0  0  0  0  1  0  0  1  1  0  0  1  0  0  0  1  0  1  0  1  0  1  1  0  1  0  1  1  1  0  1  0  0  1  0  1  0  0  0  1  1  1  1  1  1  1  0 -487.25       1    0.04
435  1  1  1  0  1  1  0  0  1  1  0  0  0  0  1  1  1  0  1  1  0  0  0  0  1  1  1  0  1  1  1  1  0  1  0  1  1  1  0  0  0  0  1  0  0  1  0  1  1  0 -487.25       1    0.06
454  1  1  0  1  1  0  0  1  0  0  1  1  0  0  0  0  0  1  0  0  1  1  1  1  0  1  1  1  0  1  1  0  0  1  0  0  0  0  1  0  0  1  0  1  1  1  1  0  1  0 -487.25       1    0.08
89   0  1  1  1  0  1  1  0  0  0  1  1  1  0  0  0  1  0  0  1  1  1  1  0  0  1  1  0  1  1  1  0  0  1  0  1  0  0  0  0  0  1  0  0  0  1  0  0  1  1  -487.0       1     0.0
90   0  0  0  0  1  1  1  1  1  0  1  1  0  1  1  1  0  0  0  0  0  0  1  1  1  1  0  0  0  1  0  0  1  1  0  0  1  0  1  0  1  0  1  1  0  1  0  1  1  1  -487.0       1     0.0
91   0  1  1  1  1  1  0  1  0  1  0  0  0  0  1  0  1  0  1  1  0  0  0  0  1  0  1  0  1  1  0  1  0  1  0  0  1  0  0  0  0  1  1  1  1  1  1  1  1  0  -487.0       1     0.0
92   0  1  0  0  0  0  0  1  1  1  1  0  0  0  1  1  1  0  1  1  1  1  1  0  1  0  0  1  0  1  1  1  0  1  0  0  1  0  0  0  1  1  1  1  0  0  1  1  0  0  -487.0       1     0.0
93   0  0  0  0  1  1  1  0  1  0  0  0  0  0  0  0  1  1  1  0  0  0  0  0  1  1  0  1  1  1  0  1  0  1  1  0  1  0  0  1  1  1  1  1  1  1  0  1  1  1  -487.0       1     0.0
94   1  1  0  1  1  1  0  1  0  1  0  0  0  0  0  0  1  1  0  1  0  0  0  0  1  1  1  1  0  1  1  0  0  1  0  1  0  0  0  1  1  0  1  1  0  1  1  1  1  0  -487.0       1     0.0
95   0  1  1  0  1  0  1  1  0  0  0  1  0  0  1  1  1  1  0  1  0  0  1  0  1  1  1  1  0  1  0  0  1  1  0  0  0  0  0  1  0  1  1  1  0  1  0  1  1  0  -487.0       1     0.0
96   1  0  1  1  1  0  0  1  0  0  1  1  1  0  0  0  1  0  0  0  1  0  1  1  1  0  0  1  0  1  0  1  0  1  1  0  1  0  1  0  1  0  1  1  0  0  0  1  1  1  -487.0       1     0.0
211  1  0  1  0  1  0  1  0  1  1  0  0  0  1  0  0  0  1  1  1  0  0  0  0  1  1  1  1  1  1  0  0  0  1  0  1  0  0  0  1  0  1  1  1  0  0  0  1  1  0  -487.0       1    0.02
242  1  1  1  0  0  0  0  1  0  1  1  1  0  0  1  1  0  0  1  0  1  0  1  0  0  1  1  1  0  1  1  0  0  1  0  0  0  1  0  0  1  1  1  0  0  1  0  0  1  0  -487.0       1    0.02
299  1  1  0  1  1  0  0  1  0  0  1  0  0  0  1  0  1  1  0  1  1  1  1  0  1  1  0  1  1  1  1  0  0  1  0  0  0  0  0  1  0  0  0  1  1  1  1  1  0  0  -487.0       1    0.02
315  0  0  1  1  1  1  0  0  1  1  0  1  0  0  1  0  1  1  1  1  0  0  0  0  1  0  0  0  1  1  0  0  1  1  1  0  1  0  0  0  1  0  1  1  1  1  0  1  1  0  -487.0       1    0.04
332  0  0  0  0  0  0  1  0  1  1  0  0  0  0  1  1  1  0  1  1  0  0  1  0  1  0  1  0  1  1  1  1  1  1  0  1  1  1  0  0  1  1  1  0  0  0  0  1  1  1  -487.0       1    0.04
348  0  1  1  0  1  0  0  0  1  1  0  1  0  0  1  0  1  0  0  1  0  0  0  0  1  0  1  0  1  1  0  0  1  1  0  1  1  1  0  0  1  0  1  0  1  0  0  1  1  1  -487.0       1    0.04
97   0  1  0  0  0  1  0  0  0  0  1  1  0  0  0  0  0  1  0  0  0  0  1  1  1  0  0  1  1  1  1  1  0  1  1  0  1  1  1  0  1  1  0  1  1  0  1  1  1  0 -486.25       1     0.0
98   1  1  0  0  1  1  0  0  0  1  0  1  0  0  0  0  1  0  1  0  0  0  0  0  1  0  0  1  1  1  0  1  0  1  1  0  1  0  0  0  1  1  1  1  1  1  1  1  1  0 -486.25       1     0.0
99   1  0  1  1  1  0  1  1  1  0  0  0  0  0  1  0  0  1  0  1  0  0  0  0  1  1  0  1  0  1  0  1  1  0  0  1  0  0  0  1  1  1  1  1  0  1  0  1  1  0 -486.25       1     0.0
100  0  1  1  1  0  1  1  0  0  1  0  0  0  0  1  0  1  0  1  0  0  0  0  0  1  0  1  1  1  1  1  1  0  1  0  0  1  0  0  0  1  1  1  1  1  1  0  1  1  1 -486.25       1     0.0
101  0  1  0  0  0  0  1  1  0  1  1  1  1  0  1  0  0  1  0  1  0  0  1  0  1  0  1  0  0  1  1  1  0  1  0  0  1  0  0  1  0  0  1  1  0  1  1  1  1  0 -486.25       1     0.0
102  1  0  1  0  0  0  1  0  1  1  0  0  0  1  1  0  1  0  1  0  0  0  1  0  1  1  0  1  1  0  1  1  0  1  0  0  0  0  0  1  1  1  1  1  0  1  1  1  0  0 -486.25       1     0.0
252  1  0  1  0  1  0  0  0  0  1  0  1  0  0  1  0  0  0  1  0  0  1  0  0  1  0  0  1  1  1  0  0  1  1  1  0  0  0  1  1  1  1  1  1  1  1  0  1  1  0 -486.25       1    0.02
270  1  1  1  0  0  1  0  1  0  1  1  0  1  0  0  0  1  1  1  0  1  0  1  0  1  0  0  1  0  1  0  0  0  1  0  0  1  1  0  0  1  1  0  1  1  1  0  0  1  0 -486.25       1    0.02
373  1  1  1  0  0  0  0  0  1  0  1  1  0  0  1  1  1  0  1  0  0  1  1  1  0  1  0  0  0  0  1  1  1  1  0  0  0  1  1  0  1  0  1  0  1  1  0  0  1  0 -486.25       1    0.04
380  0  0  1  0  0  0  0  0  0  1  0  1  0  0  0  0  1  1  1  0  0  0  1  0  1  0  0  1  1  0  1  0  1  1  1  1  1  1  0  1  1  1  1  0  1  0  1  1  1  0 -486.25       1    0.04
386  1  0  1  0  0  1  1  0  1  1  0  1  0  0  1  0  0  0  1  0  1  0  1  1  1  1  0  1  0  1  1  0  0  1  0  0  0  1  0  1  1  0  1  0  0  1  0  1  1  0 -486.25       1    0.04
400  0  0  1  0  1  1  0  0  1  1  0  1  0  0  0  0  1  0  1  1  0  0  0  0  1  0  1  0  1  1  0  1  1  1  1  1  1  1  0  0  1  1  1  1  0  0  0  1  1  1 -486.25       1    0.06
413  0  0  1  1  0  0  1  1  1  1  1  0  1  0  0  0  0  1  0  0  0  0  0  1  1  0  0  1  0  1  0  1  0  1  1  0  1  1  1  1  1  0  1  1  0  1  0  1  0  0 -486.25       1    0.04
105  1  1  0  0  1  0  1  1  1  0  1  1  0  0  1  0  0  0  1  1  0  0  1  1  1  0  0  0  1  1  0  0  0  1  0  0  1  0  0  0  0  1  0  1  1  0  1  0  1  1  -486.0       1     0.0
106  0  1  1  0  0  0  1  1  0  0  1  0  0  0  1  1  0  1  1  1  1  0  0  0  1  1  0  1  0  1  0  1  0  0  0  1  1  0  0  1  1  0  1  1  1  1  1  0  1  0  -486.0       1     0.0
107  0  1  0  0  1  1  0  0  1  1  0  1  0  1  0  0  1  1  1  1  1  0  1  0  1  0  0  1  1  1  0  1  0  1  1  0  0  0  0  0  1  1  1  1  0  0  0  1  1  0  -486.0       1     0.0
108  1  0  1  0  1  0  0  0  1  0  1  1  0  0  1  0  0  1  1  1  0  0  1  0  1  0  0  1  1  1  0  1  0  1  1  0  1  0  0  0  1  0  0  1  1  0  1  1  1  1  -486.0       1     0.0
109  0  0  0  1  0  0  0  1  0  1  1  1  1  1  1  0  0  0  0  0  1  0  1  1  1  1  0  1  0  1  1  0  0  1  0  0  1  1  1  1  0  1  0  0  0  1  0  0  1  0  -486.0       1     0.0
205  0  0  1  0  0  1  1  0  1  1  0  1  0  0  1  1  1  0  0  1  0  0  1  0  1  1  1  0  0  0  1  0  1  1  1  1  1  1  0  0  1  0  1  0  1  0  0  1  1  0  -486.0       1    0.02
235  1  1  0  1  1  0  1  0  1  1  0  0  0  1  0  0  0  1  1  1  0  0  0  1  1  0  1  1  1  1  0  1  0  1  0  0  0  0  0  1  1  1  0  1  0  0  0  1  1  1  -486.0       1    0.02
264  0  1  1  0  0  1  1  0  1  1  0  0  0  0  1  0  1  0  1  1  0  0  0  0  1  1  0  0  1  1  0  1  1  1  1  1  1  1  0  0  1  0  1  1  0  1  0  1  1  1  -486.0       1    0.04
402  0  0  1  0  0  0  0  1  1  1  1  0  0  0  1  0  0  0  1  1  1  0  1  0  1  0  0  1  0  1  0  1  1  1  1  0  1  0  0  0  1  1  1  1  1  0  1  1  1  0  -486.0       1    0.04
406  0  1  1  0  0  1  1  1  0  0  0  0  0  0  0  0  1  1  0  1  0  1  0  1  1  0  0  0  1  0  1  1  0  1  1  1  0  1  1  0  0  0  1  1  0  1  1  1  1  1  -486.0       1    0.04
437  0  1  1  0  1  0  0  0  1  0  0  0  0  0  0  0  1  1  1  0  1  0  1  0  1  0  0  0  1  1  1  1  1  1  1  1  1  1  0  0  0  0  1  1  1  0  1  1  1  0  -486.0       1    0.06
110  1  0  0  0  0  0  1  1  1  1  1  0  1  1  0  1  0  0  1  1  0  0  1  1  0  0  1  0  0  0  0  0  0  1  1  0  1  0  1  0  1  0  1  1  0  1  0  1  1  1 -485.25       1     0.0
111  0  0  1  0  0  0  0  0  1  1  1  0  0  0  1  0  1  0  1  1  1  0  1  0  1  1  0  1  0  1  1  1  0  1  0  1  1  1  0  0  1  1  1  0  0  0  0  1  1  0 -485.25       1     0.0
112  0  0  1  0  0  1  1  1  0  0  1  1  0  0  1  0  1  0  1  0  0  0  0  1  1  1  0  1  0  1  0  1  0  1  1  1  1  0  0  0  1  1  1  1  1  0  0  1  1  1 -485.25       1     0.0
248  0  1  0  1  1  1  1  0  0  0  1  1  1  1  0  0  0  1  0  0  0  0  1  1  1  0  0  0  1  1  0  1  0  1  0  0  1  0  0  1  0  0  1  1  0  1  1  1  1  0 -485.25       1    0.02
339  0  1  1  0  1  1  0  0  1  0  0  0  0  0  1  1  1  1  1  0  0  0  0  0  1  1  1  1  1  0  0  1  0  1  1  1  0  0  0  1  1  1  1  1  0  0  1  1  1  0 -485.25       1    0.04
362  0  1  1  0  0  0  1  0  0  1  1  0  0  1  1  1  0  0  1  1  0  0  0  0  1  1  1  1  0  1  0  0  1  1  0  1  1  1  0  1  0  0  1  0  0  0  0  1  1  1 -485.25       1    0.04
364  0  0  1  0  0  0  1  0  1  1  0  1  0  0  1  0  1  1  1  0  0  0  0  0  1  0  0  0  1  1  1  0  0  1  1  0  1  0  0  0  1  1  1  1  1  1  1  1  1  0 -485.25       1    0.04
114  1  0  1  1  1  1  0  0  0  1  0  0  0  1  0  1  0  1  1  0  0  0  0  1  1  1  0  1  0  1  0  1  0  1  0  0  1  0  1  1  0  0  1  1  0  1  1  1  1  0  -485.0       1     0.0
115  0  1  0  0  0  0  1  0  0  0  1  0  0  0  1  1  1  0  1  1  0  0  1  1  1  0  1  0  0  1  0  1  1  0  1  0  1  1  1  0  1  1  1  1  1  0  0  1  1  0  -485.0       1     0.0
116  1  1  0  0  1  1  1  1  0  1  0  1  0  0  0  0  1  0  1  0  0  0  0  0  1  0  0  1  0  1  1  1  0  1  0  0  0  0  1  0  1  1  1  1  1  0  0  1  1  0  -485.0       1     0.0
117  0  0  1  0  0  0  1  1  0  1  1  1  0  1  1  0  0  1  1  0  0  0  1  1  1  0  0  0  0  1  0  0  0  1  1  0  1  1  0  1  0  1  1  1  0  0  0  1  0  1  -485.0       1     0.0
260  0  0  1  1  0  1  1  0  0  0  1  0  0  1  1  1  0  0  1  0  0  0  1  0  1  0  0  1  1  1  0  1  0  0  0  0  1  0  0  0  0  1  1  1  1  1  1  0  1  1  -485.0       1    0.02
265  1  0  1  0  0  0  0  0  0  1  0  1  0  0  0  0  0  1  1  0  0  0  0  0  1  0  1  1  0  1  1  1  0  1  0  0  1  0  0  1  1  1  1  1  1  1  1  1  1  0  -485.0       1    0.02
286  0  1  0  1  0  0  1  0  0  1  0  0  1  0  0  0  1  1  0  1  0  0  0  1  1  0  1  0  1  1  0  1  0  1  1  0  1  0  0  1  1  1  1  1  0  1  1  1  0  1  -485.0       1    0.02
287  0  0  1  1  0  0  1  1  1  0  1  1  0  1  0  0  0  1  1  1  0  0  0  1  1  1  0  0  0  1  0  1  0  1  0  0  1  0  0  0  0  0  1  1  0  1  0  1  1  1  -485.0       1    0.02
302  0  1  0  1  1  1  1  1  0  0  1  1  0  0  0  0  0  0  0  0  1  1  1  1  0  1  0  1  0  1  1  0  0  0  0  0  1  0  1  0  0  1  0  1  1  1  1  0  1  0  -485.0       1    0.02
322  1  1  0  1  0  0  1  0  1  1  1  1  0  0  1  0  0  0  0  1  1  0  1  0  1  1  0  1  0  1  0  1  0  1  0  1  0  0  1  1  0  1  1  1  0  1  0  1  0  0  -485.0       1    0.02
430  0  1  1  0  0  0  0  0  1  0  0  1  1  1  1  0  0  1  1  0  0  0  0  1  1  0  1  0  1  1  1  1  0  0  1  0  1  1  0  0  1  0  1  1  1  1  0  1  1  0  -485.0       1    0.04
119  0  1  1  1  1  1  0  1  0  1  0  1  1  0  1  0  1  1  0  0  1  0  1  0  1  0  0  1  1  1  1  1  0  1  1  0  0  0  0  0  0  1  0  1  0  1  1  0  1  0 -484.25       1     0.0
120  1  0  0  0  0  1  1  0  0  1  0  1  0  1  0  1  0  1  1  0  0  0  0  1  1  0  1  1  1  1  0  0  0  1  1  0  1  0  0  1  1  1  1  1  0  0  0  1  1  0 -484.25       1     0.0
293  1  1  1  0  0  0  0  0  0  1  0  1  0  1  1  0  1  0  1  0  0  0  0  0  1  1  1  1  0  1  0  1  0  1  0  1  0  1  0  1  1  1  1  0  0  0  1  1  1  0 -484.25       1    0.02
355  1  0  0  0  0  0  0  0  1  1  1  1  0  0  1  0  1  0  1  1  0  0  1  0  1  1  1  1  1  1  0  0  1  1  0  0  0  0  0  1  1  1  1  1  0  0  0  1  1  0 -484.25       1    0.04
470  0  1  0  1  1  1  0  1  1  0  0  1  0  1  0  0  1  1  1  0  0  0  0  0  1  1  1  0  1  1  0  1  0  1  1  0  1  0  0  0  1  1  1  1  0  1  0  1  1  0 -484.25       1    0.08
486  0  0  1  0  1  1  0  1  1  1  0  0  0  0  0  0  1  1  1  1  0  0  0  0  1  0  0  1  1  1  0  1  0  1  1  1  1  1  0  1  1  0  1  1  0  1  0  1  1  0 -484.25       1    0.12
121  0  1  1  0  1  1  0  0  1  0  0  0  0  0  1  1  0  0  1  0  0  0  1  0  1  1  1  1  1  0  0  1  0  0  0  1  0  1  0  0  1  0  1  1  1  0  1  1  1  0  -484.0       1     0.0
122  1  1  0  0  0  0  0  0  0  1  1  0  0  0  0  1  0  0  1  0  1  0  1  1  1  1  0  1  0  1  1  1  0  0  0  0  0  0  1  1  1  1  1  1  1  0  1  0  1  0  -484.0       1     0.0
123  1  0  1  1  1  0  1  1  0  0  0  0  0  0  1  0  1  0  1  0  0  0  0  1  1  0  1  1  0  1  1  0  1  1  0  0  1  0  0  1  0  1  0  1  1  1  0  0  1  0  -484.0       1     0.0
124  0  0  0  0  0  0  1  1  1  0  1  1  0  0  1  1  1  1  0  1  0  1  1  0  0  1  0  0  0  0  1  0  1  1  1  1  0  0  0  1  1  1  0  1  0  1  0  1  0  0  -484.0       1     0.0
125  0  0  1  1  1  0  1  0  0  0  0  1  0  0  1  0  0  1  1  1  0  0  0  0  1  1  0  1  0  1  0  1  0  1  0  1  1  0  0  1  1  0  1  0  0  1  1  1  1  0  -484.0       1     0.0
262  0  0  0  0  0  0  1  0  1  1  0  0  0  0  1  0  1  1  1  1  1  0  0  0  1  1  0  1  1  1  1  1  0  1  0  0  1  1  0  1  1  0  1  1  0  1  0  1  1  0  -484.0       1    0.02
290  0  0  1  1  1  0  1  0  1  1  0  0  0  0  1  0  1  0  0  1  0  0  1  0  1  1  1  1  0  0  0  1  1  1  1  1  0  1  0  1  0  1  1  0  0  1  0  1  1  0  -484.0       1    0.02
372  1  0  1  0  1  0  1  0  1  0  0  0  0  1  0  0  1  0  1  0  0  0  0  1  1  0  1  0  1  1  0  1  1  1  1  1  1  0  0  0  1  1  1  1  0  1  0  1  0  1  -484.0       1    0.04
385  0  0  1  0  1  0  0  0  1  0  0  0  0  0  0  0  1  1  1  0  0  0  0  1  1  0  0  0  1  1  1  0  1  1  1  0  1  1  0  1  1  0  1  1  1  1  0  1  1  0  -484.0       1    0.04
389  0  0  1  1  0  1  1  0  1  1  0  0  0  0  0  0  1  0  1  0  0  0  0  0  1  0  1  1  0  1  0  1  1  1  1  1  1  1  0  1  1  0  1  1  0  1  0  1  1  0  -484.0       1    0.06
127  1  0  1  0  0  0  1  1  1  0  1  1  1  0  0  1  0  1  1  0  0  0  1  0  1  0  0  0  1  0  1  1  1  1  1  0  1  1  0  0  1  1  0  1  1  1  0  1  0  0 -483.25       1     0.0
128  0  1  0  0  0  0  1  1  1  1  1  0  0  0  1  1  0  1  1  0  0  0  1  1  1  1  1  0  0  0  1  1  1  1  0  0  0  0  0  1  1  1  1  0  0  0  1  1  0  0 -483.25       1     0.0
129  0  1  0  1  0  0  0  1  0  0  1  1  1  0  0  0  0  1  0  0  1  0  0  0  1  0  0  1  1  1  1  1  0  0  0  0  1  0  0  1  0  1  1  1  1  1  1  0  1  0 -483.25       1     0.0
266  0  1  1  0  1  1  0  0  1  0  0  0  0  1  1  1  1  0  1  0  0  1  0  0  1  0  0  0  1  1  1  1  1  1  1  0  1  1  0  0  1  1  1  1  1  0  0  1  0  0 -483.25       1    0.02
284  1  0  0  0  1  0  0  0  1  1  0  0  1  1  1  0  1  1  1  1  1  0  0  0  0  0  1  1  1  1  1  0  0  1  0  0  0  0  0  1  0  1  1  1  0  1  0  1  1  0 -483.25       1    0.02
323  1  1  1  0  0  1  0  0  1  1  1  0  0  0  1  1  1  0  1  1  1  0  1  1  1  0  0  0  1  1  0  0  0  1  0  0  0  1  0  0  1  0  1  0  0  0  0  1  1  1 -483.25       1    0.02
390  1  1  1  1  0  0  1  0  0  1  0  1  1  0  1  0  1  0  0  1  0  0  0  0  1  1  1  1  1  1  0  0  0  1  0  1  1  1  0  0  0  0  1  1  0  1  0  0  1  0 -483.25       1    0.04
432  0  0  1  0  1  0  1  0  1  1  0  0  0  0  1  0  1  1  1  1  1  0  0  0  1  1  0  1  0  1  0  1  1  1  1  0  0  1  0  0  1  1  1  1  0  0  0  1  0  0 -483.25       1    0.08
130  1  1  0  1  1  0  1  1  0  0  1  1  0  0  0  0  0  1  0  0  0  1  1  1  1  0  0  1  0  1  1  1  0  0  1  0  1  0  1  0  0  0  0  1  1  1  1  1  1  0  -483.0       1     0.0
131  1  1  0  0  1  0  1  0  1  0  1  1  1  0  1  0  0  0  0  0  0  0  1  1  1  1  0  1  1  1  0  1  0  1  0  0  0  0  1  1  0  0  0  1  1  1  0  0  1  0  -483.0       1     0.0
132  0  1  0  0  1  0  0  1  1  1  0  0  0  0  0  0  1  0  1  1  0  0  1  1  1  0  1  1  1  1  1  1  0  1  0  1  0  1  0  1  1  1  1  0  0  0  0  1  1  0  -483.0       1     0.0
133  0  0  1  0  0  1  1  1  0  1  0  0  0  1  1  0  1  0  1  0  0  0  1  1  1  1  0  0  0  0  1  1  1  1  1  1  1  1  0  1  0  1  1  0  0  0  0  1  0  1  -483.0       1     0.0
134  1  0  1  0  0  0  1  0  1  1  0  0  0  0  0  0  1  1  1  1  1  0  0  0  1  0  0  1  0  1  1  1  0  1  1  0  0  1  0  0  1  0  1  1  1  1  0  0  1  0  -483.0       1     0.0
246  0  1  1  0  1  0  1  1  0  1  0  0  0  0  1  0  1  0  1  1  1  0  0  0  1  0  0  1  0  1  0  1  0  1  0  0  1  0  0  1  1  0  1  1  1  0  0  1  1  0  -483.0       1    0.02
268  1  0  1  1  0  0  0  0  1  1  1  0  0  0  0  1  0  1  1  0  0  0  0  0  1  0  0  1  0  1  1  1  0  1  0  1  0  0  0  1  1  1  0  1  1  1  1  0  1  0  -483.0       1    0.02
283  1  0  0  1  1  0  0  1  0  0  0  0  0  0  0  1  0  1  1  1  1  0  0  0  1  0  1  1  1  1  0  0  0  1  0  1  1  0  0  1  1  1  1  1  0  0  1  1  0  0  -483.0       1    0.02
318  0  0  1  0  0  0  1  0  1  1  0  1  1  0  0  0  1  0  1  1  0  0  0  0  1  0  0  1  1  1  0  0  0  1  0  0  1  1  0  1  1  1  0  1  1  1  0  1  1  0  -483.0       1    0.02
344  1  0  0  1  0  1  0  1  0  1  0  0  0  1  1  0  0  0  1  0  0  1  1  1  1  1  0  1  0  1  1  0  0  1  0  0  1  0  1  1  0  0  1  1  0  1  1  1  1  0  -483.0       1    0.02
369  0  1  0  0  1  0  0  1  1  1  0  0  1  1  1  1  1  1  1  0  0  0  0  0  1  1  1  0  1  1  1  1  0  1  1  0  1  1  0  0  1  0  1  1  1  0  0  1  0  0  -483.0       1    0.04
377  1  1  0  0  0  1  0  1  0  1  1  1  1  0  0  0  0  1  0  0  0  0  1  1  0  0  0  0  0  1  1  1  0  1  0  0  1  0  1  1  0  0  0  1  1  1  1  1  1  0  -483.0       1    0.04
135  0  1  0  1  0  1  1  1  0  1  1  0  0  0  1  1  0  1  0  0  0  0  1  0  1  0  0  1  1  1  1  1  0  1  0  1  0  0  0  0  0  1  1  1  1  1  1  0  0  0 -482.25       1     0.0
136  0  1  0  1  0  0  1  1  0  0  1  0  0  1  1  0  0  1  1  0  0  0  0  1  1  1  1  1  0  1  0  1  0  1  0  0  1  0  0  0  0  0  1  1  0  1  0  1  1  0 -482.25       1     0.0
137  1  0  0  1  0  0  0  0  0  1  0  1  0  0  1  0  0  1  0  0  1  0  1  1  1  0  1  1  0  1  1  1  0  1  0  0  1  0  0  1  1  0  1  1  0  1  0  1  1  1 -482.25       1     0.0
138  1  1  0  0  0  0  1  1  0  1  1  0  0  0  0  0  0  0  1  1  0  0  1  1  0  1  1  1  1  1  1  0  0  0  0  0  0  1  0  1  0  1  1  0  0  1  0  1  1  0 -482.25       1     0.0
237  0  0  1  0  0  0  1  0  1  1  0  1  0  0  0  0  1  0  1  1  0  0  1  1  1  0  0  0  0  1  0  1  0  1  1  0  1  0  0  0  1  1  1  1  1  1  0  1  1  1 -482.25       1    0.02
258  0  1  1  1  0  1  1  0  1  1  0  0  0  0  1  0  1  0  1  0  0  0  0  0  1  0  1  0  1  1  0  1  1  1  1  1  1  1  0  0  0  0  1  1  0  1  0  1  1  1 -482.25       1    0.02
261  1  0  0  0  1  0  1  1  0  0  1  1  0  0  1  0  1  0  1  0  0  0  0  1  1  1  0  1  0  1  1  0  0  1  0  0  1  0  0  0  1  1  0  1  1  1  0  1  0  0 -482.25       1    0.02
263  1  1  1  0  0  0  1  1  1  1  0  0  0  1  1  0  0  0  0  0  0  0  1  1  1  0  1  0  0  0  1  1  1  1  1  0  1  1  0  1  1  1  1  0  0  1  0  1  0  1 -482.25       1    0.02
282  0  1  0  1  1  0  0  0  1  1  0  0  0  0  1  1  0  1  0  1  0  0  0  0  1  1  0  1  1  1  1  0  0  1  0  1  0  0  0  1  0  1  0  1  0  1  1  0  1  0 -482.25       1    0.02
288  1  1  1  1  0  0  0  1  0  0  1  1  1  0  0  0  0  0  0  0  0  0  0  1  0  1  1  1  1  1  1  1  0  0  0  0  0  0  1  1  0  0  0  1  1  1  0  1  1  0 -482.25       1    0.02
291  1  0  0  1  1  0  0  1  1  1  1  1  0  0  0  0  0  0  0  1  1  1  1  1  0  1  0  0  0  1  0  0  0  1  0  0  0  1  1  0  0  0  0  0  0  1  1  1  1  1 -482.25       1    0.02
337  0  1  0  1  0  0  0  1  0  1  1  1  0  0  1  1  0  1  0  1  0  0  1  0  0  1  0  0  1  1  1  1  0  0  0  0  0  0  1  1  0  1  0  0  1  1  1  0  1  0 -482.25       1    0.04
366  0  1  1  0  1  0  1  0  1  1  0  0  0  0  1  0  1  0  0  1  0  0  0  0  1  0  1  0  1  1  1  1  1  1  1  0  1  0  0  0  1  0  1  1  1  1  0  1  1  1 -482.25       1    0.04
415  1  1  0  0  1  0  0  1  1  0  1  0  0  0  1  0  1  1  0  1  0  0  0  0  1  0  0  0  0  1  0  1  1  1  1  0  1  1  0  0  1  0  1  1  1  1  0  1  1  0 -482.25       1    0.04
139  0  1  1  0  0  0  0  0  1  0  1  0  0  1  1  1  0  0  1  0  0  0  1  0  0  0  0  0  1  1  1  0  0  1  0  0  1  1  0  0  1  1  1  1  1  1  1  1  1  0  -482.0       1     0.0
140  1  1  0  0  0  0  1  0  1  0  1  0  0  0  1  1  0  1  1  0  0  0  1  0  1  1  1  1  0  1  0  1  0  0  0  0  1  0  0  1  1  1  1  1  1  0  1  1  1  0  -482.0       1     0.0
141  0  0  0  0  1  1  1  1  0  0  1  0  0  0  1  1  0  0  1  1  1  0  0  1  1  1  1  1  0  1  0  0  0  0  0  0  1  1  0  0  1  0  1  1  0  1  0  0  1  1  -482.0       1     0.0
142  0  1  0  0  0  1  1  0  0  1  0  0  0  0  1  0  1  0  0  1  0  0  1  0  1  0  1  1  0  1  1  1  1  1  1  0  1  0  0  1  1  0  1  1  0  1  1  1  1  0  -482.0       1     0.0
411  0  1  1  0  0  0  1  0  1  1  0  0  0  0  1  1  0  1  1  1  0  0  0  0  1  1  1  1  0  1  1  0  0  1  0  1  0  0  0  1  1  1  1  0  0  0  0  1  1  0  -482.0       1    0.04
451  0  0  1  0  1  0  0  0  1  0  0  0  0  0  1  0  1  0  1  0  0  0  0  0  1  1  1  1  1  1  0  1  1  1  1  1  1  0  0  0  1  1  1  1  1  0  0  1  1  1  -482.0       1     0.1
143  1  1  1  0  1  0  0  0  1  1  1  1  0  0  1  0  0  1  1  0  0  0  1  1  1  0  0  0  0  1  0  0  0  1  1  0  0  0  0  1  1  1  1  1  1  0  0  1  1  0 -481.25       1     0.0
144  0  1  1  1  1  1  0  0  0  1  1  1  1  0  0  0  0  0  0  1  0  0  1  0  1  1  1  1  0  1  1  0  0  1  0  1  0  0  0  1  0  1  1  0  0  0  0  0  0  1 -481.25       1     0.0
145  0  0  1  1  0  1  0  1  0  0  0  1  0  1  1  1  1  0  1  0  0  0  0  1  1  1  1  0  0  1  1  1  0  1  0  0  1  0  0  0  1  0  1  1  0  1  0  1  0  1 -481.25       1     0.0
267  1  1  1  1  1  1  0  1  1  1  0  0  0  1  0  0  1  0  0  0  0  0  0  0  1  1  0  1  1  1  1  0  0  1  0  1  0  0  0  0  0  0  1  1  0  1  1  1  1  0 -481.25       1    0.02
408  0  0  1  1  1  0  1  0  1  1  0  0  0  1  1  0  0  1  0  1  0  0  0  0  1  1  1  1  1  1  0  1  0  1  1  0  1  0  0  1  0  1  1  0  0  1  0  1  0  0 -481.25       1    0.04
146  0  1  1  0  0  0  1  1  1  0  1  1  0  0  1  1  0  1  0  1  0  0  1  0  1  1  0  1  1  1  1  1  0  1  0  1  0  0  0  0  1  1  0  1  0  1  1  1  0  1  -481.0       1     0.0
147  1  1  0  1  1  0  1  0  0  1  0  0  0  0  1  0  0  0  0  1  1  0  0  0  1  1  0  1  1  1  0  1  1  1  0  1  0  0  0  1  1  1  0  1  0  1  0  1  1  1  -481.0       1     0.0
148  0  0  0  1  0  0  1  1  0  0  1  1  0  1  1  0  1  1  0  1  1  0  1  1  1  1  0  0  0  1  0  1  0  1  0  1  0  0  1  1  0  1  1  0  0  1  0  1  1  0  -481.0       1     0.0
149  1  1  0  0  1  0  0  1  0  0  1  1  0  0  1  1  1  0  0  1  0  0  1  1  1  1  1  0  0  1  0  0  1  1  0  0  1  1  1  0  1  0  1  1  0  0  1  0  0  1  -481.0       1     0.0
247  0  1  1  0  1  0  0  0  1  1  1  1  0  0  1  1  1  0  1  1  0  0  1  0  1  0  1  0  1  0  0  0  0  1  1  0  1  1  0  0  1  1  1  1  1  0  0  1  1  1  -481.0       1    0.02
280  0  1  1  1  0  1  0  0  0  1  0  1  0  1  0  0  1  0  1  1  0  0  0  0  1  0  1  1  1  1  1  0  0  1  0  0  1  0  0  1  1  0  1  1  0  1  1  1  1  0  -481.0       1    0.02
289  0  1  1  1  1  1  1  1  1  0  1  0  0  1  1  0  1  0  0  1  1  0  0  0  1  1  0  1  0  1  0  1  1  0  0  0  1  0  0  1  1  1  1  1  0  0  0  1  1  0  -481.0       1    0.02
407  1  0  1  0  1  0  0  1  0  1  0  0  0  0  0  0  0  0  1  1  1  0  0  1  1  0  0  1  0  1  1  1  0  1  0  0  1  1  0  0  1  0  1  1  1  1  0  1  0  1  -481.0       1    0.04
414  0  0  1  1  1  0  0  1  1  1  1  1  0  0  1  1  0  1  0  0  0  0  1  1  1  0  0  0  0  1  0  1  0  1  0  0  1  0  0  1  0  0  0  1  1  1  1  0  1  0  -481.0       1    0.04
419  0  0  1  0  0  1  1  0  1  1  1  1  0  0  1  0  1  0  1  0  0  0  1  1  1  0  0  0  0  0  0  1  0  1  1  0  0  1  0  1  1  1  1  0  1  0  0  1  1  0  -481.0       1    0.04
420  0  0  1  0  0  1  1  0  0  1  0  1  0  1  1  0  1  1  0  1  0  0  0  1  1  1  1  0  1  0  0  0  0  1  1  0  1  1  0  1  1  0  1  1  0  0  0  1  1  1  -481.0       1    0.06
471  1  0  1  0  1  0  0  1  0  1  1  0  0  1  0  1  0  1  0  0  1  0  1  1  1  1  0  0  0  1  0  1  0  1  0  0  0  0  1  1  0  0  1  0  0  0  1  1  1  1  -481.0       1    0.04
150  1  1  0  0  1  1  0  0  1  1  0  0  0  0  0  0  0  0  1  0  0  1  0  1  1  0  1  0  1  1  1  1  0  1  0  0  1  0  0  0  0  0  1  1  0  1  1  1  1  0 -480.25       1     0.0
151  1  0  1  0  1  0  0  1  1  0  1  0  0  0  1  1  1  1  0  1  1  0  1  1  1  0  1  0  0  1  0  0  1  1  1  0  0  0  0  0  1  1  1  0  0  1  0  0  1  0 -480.25       1     0.0
152  0  1  1  0  1  1  1  0  0  1  0  0  0  0  1  0  1  0  0  1  0  0  1  1  1  0  1  1  0  1  1  0  1  0  0  1  1  1  0  0  1  0  1  1  0  1  0  1  1  1 -480.25       1     0.0
153  1  1  1  0  1  0  1  1  1  1  0  1  0  0  1  0  0  1  0  0  1  0  1  0  1  0  0  1  1  1  1  0  0  1  0  0  0  0  0  1  0  1  1  1  0  1  1  1  1  0 -480.25       1     0.0
154  1  1  1  0  0  0  1  1  0  1  0  0  0  0  1  0  1  1  1  1  0  0  0  0  1  0  1  0  1  1  1  0  0  0  1  1  1  0  0  1  0  1  1  1  1  1  1  0  1  0 -480.25       1     0.0
404  0  1  1  1  0  0  0  0  1  1  0  0  1  0  1  0  1  1  1  1  1  0  1  0  1  0  1  0  1  1  0  0  0  1  0  0  1  1  0  0  1  1  1  1  0  0  0  1  1  1 -480.25       1    0.04
155  0  1  0  0  1  1  1  0  1  1  0  1  0  0  1  0  1  1  1  1  0  0  0  0  1  0  0  0  1  1  0  0  0  1  0  0  1  0  0  0  1  1  1  1  1  1  0  1  1  1  -480.0       1     0.0
156  0  0  1  0  0  0  0  0  1  1  1  1  0  0  1  0  1  1  1  0  1  0  0  0  1  0  0  0  0  1  1  0  1  1  0  1  1  1  0  0  0  0  1  1  1  1  0  1  1  0  -480.0       1     0.0
157  0  1  1  1  0  1  0  1  0  0  1  1  1  0  0  0  1  0  0  0  0  0  0  0  1  1  0  1  0  1  0  1  1  0  0  0  1  0  0  0  0  0  1  1  1  1  1  0  1  0  -480.0       1     0.0
158  0  1  0  0  1  0  0  1  1  1  0  1  0  0  1  0  1  1  1  0  0  0  0  0  1  0  1  1  0  0  1  1  1  1  1  0  1  0  0  0  1  1  1  1  1  0  0  1  1  0  -480.0       1     0.0
243  1  0  1  1  1  0  0  1  1  0  1  0  0  0  0  0  1  1  1  1  1  0  1  1  1  0  0  0  0  1  0  0  1  1  1  0  1  1  0  0  0  0  1  1  0  1  0  1  1  0  -480.0       1    0.02
255  0  0  1  0  1  1  1  0  1  0  1  0  0  0  1  1  0  0  1  0  0  0  0  0  1  1  1  1  1  1  0  1  1  1  0  1  1  0  0  1  1  1  1  1  0  0  0  1  1  1  -480.0       1    0.02
319  1  1  1  0  1  1  1  1  0  1  0  0  0  0  0  0  1  1  1  1  1  0  0  0  1  1  0  1  0  0  1  0  0  1  0  1  0  0  0  1  0  0  1  1  0  0  1  1  0  0  -480.0       1    0.02
329  1  1  0  0  1  0  1  0  0  0  1  1  0  0  1  0  1  0  0  1  0  0  1  0  0  1  1  1  1  1  1  0  0  0  0  1  0  0  0  1  1  1  1  1  0  1  1  1  1  0  -480.0       1    0.02
334  0  1  1  0  0  0  1  1  1  1  0  0  0  0  1  0  1  1  1  1  1  0  1  0  1  0  0  1  0  0  1  1  0  1  0  0  1  1  0  0  1  0  0  1  0  1  1  1  1  0  -480.0       1    0.02
399  1  1  0  1  0  1  1  0  0  0  0  0  0  1  1  1  1  1  0  1  0  0  0  0  1  1  1  1  0  1  0  0  0  1  0  1  1  0  0  1  1  1  1  1  0  0  0  0  1  1  -480.0       1    0.04
441  0  0  1  0  0  0  1  0  1  1  1  0  0  1  0  0  1  0  1  0  0  0  1  1  1  0  0  1  0  1  1  1  0  1  1  1  1  1  0  0  1  0  1  1  0  1  0  1  1  0  -480.0       1    0.06
161  1  1  1  0  1  0  0  0  1  1  0  0  0  0  0  1  0  0  1  0  0  0  0  0  1  0  1  0  1  1  0  1  0  1  0  1  1  1  0  1  1  1  1  1  0  1  0  1  1  0 -479.25       1     0.0
162  0  1  1  1  1  0  1  0  1  1  0  0  0  0  0  0  0  1  0  1  0  0  0  1  1  0  1  1  1  1  1  0  0  0  0  0  0  0  0  1  0  1  0  1  1  1  1  0  1  0 -479.25       1     0.0
163  1  0  1  0  0  1  1  0  1  1  0  1  1  0  1  0  0  0  1  0  0  0  1  1  1  1  1  1  0  1  1  0  0  1  0  0  1  0  0  0  1  1  1  1  0  0  0  1  0  0 -479.25       1     0.0
164  1  0  1  1  1  0  1  1  1  1  0  0  0  0  0  0  1  1  1  0  0  0  0  1  1  0  0  1  0  1  0  1  1  0  1  0  1  0  0  0  1  0  1  1  1  1  0  0  1  0 -479.25       1     0.0
165  1  0  1  0  0  0  1  1  1  1  0  1  0  0  1  0  0  0  1  0  1  0  0  1  0  1  0  1  0  1  1  0  0  1  0  0  1  1  0  1  1  1  1  0  0  1  0  1  1  0 -479.25       1     0.0
166  1  0  1  1  0  0  1  0  0  0  0  0  0  0  0  1  1  1  0  1  1  1  1  0  1  1  0  1  0  1  0  0  0  1  0  1  0  0  0  1  1  1  1  1  0  1  0  1  1  0 -479.25       1     0.0
326  0  1  0  0  1  0  1  0  0  1  0  0  0  1  1  0  0  0  1  1  0  0  1  1  1  0  1  1  0  0  1  0  1  1  1  0  1  1  0  1  0  0  1  0  0  1  0  1  1  1 -479.25       1    0.02
336  0  0  1  1  0  0  1  1  0  1  1  1  0  1  1  0  0  0  1  1  0  0  1  1  1  1  1  1  0  0  1  0  0  1  0  0  1  1  0  0  0  0  1  0  0  0  0  1  0  0 -479.25       1    0.02
368  0  0  1  0  0  1  1  1  0  0  0  1  1  0  1  0  1  1  0  0  0  0  1  1  1  1  1  1  0  1  1  1  0  1  1  0  0  0  0  1  0  0  1  1  0  1  1  0  1  1 -479.25       1    0.02
398  1  0  1  0  0  0  0  1  1  1  0  0  0  0  0  1  1  1  1  0  1  0  1  1  1  0  0  0  0  1  1  1  0  1  1  0  1  1  0  0  1  0  1  1  1  1  0  1  1  0 -479.25       1    0.04
401  0  1  1  1  1  0  0  0  1  1  0  1  1  0  1  0  1  0  1  0  0  0  0  0  0  0  1  1  0  1  0  0  1  1  0  0  1  0  0  1  1  1  0  1  1  0  0  1  1  1 -479.25       1    0.04
424  1  1  1  1  0  1  1  0  1  1  0  0  0  0  0  0  0  0  1  1  0  0  0  0  1  0  0  0  1  1  0  0  0  1  0  1  1  1  0  1  1  0  1  1  0  1  0  1  1  1 -479.25       1    0.06
469  0  1  1  1  1  1  1  0  1  0  0  0  0  0  1  0  1  0  0  1  0  0  0  0  1  1  1  1  0  0  0  0  1  1  1  1  1  1  0  1  1  1  1  1  0  0  0  1  1  0 -479.25       1    0.08
477  0  0  1  0  1  1  1  0  1  1  1  0  1  0  0  0  1  0  1  0  0  0  0  1  1  0  0  1  0  1  1  0  0  1  1  0  1  1  0  1  1  0  1  1  0  0  0  1  1  0 -479.25       1    0.08
488  1  0  1  0  1  0  1  0  1  1  0  0  0  0  1  0  0  0  1  1  0  0  0  0  1  1  1  1  0  0  0  0  1  1  1  1  0  1  0  0  1  1  1  1  0  0  0  1  1  1 -479.25       1    0.14
167  1  1  0  0  1  1  1  0  0  1  1  1  0  0  1  0  0  0  1  0  0  0  1  0  1  0  1  1  1  1  1  0  0  1  0  0  1  1  0  0  1  1  1  1  0  0  0  1  1  0  -479.0       1     0.0
168  0  0  1  0  0  0  0  0  1  1  1  0  1  0  0  0  0  1  1  1  1  0  1  1  1  0  0  0  1  1  0  0  0  1  0  0  0  1  0  1  0  1  0  0  0  1  0  1  1  1  -479.0       1     0.0
169  0  1  0  1  1  0  0  1  1  0  0  0  0  0  1  0  1  1  1  1  1  0  0  1  1  1  0  0  1  1  1  1  1  0  0  0  1  0  1  0  0  1  0  1  1  1  1  1  1  0  -479.0       1     0.0
170  0  1  0  1  1  1  1  1  0  0  1  1  0  0  0  1  0  0  0  0  0  0  1  1  1  1  0  1  0  1  1  1  0  1  0  0  0  0  1  1  0  1  1  1  0  1  0  1  1  0  -479.0       1     0.0
171  0  1  1  0  0  0  1  0  1  1  0  1  0  0  1  0  1  0  0  0  0  1  0  0  0  1  0  1  0  1  1  0  1  1  0  1  1  0  0  0  1  0  1  1  1  1  1  0  1  0  -479.0       1     0.0
269  0  1  1  0  0  1  1  0  1  1  0  0  0  1  1  0  1  0  1  0  0  0  0  1  1  1  0  1  0  1  0  1  0  1  1  0  1  0  0  1  1  1  1  0  0  0  0  1  1  1  -479.0       1    0.02
271  1  0  1  1  0  0  1  0  1  0  0  0  0  0  0  0  1  1  1  1  1  0  0  0  0  0  0  0  0  1  0  1  1  1  1  1  1  1  0  0  1  1  1  1  0  1  0  1  1  1  -479.0       1    0.02
308  1  1  1  0  1  0  1  0  0  1  0  0  0  0  0  0  1  0  0  1  0  0  0  1  1  0  1  0  0  1  1  0  1  1  0  1  1  1  0  0  1  0  1  0  0  1  0  1  1  1  -479.0       1    0.02
422  1  1  1  0  0  0  0  0  1  1  0  0  0  1  1  0  0  1  1  0  1  0  0  1  1  0  0  1  1  1  0  1  0  1  0  1  1  0  0  0  1  1  1  1  0  1  0  1  1  0  -479.0       1    0.04
438  0  0  1  0  0  1  1  0  1  1  1  1  0  0  1  0  1  0  0  1  0  0  0  0  1  1  0  1  0  1  0  1  1  1  1  0  1  1  0  1  1  0  1  1  1  0  0  1  1  1  -479.0       1    0.06
462  0  0  1  0  0  0  0  0  1  1  0  1  0  0  0  0  1  1  1  0  0  0  0  0  1  1  1  1  0  0  0  1  1  1  1  1  1  1  0  0  1  1  1  1  1  0  0  1  1  1  -479.0       1    0.08
174  1  1  0  1  1  1  0  1  0  0  1  1  1  0  1  0  0  0  1  0  1  0  0  1  1  0  0  1  1  1  1  0  0  0  0  0  0  0  0  0  1  1  1  1  0  1  1  1  0  0 -478.25       1     0.0
175  0  0  1  1  0  0  0  1  0  0  0  1  1  0  1  1  0  0  1  0  0  0  1  1  1  1  1  0  0  0  1  0  0  1  0  0  1  0  0  0  1  0  1  1  0  1  0  1  1  1 -478.25       1     0.0
176  1  0  0  0  1  1  0  1  0  1  1  1  0  0  1  1  0  1  1  0  1  0  1  1  1  0  1  1  0  1  1  1  0  1  0  0  1  0  0  0  1  1  1  1  0  0  0  1  0  0 -478.25       1     0.0
177  0  1  0  1  1  1  0  1  0  0  1  1  0  0  1  1  1  0  0  0  1  1  0  0  0  1  0  1  0  1  1  1  0  0  0  1  0  0  0  0  1  0  1  1  1  0  1  0  1  1 -478.25       1     0.0
178  1  1  0  0  1  0  0  1  0  1  0  0  0  0  1  0  0  0  0  0  0  0  1  1  1  1  1  1  0  1  1  1  0  1  0  0  0  1  1  0  0  0  1  1  0  1  1  1  1  1 -478.25       1     0.0
238  1  1  1  1  1  0  0  0  1  1  0  0  0  0  0  0  1  0  1  1  0  0  0  0  1  1  1  1  1  1  0  0  0  1  0  1  1  1  0  1  1  0  1  1  0  0  0  1  1  1 -478.25       1    0.02
325  1  0  0  0  0  0  0  0  1  1  0  0  0  0  1  0  0  1  1  1  1  1  1  1  1  1  0  1  0  0  0  0  0  0  0  0  1  1  0  0  1  0  1  1  0  1  0  1  1  1 -478.25       1    0.02
341  1  1  1  0  0  0  1  0  0  0  1  1  0  0  1  0  1  0  1  0  0  0  1  1  1  0  1  0  0  1  1  0  1  1  0  0  1  1  0  0  1  1  1  1  1  1  0  1  1  0 -478.25       1    0.02
181  0  1  1  0  1  1  1  1  1  0  0  1  0  1  1  0  1  0  0  0  0  0  1  0  1  0  0  1  1  0  0  1  1  1  1  0  1  0  0  0  1  1  1  1  0  0  0  1  0  1  -478.0       1     0.0
182  0  1  1  1  1  1  0  1  0  0  1  0  1  1  1  0  1  1  1  0  0  0  0  0  0  0  1  1  1  1  1  1  0  1  0  0  1  0  0  1  1  1  0  1  1  1  0  1  0  0  -478.0       1     0.0
313  1  1  1  0  0  0  1  0  1  1  0  0  0  0  0  1  1  0  0  1  0  0  1  1  1  1  1  1  1  0  1  0  0  1  0  0  0  1  0  1  1  1  1  0  0  0  0  1  0  0  -478.0       1    0.02
378  0  0  1  0  0  1  0  0  1  1  0  0  0  0  1  1  1  0  1  1  0  0  1  0  1  0  1  1  1  1  1  1  0  1  1  1  1  1  0  0  1  0  1  1  1  0  0  1  1  0  -478.0       1    0.06
381  0  0  1  1  1  0  1  1  1  1  0  0  0  0  1  1  1  1  1  1  0  0  0  0  1  1  1  1  0  1  0  0  0  1  0  0  1  0  0  1  1  1  1  1  0  0  0  0  1  0  -478.0       1    0.04
188  1  1  1  0  0  1  0  1  0  0  1  1  1  0  1  1  1  0  1  1  0  0  0  1  1  1  1  0  0  0  1  0  0  1  0  0  1  0  0  0  0  0  1  1  0  1  1  0  1  0 -477.25       1     0.0
189  0  0  1  1  1  0  0  1  1  0  0  0  0  0  0  0  1  1  1  0  0  0  0  1  1  1  1  0  1  1  0  1  0  0  1  1  1  1  1  0  0  0  1  1  1  1  0  1  1  1 -477.25       1     0.0
296  1  1  0  1  0  0  0  1  1  1  1  1  1  0  0  0  0  1  0  1  0  1  1  0  0  1  0  1  0  0  0  1  0  0  0  0  0  0  1  1  1  0  0  0  1  1  0  1  1  0 -477.25       1    0.02
300  1  1  1  1  0  0  0  1  0  0  1  0  0  0  1  0  0  1  1  0  0  1  1  1  0  1  0  0  1  0  1  0  0  0  0  0  0  0  1  0  1  1  0  1  1  1  1  0  1  0 -477.25       1    0.02
303  0  0  0  1  1  0  1  1  0  0  1  0  1  1  1  0  0  1  0  1  1  0  0  1  1  1  1  0  1  1  1  1  0  0  0  0  0  0  0  0  0  1  0  0  0  1  0  0  1  1 -477.25       1    0.02
321  0  1  1  0  0  1  1  0  1  0  1  1  0  1  0  0  1  0  0  1  0  0  0  0  1  0  1  0  0  1  0  0  1  1  1  1  1  0  0  1  1  0  1  1  0  0  0  1  1  1 -477.25       1    0.02
342  0  0  1  1  1  1  0  0  1  0  1  0  0  0  1  0  1  0  1  0  0  0  0  0  1  1  1  1  1  1  0  0  0  1  1  0  1  0  0  1  1  1  0  1  0  0  0  1  1  1 -477.25       1    0.04
410  1  1  1  0  0  1  1  0  1  1  0  0  0  1  0  0  1  1  1  0  0  0  0  0  1  0  1  0  1  1  0  0  1  1  1  0  1  1  0  1  1  0  1  1  0  1  0  1  1  0 -477.25       1    0.04
421  0  1  1  1  0  1  1  0  1  1  0  0  0  0  1  0  1  0  1  0  0  0  0  0  1  0  1  0  1  1  1  1  1  1  1  0  1  1  0  0  1  0  1  1  0  1  0  1  1  0 -477.25       1    0.06
458  1  1  0  0  0  0  1  1  0  0  1  1  1  0  0  1  0  0  0  0  0  1  1  1  0  1  0  0  0  1  1  0  0  1  0  1  1  0  1  1  0  1  0  0  1  1  0  0  0  1 -477.25       1     0.1
463  1  1  1  0  0  0  1  0  1  1  0  0  0  0  1  0  1  1  1  1  1  0  0  0  1  1  0  1  0  1  0  0  1  1  1  0  0  1  0  1  1  1  1  1  0  0  0  1  1  0 -477.25       1    0.08
472  0  1  1  0  0  1  0  0  0  1  0  1  0  1  1  0  1  0  1  0  1  0  1  1  1  0  0  1  0  0  1  1  1  1  1  0  1  1  0  0  1  0  1  1  0  0  0  1  1  1 -477.25       1    0.08
192  1  1  0  1  1  0  0  1  1  1  1  1  0  0  0  1  1  0  0  1  1  0  1  0  0  1  0  1  1  1  0  0  0  1  0  0  0  0  0  0  0  1  1  1  1  1  0  1  1  0  -477.0       1     0.0
279  0  0  1  0  0  0  1  0  1  1  0  0  0  0  1  0  1  1  1  1  0  0  0  1  1  0  1  0  1  1  0  1  1  1  1  0  1  1  0  1  1  0  1  1  0  1  0  1  1  1  -477.0       1    0.02
281  0  1  1  1  1  0  0  1  0  0  1  1  0  0  1  0  0  1  1  0  0  0  1  0  1  1  0  0  0  1  1  1  0  1  0  1  1  0  0  0  0  1  0  1  1  0  1  0  1  0  -477.0       1    0.02
292  1  1  1  1  1  1  0  0  1  1  0  1  1  0  1  0  1  0  0  1  0  0  0  0  1  1  1  0  1  0  0  0  0  0  0  1  1  1  0  1  1  1  1  1  0  0  0  1  1  1  -477.0       1    0.02
316  1  0  1  0  0  1  0  0  1  1  1  0  0  1  1  1  0  1  1  0  0  0  0  0  0  1  1  1  0  1  1  1  0  0  0  1  0  0  0  1  1  0  0  0  1  1  0  1  1  0  -477.0       1    0.02
331  0  1  1  0  1  1  1  0  1  1  1  1  0  0  1  1  1  0  1  0  0  0  0  0  1  1  1  0  0  1  1  0  1  1  1  0  1  0  0  1  0  1  1  0  1  0  0  0  1  1  -477.0       1    0.02
335  0  0  1  0  1  0  0  1  1  1  0  1  0  0  1  0  0  1  0  1  0  0  1  1  1  0  1  0  0  1  1  1  0  1  0  0  1  0  0  0  1  0  1  0  1  1  0  1  1  0  -477.0       1    0.02
199  0  0  1  0  1  0  1  0  1  0  1  0  0  0  0  1  1  0  1  0  0  0  1  1  1  0  0  0  1  0  0  0  0  1  1  1  0  1  0  1  0  1  1  0  0  1  1  1  1  0 -476.25       1     0.0
200  0  1  1  0  1  0  0  1  1  1  0  0  0  0  0  0  1  1  1  1  1  0  1  0  1  0  0  1  0  1  1  1  0  1  1  0  1  1  0  0  0  0  1  0  0  0  1  1  1  0 -476.25       1     0.0
201  0  1  1  0  0  0  1  0  0  1  1  1  1  0  0  0  0  1  0  0  1  0  0  0  0  0  0  1  0  1  1  1  0  1  0  1  1  0  0  0  0  0  0  1  1  1  1  1  1  1 -476.25       1     0.0
202  0  1  1  1  0  1  0  0  1  0  0  0  0  1  1  1  1  1  1  0  0  0  0  0  1  1  0  1  1  1  0  1  0  1  1  1  1  0  0  1  1  0  0  1  1  1  1  1  1  0 -476.25       1     0.0
203  1  0  0  0  0  0  1  0  0  1  0  1  1  0  1  0  1  1  0  1  0  0  1  0  1  0  0  1  0  1  0  0  0  1  0  0  0  0  0  1  1  1  0  1  0  1  0  1  1  0 -476.25       1     0.0
356  0  1  1  1  1  0  0  0  1  1  1  0  0  0  1  1  1  0  1  1  1  0  0  0  1  1  1  1  1  1  0  1  1  1  0  1  0  1  0  0  0  1  0  1  0  0  0  1  1  1 -476.25       1    0.04
357  0  1  1  0  0  1  1  1  1  0  1  0  0  1  1  0  1  0  1  0  1  0  0  0  1  1  0  0  0  1  0  1  0  1  1  1  1  0  0  0  0  1  1  1  1  0  1  0  1  1 -476.25       1    0.02
359  1  0  0  0  0  1  1  0  1  0  0  0  0  0  0  1  1  0  1  0  0  0  1  0  1  0  0  0  1  0  1  1  0  1  1  1  1  1  0  1  1  1  1  1  0  1  1  1  1  1 -476.25       1    0.02
418  1  1  0  0  1  0  1  1  0  0  1  1  0  0  1  0  1  0  0  1  0  0  0  1  0  1  1  0  1  1  1  1  1  0  0  0  0  0  0  1  0  1  1  1  1  1  1  0  0  0 -476.25       1    0.04
433  0  0  1  0  1  0  0  0  1  0  0  0  0  0  1  1  1  1  1  1  0  0  0  0  1  0  1  1  1  1  1  0  1  1  1  1  1  0  0  1  1  1  1  0  0  0  0  1  1  1 -476.25       1    0.06
478  1  0  1  0  0  0  0  0  1  0  0  0  0  0  0  0  0  1  1  1  0  0  0  1  0  0  0  0  1  1  1  1  0  1  1  1  1  1  1  1  1  0  1  1  0  1  0  1  1  1 -476.25       1    0.08
206  0  1  0  1  0  0  0  1  1  0  1  0  1  0  0  1  0  1  0  1  0  1  1  1  0  0  0  0  0  1  1  1  0  1  0  0  1  0  0  1  0  0  1  1  1  1  1  0  1  0  -476.0       1     0.0
207  0  1  0  1  1  0  0  1  0  0  1  1  0  0  1  0  1  1  0  1  0  0  0  0  0  1  1  0  0  1  0  0  0  1  0  1  1  1  0  1  1  1  1  0  1  1  0  1  1  1  -476.0       1     0.0
208  1  1  0  0  1  1  0  1  0  0  0  1  0  0  1  1  0  0  1  0  0  1  1  1  1  0  0  1  1  1  0  0  0  1  0  0  1  0  1  0  1  1  1  0  1  1  1  1  1  1  -476.0       1     0.0
305  0  1  1  0  0  0  1  0  1  1  0  1  0  1  0  0  1  1  1  1  0  0  0  0  1  1  1  1  1  1  0  1  0  1  0  1  1  0  0  1  1  1  1  1  0  0  0  1  1  0  -476.0       1    0.02
330  0  1  0  0  0  0  1  0  1  1  1  1  0  0  1  0  0  1  1  1  1  0  1  1  1  0  0  0  1  1  1  1  0  0  0  0  0  1  1  1  0  1  0  1  0  0  1  0  0  0  -476.0       1    0.02
343  1  1  0  0  1  0  0  1  1  1  0  1  0  1  1  1  1  1  0  1  0  0  1  0  1  1  0  0  1  0  0  0  0  1  1  0  1  0  0  1  1  0  1  0  0  1  0  1  1  0  -476.0       1    0.02
371  1  1  1  0  0  1  0  0  1  1  0  1  1  0  1  0  1  0  1  0  0  0  0  0  1  0  1  1  1  0  1  1  0  1  1  0  1  0  0  1  1  1  1  1  0  0  0  1  1  1  -476.0       1    0.04
392  0  0  1  0  0  0  0  0  1  1  0  0  0  1  1  1  1  1  1  1  1  0  0  0  1  1  1  0  0  1  0  0  1  1  1  0  1  1  0  1  1  1  1  0  0  0  1  1  1  1  -476.0       1    0.04
443  0  0  1  0  1  0  0  0  1  1  0  0  0  1  1  0  1  0  1  1  0  0  0  1  1  1  1  0  1  0  0  1  1  1  0  0  0  1  0  0  1  1  1  0  0  0  0  1  1  1  -476.0       1    0.08
480  0  0  1  0  1  0  0  0  1  0  1  0  0  0  0  0  1  0  1  1  0  0  1  0  1  1  1  0  1  1  0  0  1  1  1  0  1  1  0  0  1  1  1  1  1  0  0  1  1  1  -476.0       1     0.1
495  0  1  1  0  0  1  1  0  1  1  0  0  0  0  1  0  1  0  1  1  0  0  0  0  1  1  1  1  1  1  0  1  1  1  1  1  1  1  0  0  1  1  1  1  0  0  0  1  1  1  -476.0       1    0.12
210  0  0  1  1  1  0  0  1  1  1  1  1  0  0  0  1  1  1  1  0  0  0  0  0  1  1  0  0  1  1  0  0  0  1  1  0  1  0  1  0  1  0  1  1  0  1  0  1  1  1 -475.25       1     0.0
307  0  1  1  0  0  0  0  0  0  0  1  1  0  1  0  1  1  0  1  0  0  0  1  1  1  0  0  0  0  1  1  0  0  1  0  1  1  1  0  0  1  0  1  1  1  1  0  1  1  1 -475.25       1    0.02
317  1  0  1  0  0  0  1  0  1  1  1  1  0  0  0  0  1  0  1  0  0  0  1  0  1  1  0  1  0  0  0  1  1  1  1  0  1  1  0  1  1  1  1  1  0  0  0  1  1  1 -475.25       1    0.02
328  0  1  1  1  1  1  0  0  0  0  1  1  0  0  1  0  1  0  1  1  0  0  1  1  1  0  0  1  1  1  0  0  0  0  1  0  1  1  0  1  1  1  1  0  0  0  0  1  1  1 -475.25       1    0.02
417  0  1  1  0  1  1  1  1  1  0  0  0  0  0  1  0  1  0  1  1  0  0  0  1  1  1  1  0  0  1  1  0  0  1  0  1  1  0  0  0  1  0  1  1  1  0  0  1  1  1 -475.25       1    0.04
212  1  1  1  0  0  1  1  1  0  1  0  0  0  0  1  0  1  1  0  0  0  1  1  0  1  1  0  1  0  1  1  1  0  1  0  1  0  0  0  0  0  1  1  0  1  1  1  0  1  0  -475.0       1     0.0
213  1  1  1  0  0  1  1  0  1  1  0  0  1  1  1  0  1  1  1  0  0  0  0  0  1  0  0  0  1  1  0  0  1  1  0  0  1  0  0  0  1  1  1  1  0  1  0  1  1  0  -475.0       1     0.0
214  1  0  0  0  0  0  1  1  1  1  0  1  0  0  1  0  1  0  1  1  0  0  0  1  1  0  1  1  0  1  1  0  0  0  0  1  1  1  0  0  1  0  1  1  0  1  0  0  0  1  -475.0       1     0.0
301  1  1  1  0  1  0  0  0  1  0  0  1  0  1  1  1  1  0  1  0  0  0  0  0  1  1  0  0  1  1  0  0  0  1  1  0  1  0  0  1  1  1  1  1  1  0  1  1  1  1  -475.0       1    0.02
217  0  0  0  0  1  1  0  1  0  1  1  1  0  0  0  0  0  1  1  0  0  0  1  1  1  0  0  1  1  0  0  0  0  1  0  0  1  0  0  0  1  1  0  1  1  0  1  1  1  1 -474.25       1     0.0
218  1  0  1  0  0  0  1  0  1  1  0  0  0  1  1  0  1  0  1  0  0  0  0  1  1  0  0  0  0  1  0  1  1  1  1  0  1  1  0  1  1  0  1  1  0  1  0  1  1  0 -474.25       1     0.0
219  0  0  1  1  0  1  0  0  1  1  1  0  0  0  1  0  1  0  1  0  0  0  0  0  1  1  0  1  0  1  0  1  1  1  1  0  1  0  0  0  1  1  1  1  0  1  0  0  1  1 -474.25       1     0.0
220  0  1  1  1  0  1  1  0  0  1  1  1  0  0  1  0  1  0  1  0  0  0  0  0  1  0  0  1  0  0  0  1  0  1  1  1  1  0  0  1  1  1  1  1  0  1  1  1  1  0 -474.25       1     0.0
221  0  0  0  0  0  0  1  1  0  0  1  1  0  0  0  0  1  1  0  1  0  0  1  1  0  1  0  1  0  1  1  0  0  1  0  0  0  0  1  0  1  1  0  1  1  1  1  1  1  0 -474.25       1     0.0
222  1  1  0  0  0  0  1  0  0  0  1  0  0  0  0  1  0  0  1  0  0  1  1  0  1  0  0  1  0  1  1  1  1  1  0  1  1  0  0  1  1  1  1  0  0  1  1  1  1  0 -474.25       1     0.0
311  0  0  1  0  1  1  1  0  1  0  0  1  0  1  1  0  1  1  0  0  0  0  0  0  1  0  0  0  1  0  1  1  1  1  1  1  1  1  0  1  1  0  1  1  1  1  1  1  1  0 -474.25       1    0.02
379  0  0  0  0  1  0  0  0  1  0  0  0  0  1  1  0  1  0  1  0  0  0  0  0  1  0  1  1  1  0  1  0  1  1  1  1  1  0  0  1  1  0  1  1  1  1  0  1  1  1 -474.25       1    0.04
467  1  0  1  1  1  1  1  1  0  0  1  0  1  0  0  1  0  1  0  0  0  0  1  1  0  0  0  1  0  1  1  0  0  1  0  1  0  0  1  0  0  1  0  0  0  1  0  1  1  0 -474.25       1    0.04
479  0  0  1  0  1  1  0  0  1  0  0  0  0  1  0  0  1  1  1  0  1  0  1  0  1  0  0  1  1  1  0  1  1  1  1  0  1  1  0  0  1  1  1  1  0  0  0  1  1  1 -474.25       1     0.1
498  1  0  1  0  1  1  1  0  0  0  0  0  0  0  1  0  1  0  1  0  0  0  1  1  1  0  1  1  1  1  0  0  1  1  1  1  1  1  0  1  1  0  1  1  0  0  0  1  1  0 -474.25       1    0.16
223  0  0  1  0  1  1  1  0  0  1  0  1  0  0  0  0  1  0  1  0  0  0  0  1  1  0  1  0  1  1  1  0  0  1  0  0  1  1  0  0  0  1  1  0  0  1  0  0  1  1  -474.0       1     0.0
224  1  1  0  0  1  1  0  0  0  0  0  1  0  0  1  1  0  1  0  0  0  0  1  1  1  1  1  1  1  1  0  0  0  1  0  1  1  0  0  1  0  1  0  0  0  1  1  0  1  0  -474.0       1     0.0
309  0  0  1  1  1  1  1  0  0  1  0  0  0  0  0  1  1  0  1  1  0  0  0  0  1  0  0  0  1  1  1  1  1  1  1  0  1  0  0  1  1  1  1  0  0  0  1  0  1  1  -474.0       1    0.02
361  0  1  1  1  1  1  1  1  0  0  0  0  0  0  1  0  1  0  0  1  0  0  1  0  1  1  1  1  0  1  0  1  1  1  1  0  0  1  0  1  0  1  1  1  0  0  0  1  1  1  -474.0       1    0.02
365  0  0  0  0  0  1  1  0  1  1  0  1  0  1  1  0  1  0  1  0  0  0  0  1  1  1  0  1  0  0  1  0  1  1  1  1  1  1  0  0  1  0  1  1  0  0  0  1  1  1  -474.0       1    0.04
387  0  1  1  1  0  0  1  0  1  1  0  0  0  0  1  0  1  1  0  1  0  0  0  1  1  0  0  0  1  1  0  0  1  1  1  0  1  0  0  1  1  1  1  1  0  1  1  1  1  1  -474.0       1    0.02
475  1  0  1  0  0  1  0  1  1  1  0  0  0  1  1  1  1  0  1  0  0  0  0  0  0  0  0  1  0  1  1  0  0  1  1  1  1  0  1  0  1  0  1  1  0  1  0  1  1  1  -474.0       1    0.08
228  0  0  0  0  1  1  0  0  0  1  0  1  0  1  0  0  1  0  1  1  0  0  0  0  1  0  0  0  1  1  1  0  0  1  1  1  1  0  0  0  1  0  1  1  0  0  1  1  1  1 -473.25       1     0.0
229  0  0  1  0  0  0  1  0  1  1  0  0  0  1  1  0  1  1  1  1  0  0  1  0  1  1  0  1  0  1  0  0  1  1  0  1  1  1  0  1  1  0  1  0  0  0  1  1  1  1 -473.25       1     0.0
230  1  1  1  0  1  1  0  0  0  1  0  0  0  0  0  0  1  0  0  1  0  0  1  0  1  0  0  1  1  1  0  1  1  1  1  1  1  1  0  0  1  1  1  1  0  1  0  1  1  0 -473.25       1     0.0
231  1  1  1  1  1  0  0  1  1  1  0  0  0  1  0  1  1  1  0  1  0  0  0  0  1  1  0  0  1  1  0  0  0  1  1  1  0  0  0  1  0  1  1  1  0  0  0  1  1  1 -473.25       1     0.0
232  0  1  1  1  1  0  0  1  1  0  0  1  0  0  1  0  1  1  0  0  0  0  0  0  1  1  1  1  0  0  1  0  1  1  1  0  1  0  0  1  1  1  1  0  1  0  0  1  1  1 -473.25       1     0.0
324  0  1  1  1  0  0  0  0  0  1  1  0  0  0  1  0  0  0  1  1  0  0  1  0  0  0  0  1  0  1  1  0  0  1  0  1  1  1  0  0  1  1  1  1  0  1  1  1  1  1 -473.25       1    0.02
353  1  1  0  1  0  1  1  0  0  1  1  0  0  0  0  1  0  1  0  1  0  0  0  1  1  1  1  1  0  1  1  0  0  0  0  1  0  0  0  1  0  1  0  0  0  1  0  0  1  1 -473.25       1    0.02
354  1  1  1  1  0  1  0  1  0  0  0  1  1  0  0  0  1  1  0  0  0  1  0  1  1  1  0  1  0  1  1  0  0  0  0  0  1  0  1  1  1  1  1  0  1  1  1  0  1  0 -473.25       1    0.02
374  1  0  1  0  1  0  0  1  1  1  1  1  0  0  1  0  1  0  0  1  0  1  1  1  1  0  0  0  0  1  0  0  0  1  1  0  1  0  1  0  1  0  1  0  0  0  1  1  0  1 -473.25       1    0.02
376  1  1  1  0  1  0  1  0  0  0  0  0  0  0  0  0  1  1  1  1  0  0  1  1  1  1  1  1  1  0  1  0  1  1  1  0  0  1  0  1  1  0  1  0  0  0  0  1  1  1 -473.25       1    0.02
395  1  1  0  0  0  0  0  1  0  1  1  0  1  1  1  0  0  0  0  0  1  0  1  1  0  0  1  0  0  1  1  0  0  0  0  1  1  1  0  1  0  1  1  1  1  0  0  1  0  0 -473.25       1    0.02
397  0  1  1  0  1  1  0  0  1  1  0  1  0  1  1  0  1  0  0  1  0  0  1  0  1  0  1  0  1  1  1  0  0  1  1  1  1  0  0  0  0  0  0  0  0  0  1  0  1  0 -473.25       1    0.02
485  0  0  1  1  0  1  0  0  1  1  0  0  0  1  1  0  1  1  1  0  0  0  0  0  1  0  1  0  0  1  0  1  1  1  1  1  1  1  0  0  1  1  1  0  1  1  0  0  1  1 -473.25       1    0.08
233  1  0  0  0  1  0  1  0  0  0  0  0  0  1  1  1  0  1  0  1  0  0  0  1  1  1  1  0  1  1  0  1  0  1  0  1  0  0  0  1  1  0  0  1  0  0  0  1  1  0  -473.0       1     0.0
234  0  1  0  1  0  0  1  1  0  1  1  0  0  1  1  0  0  1  0  1  1  0  0  0  1  0  1  0  1  1  1  1  0  0  0  0  0  0  0  1  0  0  0  0  1  1  0  1  1  0  -473.0       1     0.0
320  0  1  0  0  0  1  0  0  1  1  1  0  0  0  0  0  0  0  1  1  0  0  1  0  1  0  0  0  0  1  0  1  1  1  0  0  1  0  0  0  1  1  1  1  1  0  1  1  1  0  -473.0       1    0.02
460  1  0  1  0  1  1  1  0  0  1  0  0  0  1  0  0  0  1  1  0  0  0  0  0  1  0  1  1  0  1  0  1  1  1  0  1  1  1  0  1  1  1  1  1  0  1  0  1  1  1  -473.0       1    0.06
383  0  1  1  1  1  1  1  1  0  1  0  0  0  1  1  0  1  0  1  1  0  0  0  0  1  0  0  1  1  1  0  1  0  1  1  1  1  0  0  0  1  1  0  1  0  1  1  0  1  1 -472.25       1    0.04
447  0  0  1  1  0  1  0  0  0  0  1  0  0  0  1  1  0  0  1  1  0  0  0  0  1  0  1  1  0  1  1  1  0  1  0  1  1  1  0  0  0  0  1  1  0  1  1  0  1  0 -472.25       1    0.04
450  0  1  1  0  1  0  1  0  1  0  1  0  0  1  0  0  1  0  0  1  0  0  1  0  1  0  1  0  0  0  1  0  1  1  1  1  1  1  0  0  1  0  1  1  1  1  0  1  1  1 -472.25       1    0.06
484  0  0  1  0  0  0  0  0  0  1  1  0  0  0  1  0  1  0  1  0  1  0  0  1  1  0  1  0  1  0  0  0  0  1  1  1  1  1  0  1  1  1  1  0  0  1  1  1  1  1 -472.25       1    0.08
239  1  1  0  1  1  0  0  1  1  0  1  1  0  0  1  0  0  0  0  1  0  0  1  0  1  1  1  0  0  1  1  0  1  1  0  1  0  1  0  0  0  1  0  1  0  1  0  1  1  1  -472.0       1     0.0
240  1  1  1  1  1  0  0  0  0  0  0  0  0  1  0  1  1  0  1  1  0  1  0  1  1  1  1  1  0  0  0  0  1  1  0  1  0  1  0  0  1  1  1  1  0  0  0  1  1  0  -472.0       1     0.0
241  1  1  0  0  0  1  0  0  0  1  1  1  0  0  1  0  1  0  0  0  0  0  1  0  1  0  0  1  0  1  1  1  0  1  0  0  1  0  0  1  0  0  1  1  1  1  0  1  1  1  -472.0       1     0.0
298  1  1  1  0  1  0  1  0  1  1  0  0  0  0  1  0  1  0  1  0  0  0  0  0  1  1  0  1  1  1  1  1  1  1  1  0  1  0  0  1  1  1  0  1  1  0  0  1  1  0  -472.0       1    0.02
393  1  0  1  1  1  1  1  0  0  0  1  1  0  0  0  0  0  0  0  1  0  0  1  1  1  1  1  0  1  0  0  0  0  1  0  0  1  1  0  0  1  0  1  1  1  1  0  1  1  1  -472.0       1    0.02
403  0  0  1  0  1  1  0  0  1  1  0  1  0  0  0  0  1  0  1  0  0  0  0  1  1  0  1  1  1  0  1  0  1  1  1  1  1  1  0  1  1  1  1  1  0  1  0  1  1  0  -472.0       1    0.04
452  1  0  1  0  0  0  0  0  1  1  0  0  0  0  1  0  1  0  1  0  1  0  0  1  1  0  1  0  1  1  0  0  1  1  1  0  1  1  0  0  1  1  1  1  1  0  1  1  1  0  -472.0       1    0.06
358  0  0  1  1  1  0  0  0  1  0  0  1  0  0  1  0  1  1  1  1  0  0  0  1  1  0  0  0  1  1  1  0  1  1  1  0  1  0  0  1  1  1  1  1  1  1  1  0  1  1 -471.25       1    0.02
464  0  1  0  1  0  1  1  1  0  1  1  0  1  0  0  0  0  1  0  0  0  1  0  1  0  1  0  1  0  1  1  1  0  1  0  0  0  0  0  1  0  1  0  0  1  1  1  0  1  0 -471.25       1    0.08
249  0  0  1  0  1  1  0  0  1  1  0  1  0  1  1  0  0  1  0  1  1  0  0  0  1  0  1  1  0  1  1  1  0  1  1  0  1  1  0  0  1  0  1  0  1  1  0  1  1  1  -471.0       1     0.0
489  0  0  1  0  1  1  0  0  1  1  0  0  0  1  1  0  1  0  1  0  1  0  0  1  1  1  0  1  0  0  1  1  1  1  0  0  1  1  0  0  1  0  1  1  0  0  1  1  1  0  -471.0       1     0.1
253  1  0  0  0  0  0  1  0  1  1  1  1  1  0  1  1  0  1  0  1  0  0  0  1  1  0  0  0  0  1  1  0  0  1  0  1  0  0  0  1  0  1  0  1  0  1  1  1  0  0 -470.25       1     0.0
360  0  0  1  0  1  0  1  0  1  0  0  0  0  0  0  1  1  1  1  0  0  0  1  0  1  0  0  1  0  1  0  1  1  1  1  1  1  1  0  0  1  1  1  1  0  0  0  1  1  0 -470.25       1    0.02
256  0  1  0  0  1  1  1  1  1  1  1  1  1  0  0  0  0  1  0  0  1  0  1  1  0  1  0  1  0  1  1  1  0  0  1  1  0  1  0  0  0  0  1  0  1  0  0  1  1  0  -470.0       1     0.0
346  0  0  1  0  0  0  0  1  1  1  0  0  0  0  1  1  1  1  1  1  1  0  0  0  1  0  0  1  1  1  1  1  0  1  1  0  1  1  0  0  1  1  1  0  0  1  0  1  1  1  -470.0       1    0.02
352  0  1  1  0  0  0  1  0  1  0  1  1  0  0  1  0  1  1  1  0  0  0  0  1  1  0  1  0  0  1  1  1  0  0  1  0  1  0  0  1  1  1  1  1  1  0  0  1  1  0  -470.0       1    0.02
412  0  0  1  0  0  0  0  0  1  1  1  1  0  1  1  0  1  0  1  0  0  0  1  0  1  1  1  1  0  0  1  0  1  1  1  0  1  1  0  1  1  1  1  1  1  0  0  1  1  0  -470.0       1    0.02
440  0  0  1  1  0  1  0  0  0  1  0  0  0  1  0  0  1  0  1  0  1  0  0  1  1  0  0  1  0  1  0  1  0  1  1  0  1  1  0  0  1  1  1  0  1  1  1  1  1  1  -470.0       1    0.04
483  0  0  1  0  1  0  0  0  1  1  0  1  0  0  1  0  1  0  1  0  0  0  0  1  1  1  1  1  0  1  0  0  1  1  1  1  1  0  0  0  1  1  1  0  0  1  0  1  1  1  -470.0       1     0.1
333  1  0  1  0  0  0  0  0  1  1  1  0  0  0  1  0  1  0  1  0  0  0  0  1  1  0  1  0  1  1  0  0  0  1  1  0  1  1  0  1  1  1  1  1  1  1  0  1  1  1 -469.25       1    0.02
363  0  0  1  1  0  1  0  0  0  1  0  1  0  0  1  0  1  0  1  0  0  0  1  1  1  0  0  1  0  1  0  1  1  1  1  0  1  1  1  1  1  0  1  1  0  1  0  1  1  0 -469.25       1    0.02
416  1  0  0  0  0  0  1  0  0  1  1  0  0  0  1  0  0  0  1  0  1  0  1  1  0  0  1  0  0  1  0  0  1  0  1  1  0  1  0  0  1  1  1  1  1  1  0  1  0  1 -469.25       1    0.02
439  0  0  1  0  1  0  0  1  1  0  0  0  0  1  0  1  1  1  1  0  0  0  0  1  1  1  1  1  1  1  1  1  0  1  1  0  1  1  0  0  1  0  1  1  0  0  0  1  1  0 -469.25       1    0.06
259  1  1  0  1  1  0  1  0  1  0  1  0  0  0  0  0  1  1  0  1  0  0  1  0  1  1  1  1  1  1  0  0  1  1  1  1  1  0  0  0  1  1  1  0  1  0  0  1  1  0  -469.0       1     0.0
490  1  1  1  0  1  0  0  0  1  0  0  0  0  0  0  1  1  0  1  0  0  0  0  0  1  1  1  0  1  1  0  1  1  1  1  1  1  1  1  0  1  0  1  1  0  0  1  1  1  1  -469.0       1     0.1
273  0  0  1  0  0  0  0  0  1  1  0  0  0  0  1  0  1  1  1  1  0  0  1  0  1  0  1  0  1  1  1  0  1  1  1  1  1  1  0  1  1  0  1  1  1  1  1  1  1  0 -468.25       1     0.0
274  0  0  1  0  1  0  0  1  1  0  0  0  0  0  1  1  1  0  1  1  0  0  1  1  1  1  1  1  1  0  1  1  0  1  0  0  1  1  0  0  1  0  1  1  0  1  0  1  1  0 -468.25       1     0.0
327  0  0  1  1  1  0  0  0  1  0  1  1  0  0  0  0  1  0  1  0  1  0  1  1  1  1  0  1  0  1  0  1  1  1  1  0  1  0  0  0  1  1  1  1  1  0  1  1  1  1 -468.25       1    0.02
384  0  1  1  0  1  0  1  0  1  0  1  1  1  0  0  0  1  1  1  0  0  0  0  0  0  1  0  0  0  1  1  0  1  1  1  1  1  1  0  0  0  1  0  1  1  0  0  1  1  0 -468.25       1    0.02
453  1  1  1  1  0  0  0  1  0  0  1  1  1  0  0  1  1  1  0  0  0  1  1  0  0  1  0  0  0  1  1  1  0  0  0  0  1  0  1  1  0  0  1  0  1  1  1  1  0  0 -468.25       1    0.06
481  0  0  1  0  0  1  1  0  1  1  0  1  1  0  1  0  1  0  1  1  0  0  0  0  1  0  1  1  0  1  0  1  0  1  1  0  1  1  1  1  1  1  1  1  0  0  0  1  1  1 -468.25       1     0.1
276  1  0  1  0  0  1  0  1  0  1  0  0  1  0  1  1  0  0  1  0  0  0  0  1  1  1  1  0  0  1  0  0  0  1  0  0  1  1  0  0  0  1  1  1  0  1  0  1  1  1  -468.0       1     0.0
388  1  1  0  0  1  0  0  1  0  1  0  1  0  0  0  1  0  1  0  0  0  1  1  1  0  1  1  1  0  1  1  1  0  1  0  0  0  0  1  0  0  1  1  0  1  0  0  0  1  1  -468.0       1    0.02
446  0  1  1  0  0  1  0  0  1  1  0  0  0  0  1  1  1  0  1  1  0  0  1  0  1  1  1  1  0  1  1  1  1  1  1  0  1  1  0  1  1  0  1  0  0  0  0  1  1  1 -467.25       1    0.06
468  0  0  1  0  1  1  1  0  1  1  1  0  0  1  1  0  1  0  1  0  0  0  0  0  1  1  1  1  0  1  0  0  0  1  1  1  1  1  0  1  1  0  1  1  0  0  0  1  1  0 -467.25       1    0.08
391  0  0  1  1  0  1  0  0  1  1  0  0  0  0  1  0  1  0  1  0  0  0  0  1  1  0  1  1  1  0  1  0  1  1  1  0  0  1  0  1  1  1  1  1  0  1  0  1  1  0  -467.0       1    0.02
473  0  1  1  1  1  0  1  0  1  0  1  0  0  0  1  0  1  0  1  1  0  0  0  0  1  1  1  1  1  1  0  0  1  0  1  1  1  1  0  0  1  1  1  1  1  0  0  1  1  1  -467.0       1    0.08
294  1  0  0  0  1  1  1  1  0  1  0  1  0  1  1  0  0  1  0  1  0  1  1  1  1  1  0  1  0  0  0  0  0  0  1  0  1  0  0  0  1  1  1  1  0  1  1  0  1  1 -466.25       1     0.0
382  0  0  1  1  1  1  0  0  1  1  0  0  0  0  1  0  1  1  1  1  1  0  1  0  1  0  1  1  1  1  0  0  1  1  1  1  1  0  0  1  1  1  0  1  0  0  0  1  1  0 -466.25       1    0.04
427  1  0  1  0  1  0  0  0  1  1  0  0  0  1  0  0  1  1  1  0  0  0  1  0  1  1  0  1  0  1  0  1  0  1  1  0  1  1  0  0  1  0  1  1  1  1  0  1  1  1 -466.25       1    0.04
295  1  0  1  0  1  0  1  0  1  1  0  1  0  0  1  0  1  1  0  1  0  0  1  1  1  1  1  0  1  0  1  0  0  1  0  1  1  0  0  0  1  1  1  0  1  1  0  1  0  1  -466.0       1     0.0
297  0  1  1  1  1  1  0  1  1  0  0  1  0  0  1  1  1  0  0  0  0  0  0  0  1  1  1  1  1  0  0  1  0  1  1  1  1  1  0  1  1  1  0  1  0  0  0  1  1  0  -466.0       1     0.0
394  0  1  0  0  1  0  0  1  1  1  0  0  0  1  0  0  1  1  0  1  1  0  0  0  1  1  0  0  1  1  0  0  0  1  0  1  1  1  0  1  1  1  1  1  0  1  0  1  1  0  -466.0       1    0.02
476  0  0  0  1  1  0  1  0  1  1  0  0  0  0  1  0  1  0  1  1  0  0  1  0  1  0  1  1  0  1  0  1  0  1  0  1  1  0  0  1  1  0  1  1  1  0  1  1  1  0  -466.0       1    0.06
304  1  1  1  1  1  0  0  0  1  1  0  0  0  1  0  0  1  1  0  0  0  0  1  1  1  1  0  1  0  0  1  1  0  1  0  1  0  0  0  0  1  1  1  0  0  1  1  0  1  0 -465.25       1     0.0
405  1  1  0  1  1  1  1  0  1  1  1  0  0  0  1  0  1  0  1  1  1  0  0  0  1  0  1  1  0  0  1  0  0  1  0  0  1  1  0  0  1  1  1  0  1  0  0  1  0  1 -465.25       1    0.02
434  1  1  0  1  0  0  0  1  0  0  1  1  0  0  0  0  1  0  0  0  1  1  0  0  1  1  0  0  0  1  1  0  0  0  1  0  1  0  1  1  0  1  1  1  1  1  1  1  1  0 -465.25       1    0.04
444  0  1  1  0  1  0  0  0  1  0  0  0  0  0  0  0  1  1  0  1  0  0  0  1  1  1  1  1  0  0  0  0  1  1  1  1  1  1  0  1  1  0  1  1  0  1  0  1  1  0 -465.25       1    0.04
423  1  1  1  0  1  1  0  0  1  1  0  1  0  0  1  1  1  0  1  0  0  0  0  0  1  1  0  1  0  1  1  0  0  1  1  1  1  1  1  0  1  0  1  0  0  0  0  1  1  1  -465.0       1    0.04
459  0  1  1  0  0  0  1  0  1  1  0  0  0  1  1  0  1  1  1  0  1  0  0  1  1  0  1  0  0  1  1  1  1  0  0  1  1  1  0  1  1  1  1  0  0  1  0  1  1  0  -465.0       1    0.06
456  1  0  1  1  1  0  1  0  1  1  0  0  0  1  1  0  1  0  1  1  0  0  0  0  1  1  1  0  0  0  0  0  0  1  1  1  1  1  0  0  1  1  1  1  0  0  0  1  1  1 -464.25       1    0.08
396  0  0  1  0  0  1  1  0  1  0  0  0  0  1  1  1  1  1  1  1  1  0  0  1  1  0  1  0  0  1  1  1  1  1  1  0  1  1  0  0  1  1  1  0  0  1  0  1  0  0  -464.0       1    0.02
425  0  1  1  0  1  1  1  0  1  1  0  1  0  1  1  0  1  0  1  0  0  0  0  0  1  0  0  1  0  1  1  1  1  1  0  1  1  1  0  1  1  1  0  0  0  1  0  1  0  1  -464.0       1    0.04
474  0  0  1  1  0  0  1  0  1  1  0  0  0  0  0  0  1  1  1  0  0  0  0  1  1  0  0  1  0  1  0  0  1  1  1  1  1  1  0  1  1  1  1  1  0  1  0  1  1  0  -464.0       1    0.06
482  1  1  1  0  0  1  0  1  1  1  0  0  0  1  1  0  1  0  1  0  0  0  0  0  1  1  0  1  0  1  0  0  0  1  1  1  1  1  0  1  1  0  1  1  0  1  0  1  1  1  -464.0       1    0.08
496  1  0  1  0  0  0  1  0  1  1  0  1  0  1  1  0  1  0  1  0  0  0  1  0  1  0  1  0  1  1  0  1  0  1  1  1  1  1  0  0  1  0  1  1  0  1  0  1  1  1  -464.0       1     0.1
428  0  0  1  0  0  0  1  0  1  1  0  1  0  0  1  0  1  0  1  0  0  0  1  0  1  1  0  0  1  1  1  1  1  1  1  0  1  1  0  1  1  1  1  1  1  0  0  1  1  1 -463.25       1    0.06
448  1  0  1  0  0  1  1  0  1  0  0  1  0  0  1  0  1  0  1  0  0  0  1  1  1  1  0  1  0  1  1  1  1  1  0  1  1  1  0  0  1  1  1  1  0  0  1  1  1  0 -463.25       1    0.04
429  1  0  1  0  1  0  0  0  1  1  0  0  0  1  1  0  1  1  1  0  0  0  0  1  1  0  1  1  0  1  1  0  0  1  1  1  0  1  0  1  1  1  1  1  0  1  0  1  1  0  -463.0       1    0.04
466  0  0  1  0  1  0  1  0  1  0  0  1  0  1  0  0  1  0  1  1  0  0  0  0  1  1  0  1  0  0  1  1  1  1  1  1  1  1  0  1  1  1  1  1  0  0  0  1  1  1  -463.0       1    0.08
494  1  0  1  0  1  0  1  0  1  1  1  0  0  1  1  0  1  1  0  1  1  0  0  1  1  1  1  0  0  1  0  1  0  1  0  0  1  1  0  0  1  0  1  1  0  0  0  1  0  1 -462.25       1     0.1
436  1  0  1  0  0  0  0  1  1  0  0  0  0  1  1  0  1  0  1  0  0  0  0  0  1  1  1  1  1  1  0  0  1  1  0  0  1  1  0  1  1  1  1  1  1  0  0  1  1  0  -461.0       1    0.04
461  0  0  1  0  1  1  1  1  1  1  0  1  0  1  1  0  1  0  0  0  0  0  1  1  1  0  0  0  1  1  0  0  1  1  1  1  1  0  0  0  1  0  1  1  1  0  0  1  1  1  -461.0       1    0.06
347  1  0  0  1  1  0  0  1  0  0  0  1  0  0  0  1  0  0  0  0  0  0  0  1  1  1  1  1  1  1  0  1  0  0  0  0  1  0  0  0  1  1  1  1  1  1  1  1  1  0  -459.0       1     0.0
449  1  1  1  0  1  0  0  0  1  1  0  0  0  0  1  0  1  0  1  1  0  0  1  0  1  0  0  1  1  1  0  0  0  1  1  0  1  1  1  0  1  1  1  1  0  1  0  1  1  1  -459.0       1    0.06
457  0  1  1  0  0  1  0  1  1  0  1  0  0  0  1  1  0  0  0  1  0  0  1  1  1  1  1  0  0  1  1  0  0  1  1  0  1  1  0  1  1  0  1  1  0  0  0  1  1  0  -458.0       1    0.04
487  0  0  1  0  1  0  0  1  1  0  0  0  0  1  1  0  1  1  1  1  1  0  0  1  1  1  0  0  0  1  0  0  1  1  1  1  1  1  0  0  1  1  0  1  0  1  0  1  1  1  -457.0       1     0.1
493  0  0  1  0  0  1  0  1  1  1  1  1  0  1  1  1  0  0  1  0  0  0  1  0  1  1  0  0  0  1  1  0  1  1  1  0  1  1  0  0  1  0  1  1  1  1  0  1  1  0  -457.0       1    0.12
497  1  0  1  0  1  0  0  0  1  1  0  0  0  1  1  0  1  0  1  1  0  0  0  1  1  1  0  0  1  1  0  0  1  1  1  0  1  1  0  1  1  1  1  1  0  1  0  1  1  0  -457.0       1    0.14
491  1  0  1  1  1  0  0  0  1  1  0  0  0  1  1  0  1  0  1  0  0  0  0  0  1  1  1  1  0  0  0  0  1  1  1  1  1  1  0  1  1  1  1  1  0  1  0  0  1  1  -456.0       1     0.1
445  0  0  1  1  1  1  0  0  1  1  0  0  0  1  1  0  0  1  1  0  0  0  0  0  1  0  1  1  0  1  1  0  1  1  1  1  1  1  0  0  1  1  1  0  1  1  1  0  1  1 -453.25       1    0.04
499  1  1  1  0  1  1  0  0  1  1  0  0  0  1  1  1  1  1  1  0  0  0  0  0  1  1  0  0  0  1  1  1  0  1  1  0  1  1  0  0  1  1  1  1  0  0  0  1  1  1 -452.25       1    0.12
492  0  0  1  1  1  0  1  1  1  0  0  0  0  0  1  0  1  1  1  0  0  0  0  1  1  0  1  1  1  1  0  0  1  1  1  1  1  1  0  0  1  1  1  1  0  0  0  0  1  1  -441.0       1     0.1
['BINARY', 500 rows, 500 samples, 50 variables]Valid partition found with 275 cut edges
Solution:  [1, 0, 0, 0, 1, 0, 1, 0, 0, 0, 0, 1, 0, 0, 1, 1, 0, 1, 0, 1, 0, 0, 1, 0, 1, 1, 1, 0, 1, 1, 0, 0, 1, 1, 0, 1, 0, 0, 0, 1, 1, 1, 1, 0, 0, 0, 1, 1, 1, 1]