%%%%%% graph file %%%%%%
30 104
15 26 7 27 2 11 20 
1 25 17 10 3 7 
2 28 21 30 16 20 8 
9 18 27 15 19 
10 21 7 16 11 13 15 
11 13 17 7 27 
1 2 5 6 19 28 30 13 
3 18 27 20 15 17 12 28 23 
4 14 27 11 15 24 
2 5 28 12 30 16 
1 5 6 9 13 24 26 
8 10 19 21 30 29 
5 6 7 11 16 18 27 22 
9 17 19 28 21 
1 4 5 8 9 16 25 18 22 26 30 
3 5 10 13 15 22 28 25 18 29 
2 6 8 14 21 30 20 29 19 
4 8 13 15 16 22 23 
4 7 12 14 17 
1 3 8 17 30 29 26 
3 5 12 14 17 29 
13 15 16 18 25 27 
8 18 29 25 
9 11 26 
2 15 16 22 23 29 30 
1 11 15 20 24 30 29 
1 4 6 8 9 13 22 28 
3 7 8 10 14 16 27 
12 16 17 20 21 23 25 26 30 
3 7 10 12 15 17 20 25 26 29 
