%%%%%% graph file %%%%%%
60 353
52 19 17 59 54 39 7 34 2 
1 39 57 33 23 59 8 7 
37 14 18 13 22 44 21 34 29 15 52 
29 60 50 49 35 44 
59 44 53 11 42 13 8 
28 37 23 45 13 7 58 21 43 29 10 19 
1 2 6 44 53 52 20 47 23 59 9 13 40 12 21 
2 5 49 53 48 16 25 15 10 42 28 14 23 32 
7 56 60 36 45 31 21 25 38 15 
6 8 45 29 57 43 38 24 60 23 36 
5 23 50 45 13 58 25 33 19 
7 15 57 42 14 32 36 13 54 40 44 30 
3 5 6 7 11 12 59 45 25 43 46 41 50 
3 8 12 52 33 37 18 54 49 58 30 48 57 16 20 29 38 24 
3 8 9 12 52 20 38 56 46 23 32 36 26 35 48 
8 14 17 54 34 55 18 
1 16 23 41 18 35 43 20 24 
3 14 16 17 26 44 34 20 29 38 47 31 
1 6 11 45 58 53 20 47 51 32 41 
7 14 15 17 18 19 47 55 50 36 31 44 57 43 24 
3 6 7 9 49 58 39 25 52 38 51 28 46 32 41 22 
3 21 33 37 23 27 31 59 45 49 39 48 25 29 24 57 
2 6 7 8 10 11 15 17 22 55 50 49 48 
10 14 17 20 22 40 49 30 34 28 46 27 
8 9 11 13 21 22 60 28 37 45 26 48 57 
15 18 25 53 29 52 56 33 42 60 32 31 
22 24 44 30 39 43 29 51 37 
6 8 21 24 25 32 54 33 
3 4 6 10 14 18 22 26 27 30 34 56 60 37 41 50 31 
12 14 24 27 29 55 59 58 35 44 39 34 43 38 47 
9 18 20 22 26 29 41 36 40 49 58 35 44 53 43 
8 12 15 19 21 26 28 43 46 50 
2 11 14 22 26 28 37 45 44 43 
1 3 16 18 24 29 30 38 55 36 54 58 35 
4 15 17 30 31 34 44 43 42 45 
9 10 12 15 20 31 34 45 54 40 57 
3 6 14 22 25 27 29 33 52 56 55 
9 10 14 15 18 21 30 34 54 44 53 57 47 56 50 
1 2 21 22 27 30 42 46 58 48 
7 12 24 31 36 52 46 
13 17 19 21 29 31 51 45 54 44 57 43 47 
5 8 12 26 35 39 52 49 44 48 57 
6 10 13 17 20 27 30 31 32 33 35 41 
3 4 5 7 12 18 20 27 30 31 33 35 38 41 42 56 60 46 59 45 49 57 
6 9 10 11 13 19 22 25 33 35 36 41 44 57 51 53 
13 15 21 24 32 39 40 44 58 52 55 
7 18 19 20 30 38 41 58 57 
8 14 15 22 23 25 39 42 53 50 
4 8 14 21 22 23 24 31 42 44 59 53 
4 11 13 20 23 29 32 38 48 54 
19 21 27 41 45 52 55 
1 3 7 14 15 21 26 37 40 42 46 51 60 55 59 56 
5 7 8 19 26 31 38 45 48 49 
1 12 14 16 28 34 36 38 41 50 58 
16 20 23 30 34 37 46 51 52 60 
9 15 26 29 37 38 44 52 60 
2 10 12 14 20 22 25 36 38 41 42 44 45 47 
6 11 14 19 21 30 31 34 39 46 47 54 60 
1 2 5 7 13 22 30 44 49 52 60 
4 9 10 25 26 29 44 52 55 56 58 59 
