%%%%%% graph file %%%%%%
60 1372
6 38 51 28 5 41 18 50 40 53 30 20 10 52 42 19 55 32 9 31 44 34 11 24 33 46 23 36 13 3 35 48 25 15 57 47 60 27 4 17 49 26 39 16 29 
58 35 48 25 15 5 60 37 50 27 40 17 7 39 52 29 6 51 41 31 21 53 10 42 55 32 9 22 12 54 44 34 11 24 14 46 23 59 36 3 
1 2 28 18 8 40 53 30 7 43 20 10 52 55 32 9 22 12 54 44 57 34 24 33 46 36 13 58 48 38 5 47 60 37 14 50 27 4 17 59 26 39 29 19 
1 3 16 6 19 51 28 18 31 8 40 53 30 7 43 20 10 52 42 55 32 9 45 22 12 54 44 57 34 11 56 33 36 26 58 48 25 38 5 47 60 37 14 50 27 17 59 49 
1 2 3 4 54 31 44 21 34 11 43 56 46 23 36 13 48 25 57 47 24 60 37 14 27 17 59 49 39 16 29 6 38 51 28 18 8 50 40 53 30 7 20 52 42 19 9 22 
1 2 4 5 51 28 41 18 31 8 53 30 20 33 42 32 9 45 22 12 54 44 21 57 11 46 23 36 13 35 48 25 38 15 47 60 37 50 27 17 49 39 16 52 29 
2 3 4 5 49 39 52 29 19 51 28 18 31 8 21 53 30 43 20 33 10 55 32 9 45 22 12 54 44 57 11 24 46 59 36 13 26 35 48 25 38 50 27 17 
3 4 5 6 7 22 12 54 44 21 34 11 24 56 33 23 36 45 58 35 25 38 15 47 60 37 50 27 17 26 39 29 51 28 41 18 40 53 43 20 10 19 55 32 9 
1 2 3 4 5 6 7 8 10 52 42 45 12 54 44 21 57 34 11 24 56 33 46 23 36 58 48 38 15 47 60 37 14 17 59 49 26 39 16 29 19 51 41 31 40 53 30 43 
1 2 3 4 7 8 9 45 35 12 48 25 15 57 24 60 37 14 27 17 49 39 16 38 51 28 41 18 50 40 53 30 20 52 42 19 22 54 31 44 21 43 56 23 36 
1 2 4 5 6 7 8 9 55 32 45 12 54 44 21 57 34 24 14 56 23 59 36 13 26 58 48 25 15 47 60 50 27 17 49 16 52 19 51 28 41 18 31 30 20 33 42 
2 3 4 6 7 8 9 10 11 15 57 47 37 14 50 27 17 59 49 26 39 16 29 38 41 18 31 40 53 30 52 42 55 54 44 21 34 56 33 23 36 13 35 25 
1 3 5 6 7 11 12 58 35 48 25 38 15 47 60 37 14 50 27 17 59 49 26 39 16 29 28 41 31 40 53 43 20 42 22 54 44 21 57 34 24 56 46 23 36 
2 3 4 5 9 10 11 12 13 56 33 46 23 58 48 25 38 15 47 60 27 49 26 39 29 19 51 41 18 31 40 53 20 42 55 32 45 22 54 44 21 57 34 
1 2 6 8 9 10 11 12 13 14 25 47 60 37 50 27 59 49 39 16 52 29 19 51 28 41 18 31 40 30 43 20 33 42 55 32 45 22 54 44 57 34 56 46 23 36 26 58 35 48 
1 4 5 6 9 10 11 12 13 15 26 58 35 48 25 38 47 37 50 27 17 49 39 52 29 19 51 41 18 31 53 30 43 42 55 32 22 54 21 57 24 56 23 59 36 
1 2 3 4 5 6 7 8 9 10 11 12 13 16 38 28 41 31 40 53 30 43 20 52 42 19 55 32 22 54 44 21 34 24 56 46 36 35 48 25 57 47 60 37 50 27 59 49 26 39 29 
1 3 4 5 6 7 8 10 11 12 14 15 16 59 49 39 29 51 28 41 40 53 30 43 20 52 42 19 55 32 22 54 44 21 57 56 46 23 36 45 35 48 25 38 47 37 27 
1 3 4 5 7 8 9 10 11 14 15 16 17 18 43 20 52 42 32 45 22 54 44 21 24 56 33 23 36 58 35 48 25 38 47 37 50 59 49 26 39 29 51 28 41 
1 3 4 5 6 7 8 10 11 13 14 15 17 18 19 51 28 31 40 53 30 43 42 55 32 45 22 54 44 21 57 24 56 33 46 23 26 58 35 48 25 38 60 27 59 49 52 29 
2 5 6 7 8 9 10 11 12 13 14 16 17 18 19 20 49 39 52 29 51 28 30 43 42 55 32 44 57 34 24 56 46 59 36 26 58 35 48 25 38 60 27 
2 3 4 5 6 7 8 10 13 14 15 16 17 18 19 20 42 32 54 44 34 24 23 36 45 58 48 47 60 37 50 27 59 49 26 39 38 28 41 31 53 30 43 
1 2 5 6 8 9 10 11 12 13 14 15 16 18 19 20 22 29 51 41 54 31 53 30 43 33 42 55 32 45 57 34 47 46 26 48 28 60 50 27 40 49 52 
1 2 3 5 7 8 9 10 11 13 16 17 19 20 21 22 54 44 34 56 33 46 36 58 35 48 25 38 60 37 50 27 39 29 51 28 41 31 53 52 42 55 32 45 
1 2 4 5 6 7 8 10 11 12 13 14 15 16 17 18 19 20 21 24 55 32 45 54 57 34 56 33 46 36 26 35 48 38 47 60 37 50 27 59 49 52 29 51 31 40 30 43 
1 3 4 7 8 9 11 12 13 14 15 16 17 19 20 21 22 23 25 35 48 57 47 60 27 49 39 29 38 51 28 50 40 53 30 43 52 42 55 31 44 34 56 33 46 36 45 58 
1 2 3 4 5 6 7 8 10 11 12 13 14 15 16 17 18 20 21 22 23 24 25 26 54 44 56 46 59 36 48 60 37 50 40 49 39 52 29 51 28 41 43 42 55 
1 3 4 5 6 7 8 10 11 13 15 17 18 19 20 21 22 23 24 26 27 55 32 45 57 34 47 56 59 36 58 48 38 60 37 50 40 52 29 41 54 33 
1 2 3 5 6 7 8 9 12 13 14 15 16 17 18 19 20 21 23 24 25 26 27 28 58 38 47 60 37 50 59 49 39 51 41 31 40 53 30 43 52 42 55 32 45 54 44 57 34 56 33 46 36 
1 3 4 5 6 7 9 10 11 12 15 16 17 18 20 21 22 23 25 26 29 33 46 36 58 38 60 37 50 49 52 41 31 40 53 43 42 55 32 45 54 44 34 
1 2 4 5 6 7 9 10 11 12 13 14 15 16 17 20 22 23 24 25 26 29 30 60 37 50 49 39 52 51 41 40 53 33 42 32 45 54 44 57 56 46 58 35 48 
1 2 3 4 6 7 8 11 14 15 16 17 18 19 20 21 22 23 24 25 28 29 30 31 58 48 47 60 37 50 40 49 39 52 51 53 43 33 55 45 54 44 57 34 56 46 59 
1 3 4 6 7 8 9 11 12 14 15 19 20 23 24 25 26 28 29 30 31 32 56 59 36 58 35 48 60 37 50 40 49 39 51 41 53 43 55 45 44 
1 2 3 4 5 8 9 11 12 13 14 15 17 21 22 23 24 25 26 28 29 30 32 39 41 40 53 43 52 42 55 45 54 44 56 46 36 58 35 48 38 47 37 50 59 
1 2 6 7 8 10 12 13 15 16 17 18 19 20 21 24 25 26 31 33 34 49 39 51 41 40 53 43 45 54 44 57 46 36 58 48 38 47 60 50 
1 2 3 4 5 6 7 8 9 10 11 12 13 15 16 17 18 19 21 22 24 25 26 27 28 29 30 33 34 35 41 40 43 42 55 45 54 57 56 46 59 58 48 38 47 60 37 50 39 52 
2 3 4 5 6 8 9 10 12 13 15 16 17 18 19 22 24 25 27 28 29 30 31 32 33 34 36 49 39 52 51 41 53 43 42 55 45 54 44 57 56 46 59 48 38 47 60 50 
1 3 4 5 6 7 8 9 10 12 13 14 16 17 18 19 20 21 22 24 25 26 28 29 30 34 35 36 37 54 57 58 48 47 60 50 39 51 41 40 53 52 42 
1 2 3 5 6 7 8 9 10 12 13 14 15 16 17 18 19 21 22 24 26 27 29 31 32 33 34 35 36 37 38 52 42 55 54 44 57 56 45 48 60 50 51 41 40 53 43 
1 2 3 4 5 8 9 10 12 13 14 15 17 18 20 23 25 26 27 28 29 30 31 32 33 34 35 36 38 39 52 42 51 41 54 53 43 45 44 57 47 56 46 59 58 48 60 50 
1 2 6 8 9 10 11 12 13 14 15 16 17 18 19 22 23 24 27 28 29 30 31 33 34 35 36 37 38 39 40 42 54 44 56 59 47 60 49 52 51 53 43 
1 2 4 5 6 9 10 11 12 13 14 15 16 17 18 19 20 21 22 23 24 26 27 29 30 31 34 36 37 38 39 40 41 43 55 45 44 56 46 59 48 47 50 49 52 51 53 
3 4 5 7 8 9 10 13 15 16 17 18 19 20 21 22 23 25 26 27 29 30 32 33 34 35 36 37 39 40 41 42 45 58 48 47 60 50 59 49 51 53 52 55 44 56 
1 2 3 4 5 6 7 8 9 10 11 12 13 14 15 17 18 19 20 21 22 24 26 27 29 30 31 32 33 34 35 37 39 40 41 42 43 55 45 57 47 46 59 58 48 60 50 52 51 53 
4 6 7 8 9 10 11 14 15 18 19 20 22 23 24 25 26 28 29 30 31 32 33 34 35 36 37 39 40 42 43 44 48 47 50 59 49 52 51 53 55 57 56 46 
1 2 3 5 6 7 9 13 14 15 17 18 20 21 23 24 25 26 27 29 30 31 32 34 35 36 37 40 42 44 45 60 50 49 52 51 53 57 56 59 
1 3 4 5 6 8 9 11 12 13 14 15 16 17 18 19 22 23 25 26 28 29 32 34 35 36 37 38 40 41 42 43 44 45 56 59 58 60 50 52 51 53 55 54 57 
1 2 3 4 5 6 7 9 10 11 13 14 15 16 17 18 19 20 21 22 23 24 25 26 27 28 31 32 33 34 35 36 37 38 39 40 42 43 44 45 58 50 49 52 51 53 54 57 56 59 
1 4 5 6 7 9 10 11 12 13 14 15 16 17 18 19 20 21 22 23 25 26 27 29 30 31 32 33 35 37 41 42 43 45 46 48 59 60 50 51 54 53 55 57 
1 2 3 4 5 6 7 8 10 11 12 13 15 16 17 19 22 23 24 25 26 27 28 29 30 31 32 33 34 35 36 37 38 39 40 42 43 44 45 46 47 48 49 51 53 52 55 57 56 58 60 59 
1 2 4 5 6 7 8 9 10 11 14 15 16 18 19 20 21 23 24 25 26 27 29 31 32 33 35 37 38 39 40 41 42 43 44 45 46 47 48 49 50 59 53 55 54 57 56 58 60 
1 2 3 4 5 6 7 9 10 11 12 15 16 17 18 19 20 21 23 24 25 26 27 28 29 30 31 32 34 36 37 38 39 40 41 42 43 44 45 46 47 48 50 59 58 60 53 56 55 57 
1 2 3 4 5 6 7 8 9 10 12 13 14 16 17 18 20 22 23 24 26 29 30 31 32 33 34 35 37 38 39 40 41 42 43 44 45 46 47 48 49 50 51 52 55 54 57 59 58 
2 3 4 5 6 7 8 9 10 11 12 13 14 15 16 17 18 19 20 22 23 24 25 27 28 29 30 31 32 34 35 36 37 38 39 40 41 47 48 49 51 53 55 57 56 59 58 60 
1 2 3 4 7 8 11 12 14 15 16 17 18 20 21 23 24 25 26 27 28 29 30 32 33 34 36 37 39 42 43 44 45 47 49 50 51 52 53 54 56 58 60 59 
4 5 8 9 10 11 12 13 14 15 16 17 18 19 20 21 24 25 26 27 28 29 31 32 33 34 36 37 39 40 41 42 43 45 46 47 48 50 51 52 54 55 57 59 58 60 
1 3 4 5 6 7 9 10 11 12 13 14 15 16 17 18 20 21 23 25 26 28 29 31 32 35 36 37 38 39 40 44 45 46 47 48 49 50 51 52 53 54 56 58 
2 3 4 8 9 11 13 14 15 16 19 20 21 22 24 26 28 29 30 31 32 33 34 35 36 38 40 43 44 47 48 50 51 52 53 54 55 56 57 60 
2 3 4 5 7 9 11 12 13 15 16 17 18 19 20 21 22 25 27 28 29 32 33 34 36 37 40 41 42 43 44 45 46 47 48 49 50 51 52 53 54 55 56 
1 2 3 4 5 6 8 9 10 11 13 14 15 17 20 21 22 23 24 25 26 27 28 29 30 31 32 33 35 36 37 38 39 40 41 43 44 46 47 49 50 51 52 54 55 56 58 
