%%%%%% graph file %%%%%%
60 903
6 15 52 38 56 42 60 19 46 55 14 23 41 9 27 4 22 59 45 54 31 53 12 30 39 48 16 25 2 11 29 
1 49 35 53 16 25 29 38 6 24 19 14 42 51 60 28 37 55 23 32 41 50 59 18 36 45 31 8 17 26 3 12 7 
2 42 51 46 14 18 27 4 13 22 12 59 58 35 44 30 39 57 16 43 11 20 29 6 24 10 19 56 
1 3 38 24 10 52 47 56 60 46 55 14 23 32 41 18 27 36 45 22 8 17 26 12 59 40 49 39 48 57 
54 40 49 58 26 35 44 12 30 39 34 20 29 6 43 52 47 33 42 60 28 37 55 23 32 41 36 13 22 
1 2 3 5 47 42 60 28 46 32 50 9 27 36 45 22 31 8 12 54 49 58 44 53 30 16 43 52 29 38 24 10 19 14 
2 35 48 57 25 34 43 11 20 47 15 24 10 14 56 51 60 28 37 32 50 59 36 45 13 40 26 12 21 54 
2 4 6 18 31 17 12 45 54 40 58 26 35 53 39 48 11 15 24 52 47 56 33 42 51 60 19 37 14 23 32 9 
1 6 8 10 52 56 33 51 60 28 37 46 55 14 23 41 50 27 36 22 31 17 12 54 40 49 58 44 53 16 34 11 38 24 
3 4 6 7 9 50 40 49 26 35 53 48 34 11 43 52 38 33 19 28 37 46 14 23 32 41 18 36 13 
1 3 7 8 9 10 41 27 45 13 31 40 17 26 12 58 35 44 21 39 48 57 25 43 52 20 38 24 33 19 47 42 51 
1 2 3 4 5 6 7 8 9 11 15 24 47 42 51 60 37 46 55 14 32 27 31 59 54 26 44 53 21 30 16 25 34 43 20 29 
3 5 7 10 11 59 45 49 26 35 44 21 57 20 24 56 33 42 51 60 28 55 41 18 36 22 31 
1 2 3 4 6 7 8 9 10 12 52 47 56 33 42 51 60 28 46 23 36 22 31 59 54 26 44 53 57 34 43 29 15 
1 7 8 12 14 25 34 43 52 24 33 47 57 28 55 23 32 41 50 18 31 59 40 35 44 53 30 39 
1 2 3 6 9 12 44 53 21 30 39 25 34 52 29 24 33 56 42 37 46 32 59 27 45 
2 4 8 9 11 52 38 47 42 51 60 19 28 37 46 55 18 27 36 31 59 45 49 58 35 44 53 21 30 39 43 20 29 24 
2 3 4 8 10 13 15 17 54 49 44 53 39 48 25 34 38 24 56 42 51 60 28 37 55 23 32 41 31 
1 2 3 6 8 10 11 17 36 31 59 54 26 35 53 21 39 25 52 47 42 60 46 55 50 
3 5 7 11 12 13 17 56 33 51 37 46 55 23 32 41 36 22 26 59 54 49 21 48 34 29 24 
7 11 12 13 16 17 19 20 54 58 35 48 25 52 38 51 60 23 41 50 36 45 26 
1 3 4 5 6 9 13 14 20 47 56 33 51 28 46 55 32 41 50 27 36 31 49 58 35 30 39 48 25 34 43 24 57 
1 2 4 5 8 9 10 14 15 18 20 21 29 38 33 56 42 51 46 32 41 50 36 31 26 49 58 53 39 57 25 43 52 
2 3 4 6 7 8 9 11 12 13 15 16 17 18 20 22 59 54 58 30 39 25 43 47 56 42 60 28 55 41 50 27 36 45 
1 2 7 11 12 15 16 18 19 21 22 23 24 47 56 42 46 32 41 50 27 36 40 49 44 39 48 57 29 
2 4 5 7 8 10 11 12 13 14 19 20 21 23 35 30 39 48 43 57 56 33 51 28 37 27 36 50 59 54 31 
1 3 4 6 9 11 12 16 17 22 24 25 26 31 54 44 39 48 52 38 47 51 28 46 55 32 41 59 36 
2 5 6 7 9 10 13 14 15 17 18 22 24 26 27 56 42 32 45 31 49 58 35 44 39 48 57 43 29 
1 2 3 5 6 12 14 16 17 20 23 25 28 59 54 49 53 30 48 57 43 47 56 42 51 60 32 41 45 
1 3 5 6 12 15 16 17 22 24 26 29 33 51 46 55 32 45 59 49 58 35 53 39 48 34 52 38 
1 2 6 8 9 11 12 13 14 15 17 18 19 22 23 26 27 28 47 60 32 41 50 45 40 58 44 39 48 57 34 52 38 
2 4 5 6 7 8 10 12 15 16 18 20 22 23 25 27 28 29 30 31 54 35 53 48 52 47 42 51 37 46 55 
5 8 9 10 11 13 14 15 16 20 22 23 26 30 56 46 55 50 36 40 54 49 58 44 53 48 34 38 47 
5 7 9 10 12 14 15 16 18 20 22 30 31 33 57 38 47 37 55 41 36 59 54 40 49 58 35 
2 3 5 7 8 10 11 13 15 17 19 21 22 26 28 30 32 34 49 58 57 43 38 47 56 55 45 
2 4 5 6 7 9 10 13 14 17 19 20 21 22 23 24 25 26 27 33 34 56 51 60 46 41 59 54 44 48 52 
2 5 7 8 9 10 12 16 17 18 20 26 32 34 49 58 52 51 60 46 59 
1 2 4 6 9 10 11 17 18 21 23 27 30 31 33 34 35 45 40 58 53 48 43 52 47 42 51 60 46 41 
1 3 4 5 8 11 15 16 17 18 19 22 23 24 25 26 27 28 30 31 52 56 42 60 50 45 54 44 53 48 57 
4 5 7 8 9 10 11 15 25 31 33 34 38 49 44 53 48 57 43 42 56 55 50 59 45 
1 2 4 5 9 10 11 13 15 18 20 21 22 23 24 25 27 29 31 34 36 38 42 55 59 45 54 58 44 48 57 52 
1 2 3 5 6 8 11 12 13 14 16 17 18 19 23 24 25 28 29 32 38 39 40 41 52 47 56 51 60 46 55 50 45 54 58 48 57 
3 5 6 7 10 11 12 14 15 17 22 23 24 26 28 29 35 38 40 45 49 58 44 52 51 60 50 
3 5 6 9 11 12 13 14 15 16 17 18 25 27 28 31 33 36 39 40 41 43 50 59 45 49 58 53 57 52 47 
1 2 4 6 7 8 11 13 16 17 21 24 28 29 30 31 35 38 39 40 41 42 43 44 52 47 56 51 46 59 49 53 
1 3 4 6 9 10 12 14 16 17 19 20 22 23 25 27 30 32 33 36 37 38 42 45 54 57 56 60 
4 5 6 7 8 11 12 14 15 17 19 22 24 25 27 29 31 32 33 34 35 38 42 44 45 51 59 53 48 57 
1 4 7 8 10 11 18 20 21 22 25 26 27 28 29 30 31 32 33 36 38 39 40 41 42 47 54 49 58 52 56 59 
2 4 5 6 9 10 13 17 18 20 22 23 25 28 29 30 33 34 35 37 40 43 44 45 48 50 59 54 58 52 51 
2 6 7 9 10 15 19 21 22 23 24 25 26 31 33 39 40 42 43 44 49 52 56 51 60 54 
2 3 7 8 9 11 12 13 14 17 18 20 21 22 23 26 27 29 30 32 36 37 38 42 43 45 47 49 50 59 53 52 56 60 55 
1 4 5 6 8 9 10 11 14 15 16 17 19 21 23 27 30 31 32 36 37 38 39 41 42 43 44 45 48 49 50 51 60 54 
1 2 6 8 9 10 12 14 15 16 17 18 19 23 29 30 32 33 38 39 40 44 45 47 51 59 58 
1 5 6 7 8 9 12 14 18 19 20 21 24 26 27 29 32 33 34 36 39 41 42 46 48 49 50 52 57 60 55 
1 2 4 5 9 12 13 15 17 18 19 20 22 24 27 30 32 33 34 35 40 41 42 51 54 60 59 58 
1 3 4 7 8 9 13 14 16 18 20 22 23 24 25 26 28 29 33 35 36 39 40 42 45 46 48 50 51 58 57 
3 4 7 11 13 14 15 22 23 25 26 28 29 31 34 35 39 40 41 42 44 46 47 54 56 58 60 59 
3 5 6 8 9 11 17 21 22 23 24 28 30 31 33 34 35 37 38 41 42 43 44 48 49 53 55 56 57 59 
1 2 3 4 7 12 13 14 15 16 17 19 20 24 26 27 29 30 34 36 37 40 41 44 45 47 48 49 51 53 55 57 58 60 
1 2 4 5 6 7 8 9 12 13 14 17 18 19 21 24 29 31 36 37 38 39 42 43 46 50 51 52 54 55 57 59 
