%%%%%% graph file %%%%%%
30 214
6 24 10 3 26 12 5 25 27 20 13 
16 9 27 20 4 13 22 6 15 24 17 26 3 21 5 14 7 28 
1 2 12 5 21 30 23 7 16 9 20 4 15 24 8 17 10 19 
2 3 7 9 27 20 29 22 6 26 12 5 21 
1 2 3 4 24 26 19 28 21 30 16 25 27 20 29 22 8 17 
1 2 4 11 20 29 17 19 12 14 7 28 21 25 
2 3 4 6 21 14 23 25 18 27 11 13 22 15 24 17 10 
3 5 11 20 13 15 21 14 23 9 
2 3 4 8 10 12 21 14 23 16 25 18 29 13 15 
1 3 7 9 18 27 11 20 13 17 24 19 21 30 14 16 25 
6 7 8 10 23 29 13 15 24 12 
1 3 4 6 9 11 24 26 19 28 30 14 16 25 13 22 
1 2 7 8 9 10 11 12 28 30 23 25 18 27 15 24 
2 6 7 8 9 10 12 18 20 22 24 17 19 26 21 30 
2 3 7 8 9 11 13 18 27 26 19 28 21 30 
2 3 5 9 10 12 22 24 17 26 30 23 25 27 
2 3 5 6 7 10 14 16 30 23 22 26 28 
7 9 10 13 14 15 24 26 23 20 29 
3 5 6 10 12 14 15 29 28 21 23 25 
1 2 3 4 5 6 8 10 14 18 28 30 25 24 
2 3 4 5 6 7 8 9 10 14 15 19 28 
2 4 5 7 12 14 16 17 26 28 30 25 29 24 
3 7 8 9 11 13 16 17 18 19 27 25 
1 2 3 5 7 10 11 12 13 14 16 18 20 22 26 28 30 
1 5 6 7 9 10 12 13 16 19 20 22 23 27 26 
1 2 4 5 12 14 15 16 17 18 22 24 25 27 29 
1 2 4 5 7 10 13 15 16 23 25 26 30 29 
2 5 6 12 13 15 17 19 20 21 22 24 30 29 
4 5 6 9 11 18 19 22 26 27 28 30 
3 5 10 12 13 14 15 16 17 20 22 24 27 28 29 
