%%%%%% graph file %%%%%%
30 346
19 5 14 23 9 18 27 13 22 17 3 26 21 30 7 16 2 11 20 29 
1 16 25 11 20 29 6 15 24 5 28 9 18 27 4 13 22 8 26 3 12 21 
1 2 28 23 9 18 27 4 22 8 17 12 21 30 7 16 25 29 6 15 24 10 19 5 
2 3 7 16 25 11 20 29 6 24 10 19 5 28 23 9 27 13 22 17 26 12 30 
1 2 3 4 26 21 30 25 11 20 29 6 15 10 19 28 14 23 18 27 13 8 17 
2 3 4 5 28 23 9 18 27 13 22 8 17 26 12 21 30 16 25 11 20 29 24 19 
1 3 4 30 16 25 20 29 15 10 14 28 23 9 18 27 13 22 8 17 26 
2 3 5 6 7 18 27 22 17 26 21 30 25 11 29 15 24 28 23 9 
1 2 3 4 6 7 8 10 19 28 14 23 18 27 13 22 17 21 30 11 20 29 24 
3 4 5 7 9 26 12 25 20 29 24 19 28 14 23 18 27 17 
1 2 4 5 6 8 9 28 18 27 13 22 17 26 12 21 30 16 25 20 29 15 24 19 14 
2 3 4 6 10 11 15 28 14 23 18 27 13 26 21 30 16 25 20 29 
1 2 4 5 6 7 9 11 12 26 21 30 16 25 20 15 24 19 28 14 18 27 22 
1 5 7 9 10 11 12 13 28 18 27 22 17 26 30 16 25 20 29 15 24 
2 3 5 7 8 11 12 13 14 25 20 29 19 28 23 18 22 26 21 30 
1 2 3 4 6 7 11 12 13 14 22 17 26 21 25 20 29 24 19 28 18 27 
1 3 4 5 6 7 8 9 10 11 14 16 19 28 23 18 27 22 26 21 30 25 29 24 
1 2 3 5 6 7 8 9 10 11 12 13 14 15 16 17 26 30 25 20 29 24 19 23 27 
1 3 4 5 6 9 10 11 13 15 16 17 18 27 22 26 21 30 25 29 24 28 23 
1 2 4 5 6 7 9 10 11 12 13 14 15 16 18 28 27 22 26 21 30 25 29 24 
1 2 3 5 6 8 9 11 12 13 15 16 17 19 20 30 25 29 24 28 23 27 22 
1 2 3 4 6 7 8 9 11 13 14 15 16 17 19 20 21 28 23 27 26 25 29 24 
1 3 4 5 6 7 8 9 10 12 15 17 18 19 21 22 29 24 28 27 26 30 25 
2 3 4 6 8 9 10 11 13 14 16 17 18 19 20 21 22 23 30 25 29 28 
2 3 4 5 6 7 8 10 11 12 13 14 15 16 17 18 19 20 21 22 23 24 27 26 30 29 
1 2 4 5 6 7 8 10 11 12 13 14 15 16 17 18 19 20 22 23 25 30 29 27 
1 2 3 4 5 6 7 8 9 10 11 12 13 14 16 17 18 19 20 21 22 23 25 26 30 29 28 
2 3 4 5 6 7 8 9 10 11 12 13 14 15 16 17 19 20 21 22 23 24 27 30 29 
1 2 3 4 5 6 7 8 9 10 11 12 14 15 16 17 18 19 20 21 22 23 24 25 26 27 28 30 
1 3 4 5 6 7 8 9 11 12 13 14 15 17 18 19 20 21 23 24 25 26 27 28 29 
