%%%%%% graph file %%%%%%
50 623
24 10 38 33 42 19 28 46 5 14 23 41 18 27 36 13 22 8 31 40 26 44 21 30 39 48 43 2 
1 49 30 48 25 43 11 20 29 38 47 6 15 33 10 5 14 42 32 41 27 36 45 4 13 22 31 8 17 26 
33 42 46 50 36 13 17 45 49 26 21 25 34 6 15 10 5 47 
2 11 20 6 5 33 42 28 37 46 14 32 50 18 27 13 22 8 17 26 40 44 21 30 39 
1 2 3 4 45 26 35 12 21 30 39 48 16 25 34 20 29 6 24 33 42 28 14 9 27 22 8 
2 3 4 5 47 28 37 32 41 50 27 36 13 22 31 17 7 49 35 44 30 48 25 29 38 10 14 
6 35 44 25 34 11 20 15 24 33 42 28 37 46 23 32 50 27 36 13 40 26 
1 2 4 5 18 13 22 31 17 12 26 44 21 30 39 48 16 25 34 11 20 15 24 42 37 46 14 32 
5 10 19 33 42 37 46 14 32 41 36 45 22 26 35 21 48 16 34 11 20 29 
1 2 3 6 9 50 31 40 21 39 34 20 43 38 42 19 28 14 32 27 13 
2 4 7 8 9 37 23 50 45 13 26 12 49 44 21 30 39 16 25 38 15 24 33 14 42 
5 8 11 15 42 28 37 23 50 36 13 45 40 26 35 39 48 25 34 43 
1 2 3 4 6 7 8 10 11 12 49 35 44 21 30 48 34 29 38 24 37 41 50 18 27 22 31 17 
1 2 4 5 6 8 9 10 11 42 37 46 32 50 18 27 36 22 31 40 26 35 39 48 16 25 38 15 24 19 
2 3 7 8 11 12 14 16 25 34 43 20 33 47 42 23 41 50 45 31 26 40 49 21 30 
5 8 9 11 14 15 22 26 39 43 29 19 47 42 23 41 50 18 27 36 
2 3 4 6 8 13 33 42 19 37 27 36 22 31 45 26 35 44 21 48 43 20 29 
1 4 8 13 14 16 45 40 49 35 44 21 30 48 25 20 29 47 33 46 32 41 
1 9 10 14 16 17 45 31 44 21 30 48 25 43 29 38 24 47 42 28 37 32 41 
2 4 5 7 8 9 10 15 17 18 47 33 42 23 41 50 27 36 22 26 49 21 30 48 25 43 29 38 
1 3 4 5 8 9 10 11 13 15 17 18 19 20 49 30 48 38 33 47 42 28 23 32 50 22 
1 2 4 5 6 8 9 13 14 16 17 20 21 38 47 33 28 37 46 23 41 50 36 31 45 40 26 35 39 34 24 
1 7 11 12 15 16 20 21 22 38 47 24 33 28 42 41 50 31 48 34 43 
1 5 7 8 11 13 14 19 22 23 35 30 39 48 25 43 38 47 46 50 27 31 
2 3 5 6 7 8 11 12 14 15 18 19 20 24 47 33 28 32 50 44 48 34 43 29 
1 2 3 4 5 7 8 9 11 12 14 15 16 17 20 22 39 43 38 28 32 27 36 50 40 49 
1 2 4 5 6 7 10 13 14 16 17 20 24 26 31 40 49 48 43 29 38 33 42 37 50 36 
1 4 5 6 7 10 12 19 21 22 23 25 26 42 32 41 36 31 40 49 44 30 39 48 
2 5 6 9 13 16 17 18 19 20 25 27 40 49 35 44 30 48 34 47 42 46 32 50 36 45 
1 2 4 5 6 8 11 13 15 18 19 20 21 24 28 29 37 32 50 40 49 44 34 
1 2 6 8 10 13 14 15 17 19 22 23 24 27 28 47 46 32 36 45 34 43 38 33 
2 4 6 7 8 9 10 14 18 19 21 25 26 28 29 30 31 35 39 48 34 43 38 33 37 41 36 45 
1 2 3 4 5 7 9 11 15 17 18 20 21 22 23 25 27 31 32 42 50 36 45 40 49 35 39 48 43 47 
3 5 7 8 9 10 12 13 15 22 23 25 29 30 31 32 48 47 42 46 41 36 
5 6 7 9 12 13 14 17 18 22 24 29 32 33 39 48 43 38 42 37 41 50 45 
1 2 3 6 7 9 12 14 16 17 20 22 26 27 28 29 31 32 33 34 47 42 46 50 49 48 43 38 
4 6 7 8 9 11 12 13 14 17 19 22 27 30 32 35 49 43 38 47 46 41 50 45 
1 2 6 10 11 13 14 19 20 21 22 23 24 26 27 31 32 35 36 37 39 48 43 
1 4 5 8 10 11 12 14 16 22 24 26 28 32 33 35 38 47 42 46 41 45 49 44 48 
1 4 7 10 12 14 15 18 22 26 27 28 29 30 33 49 48 43 47 42 
1 2 6 9 13 15 16 18 19 20 22 23 28 32 34 35 37 39 42 50 45 49 44 48 43 
1 2 3 4 5 7 8 9 10 11 12 14 15 16 17 19 20 21 23 27 28 29 33 34 35 36 39 40 41 47 45 
1 2 10 12 15 16 17 19 20 23 24 25 26 27 31 32 33 35 36 37 38 40 41 49 48 46 50 
1 4 6 7 8 11 13 17 18 19 25 28 29 30 39 41 46 45 48 47 
2 3 5 9 11 12 15 17 18 19 22 29 31 32 33 35 37 39 41 42 44 49 
1 3 4 7 8 9 14 18 22 24 29 31 34 36 37 39 43 44 49 
2 3 6 15 16 18 19 20 21 22 23 24 25 29 31 33 34 36 37 39 40 42 44 50 49 
1 2 5 6 8 9 12 13 14 17 18 19 20 21 23 24 25 27 28 29 32 33 34 35 36 38 39 40 41 43 44 49 50 
2 3 6 11 13 15 18 20 21 26 27 28 29 30 33 36 37 39 40 41 43 45 46 47 48 50 
3 4 6 7 10 11 12 13 14 15 16 20 21 22 23 24 25 26 27 29 30 33 35 36 37 41 43 47 48 49 
