%%%%%% graph file %%%%%%
20 98
15 19 12 5 14 16 9 2 11 13 
1 9 11 20 13 19 12 5 14 
5 7 9 18 8 19 
14 16 18 11 15 19 12 
1 2 3 10 12 16 9 18 11 20 6 8 
5 11 20 15 17 10 16 
3 19 12 16 11 20 13 15 8 17 
3 5 7 20 17 12 19 14 16 
1 2 3 5 10 19 12 16 18 11 20 13 15 17 
5 6 9 18 11 13 17 12 
1 2 4 5 6 7 9 10 18 20 13 19 
1 2 4 5 7 8 9 10 15 17 19 14 18 13 
1 2 7 9 10 11 12 14 17 
1 2 4 8 12 13 15 19 
1 4 6 7 9 12 14 18 20 17 19 
1 4 5 6 7 8 9 18 20 
6 7 8 9 10 12 13 15 19 
3 4 5 9 10 11 12 15 16 
1 2 3 4 7 8 9 11 12 14 15 17 20 
2 5 6 7 8 9 11 15 16 19 
