%%%%%% graph file %%%%%%
50 986
6 10 47 33 42 19 28 37 46 5 14 23 32 41 9 27 36 4 13 22 8 17 3 50 45 49 26 35 44 39 7 25 34 43 2 11 20 29 
1 49 35 44 30 39 16 25 34 43 11 20 29 38 47 6 15 24 33 19 14 37 41 50 9 18 27 36 45 4 13 22 31 40 17 26 3 12 21 7 
1 2 33 42 28 37 46 14 23 41 9 18 27 36 4 22 31 8 17 12 45 49 26 35 44 21 30 39 48 7 16 25 34 43 11 20 29 38 6 15 24 10 19 5 47 
1 2 3 16 25 34 43 29 15 24 10 47 33 42 28 46 14 23 32 41 9 18 27 36 45 13 22 8 17 26 12 40 49 44 30 39 48 
1 3 50 45 31 40 49 26 35 44 12 21 30 39 7 16 25 34 11 20 6 43 38 47 24 33 42 19 28 37 46 14 23 41 9 18 27 36 13 22 8 
1 2 3 5 47 42 28 37 32 41 50 9 18 27 36 45 13 31 40 8 17 26 12 7 49 35 44 30 39 48 16 34 43 11 29 38 15 33 10 19 14 
1 2 3 5 6 49 35 44 30 39 48 16 25 34 11 20 29 38 47 15 24 33 19 14 42 28 46 23 41 50 9 18 36 45 13 22 31 40 8 17 26 21 
1 3 4 5 6 7 18 27 13 22 12 45 49 26 44 30 39 48 25 43 11 20 38 15 24 10 47 19 28 46 23 50 9 
1 2 3 4 5 6 7 8 19 33 28 37 46 14 23 32 41 50 18 27 45 13 22 17 12 49 35 44 21 30 39 16 25 43 11 29 38 15 24 
1 3 4 6 8 50 31 40 12 21 30 39 48 16 25 34 11 20 29 15 43 47 24 33 42 28 37 46 23 32 41 18 27 36 13 22 
1 2 3 5 6 7 8 9 10 28 37 46 23 32 41 18 27 36 45 13 40 17 26 12 49 44 21 30 39 16 25 34 29 38 15 33 14 47 
2 3 4 5 6 8 9 10 11 15 24 38 47 33 42 19 28 37 46 14 41 18 36 13 22 31 17 49 26 35 44 21 39 48 16 25 34 43 20 29 
1 2 4 5 6 7 8 9 10 11 12 45 40 49 35 44 21 30 48 16 25 34 43 20 29 38 15 24 47 33 42 19 28 46 14 23 32 41 50 18 27 36 22 31 17 
1 2 3 4 5 6 7 9 11 12 13 47 33 42 28 37 46 23 32 41 50 18 36 45 22 31 40 26 44 21 30 39 48 16 34 20 29 38 15 24 19 
2 3 4 6 7 8 9 10 11 12 13 14 16 25 34 43 20 24 33 19 47 42 37 46 23 32 41 18 27 36 45 22 26 40 49 35 48 21 30 39 
2 3 4 5 6 7 9 10 11 12 13 14 15 22 31 17 26 49 44 30 39 48 25 34 43 29 38 24 33 19 47 42 28 37 23 41 50 18 27 
1 2 3 4 6 7 9 11 12 13 16 38 33 42 19 46 23 32 41 50 18 27 22 31 45 40 49 26 21 30 48 25 34 20 29 24 
2 3 4 5 6 7 8 9 10 11 12 13 14 15 16 17 40 49 26 35 44 21 30 39 25 34 20 29 38 24 47 42 19 28 46 23 32 41 50 27 36 22 31 
1 2 3 5 6 7 8 9 12 13 14 15 16 17 18 27 36 45 22 31 49 26 35 30 39 43 29 38 24 47 33 42 28 37 46 32 41 50 
1 2 3 5 7 8 10 12 13 14 15 17 18 47 33 42 28 46 23 32 41 50 27 36 22 31 26 40 49 35 44 21 30 39 34 43 29 38 24 
2 3 5 7 9 10 11 12 13 14 15 17 18 20 40 44 30 39 25 34 43 29 38 33 47 42 28 37 23 32 41 50 36 45 22 31 26 
1 2 3 4 5 7 8 9 10 12 13 14 15 16 17 18 19 20 21 47 33 42 28 37 46 23 32 41 50 36 31 45 49 26 35 44 30 39 48 25 43 29 24 
1 3 4 5 7 8 9 10 11 13 14 15 16 17 18 20 21 22 29 38 47 24 33 42 37 46 32 41 27 36 45 31 26 35 44 39 48 25 34 43 
2 3 4 5 7 8 9 10 12 13 14 15 16 17 18 19 20 22 23 40 26 35 30 39 48 25 34 43 29 38 33 42 28 37 32 41 27 36 45 
1 2 3 4 5 7 8 9 10 11 12 13 15 16 17 18 21 22 23 24 42 28 37 46 50 27 36 45 31 26 40 49 35 44 30 39 48 43 29 38 
1 2 3 4 5 6 7 8 11 12 14 15 16 17 18 19 20 21 22 23 24 25 35 44 30 48 34 43 29 38 47 42 28 37 46 32 41 27 36 45 31 40 49 
1 2 3 4 5 6 8 9 10 11 13 15 16 17 18 19 20 23 24 25 26 31 40 49 35 44 30 39 34 43 29 38 47 42 28 37 46 41 50 36 45 
1 3 4 5 6 7 8 9 10 11 12 13 14 16 18 19 20 21 22 24 25 26 27 42 37 46 32 41 50 36 45 49 35 44 39 48 34 43 38 47 33 
1 2 3 4 6 7 9 10 11 12 13 14 16 17 18 19 20 21 22 23 24 25 26 27 40 49 35 44 30 39 48 34 43 38 47 33 42 37 32 41 50 36 31 
2 3 4 5 6 7 8 9 10 11 13 14 15 16 17 18 19 20 21 22 24 25 26 27 29 33 42 37 46 32 50 36 45 31 40 49 35 34 43 38 47 
2 3 5 6 7 10 12 13 14 16 17 18 19 20 21 22 23 25 26 27 29 30 47 42 37 46 32 41 50 36 40 49 39 48 34 43 38 
1 4 6 9 10 11 13 14 15 17 18 19 20 21 22 23 24 26 28 29 30 31 49 35 44 39 48 34 43 38 33 47 42 37 46 41 50 45 40 
1 2 3 4 5 6 7 9 10 11 12 13 14 15 16 17 19 20 21 22 23 24 28 29 30 32 42 37 41 50 36 45 49 35 44 39 48 43 38 47 
1 2 3 4 5 6 7 10 11 12 13 14 15 16 17 18 20 21 23 24 26 27 28 29 30 31 32 39 48 43 38 47 42 37 46 41 45 40 49 35 
1 2 3 5 6 7 9 12 13 15 18 19 20 22 23 24 25 26 27 28 29 30 32 33 34 40 44 39 43 38 47 42 37 46 41 50 36 45 
1 2 3 4 5 6 7 10 11 12 13 14 15 18 19 20 21 22 23 24 25 26 27 28 29 30 31 33 35 47 42 37 46 41 50 49 44 39 48 38 
1 2 3 5 6 9 10 11 12 14 15 16 19 21 22 23 24 25 26 27 28 29 30 31 32 33 34 35 36 49 44 39 48 43 38 47 42 46 41 50 45 
2 3 5 6 7 8 9 11 12 13 14 16 17 18 19 20 21 23 24 25 26 27 28 29 30 31 32 33 34 35 36 37 45 40 44 39 42 50 46 41 
1 2 3 4 5 6 7 8 9 10 11 12 14 15 16 18 19 20 21 22 23 24 25 27 28 29 31 32 33 34 35 36 37 38 42 41 50 45 40 49 44 48 43 
2 4 5 6 7 10 11 13 14 15 17 18 20 21 24 25 26 27 29 30 31 32 34 35 38 39 49 44 48 43 41 50 
1 2 3 4 5 6 7 9 10 11 12 13 14 15 16 17 18 19 20 21 22 23 24 26 27 28 29 31 32 33 34 35 36 37 38 39 40 46 50 48 43 47 
1 3 4 5 6 7 10 12 13 14 15 16 17 18 19 20 21 22 23 24 25 26 27 28 29 30 31 32 33 34 35 36 37 38 39 47 46 50 45 49 48 
1 2 3 4 5 6 8 9 10 12 13 15 16 19 20 21 22 23 24 25 26 27 28 29 30 31 32 33 34 35 37 39 40 41 49 44 48 47 46 50 
1 2 3 4 5 6 7 8 9 11 12 13 14 16 18 20 21 22 23 25 26 27 28 29 32 33 35 36 37 38 39 40 43 45 49 48 
1 2 3 4 5 6 7 8 9 11 13 14 15 17 19 21 22 23 24 25 26 27 28 30 32 33 34 35 37 38 39 42 44 48 47 46 50 49 
1 3 4 5 7 8 9 10 11 12 13 14 15 17 18 19 20 22 23 25 26 27 28 30 31 32 34 35 36 37 38 41 42 43 45 48 47 
1 2 3 4 5 6 7 8 10 11 12 13 14 15 16 18 19 20 21 22 23 26 27 28 29 30 31 32 33 34 35 36 37 41 42 43 45 46 48 
3 4 6 7 8 10 12 13 14 15 16 17 22 23 24 25 26 28 29 31 32 33 34 36 37 39 40 41 42 43 44 45 46 47 49 
1 2 3 4 5 6 7 8 9 11 12 13 15 16 17 18 19 20 22 25 26 27 28 29 30 31 32 33 34 36 37 39 40 42 43 44 45 48 50 
1 2 5 6 7 8 9 10 13 14 16 17 18 19 20 21 22 25 27 28 29 30 31 32 33 35 36 37 38 39 40 41 42 43 45 49 
