%%%%%% graph file %%%%%%
40 387
6 38 19 5 14 23 18 27 22 3 31 40 26 12 30 16 34 11 20 29 
35 30 24 19 14 28 9 18 27 13 8 17 3 
1 2 33 28 23 32 9 36 13 40 26 35 39 16 25 20 6 15 19 5 
16 34 11 20 29 6 15 28 37 14 23 36 22 31 26 40 35 30 39 
1 3 40 30 39 7 16 20 29 15 10 38 33 19 37 23 32 18 27 
1 3 4 37 32 18 27 36 22 40 26 12 35 21 34 11 38 24 14 
5 39 16 25 34 20 29 15 33 19 14 28 23 9 36 13 31 8 17 26 12 21 
2 7 18 36 22 17 12 40 21 30 16 25 34 11 29 15 28 23 
2 3 7 10 14 23 32 18 27 36 13 17 12 40 21 39 16 25 11 29 38 
5 9 31 12 21 30 39 34 11 20 15 33 28 36 22 
1 4 6 8 9 10 37 23 32 18 13 22 31 12 35 21 16 25 34 38 19 14 
1 6 7 8 9 10 11 19 37 23 36 13 40 26 35 21 30 39 34 20 
2 3 7 9 11 12 35 21 16 34 20 32 18 27 36 17 
1 2 4 6 7 9 11 28 32 18 27 22 31 17 40 26 21 30 16 25 29 24 
3 4 5 7 8 10 16 25 34 20 24 33 19 18 36 22 31 17 26 40 35 39 
1 3 4 5 7 8 9 11 13 14 15 22 40 26 21 20 24 33 19 28 32 27 
2 7 8 9 13 14 15 38 33 19 26 35 30 25 34 20 
1 2 5 6 8 9 11 13 14 15 40 35 20 38 19 28 37 32 27 22 
1 2 3 5 7 11 12 15 16 17 18 40 39 34 24 28 37 23 
1 3 4 5 7 10 12 13 15 16 17 18 33 32 36 31 40 21 30 39 25 29 38 24 
6 7 8 9 10 11 12 13 14 16 20 40 30 25 29 24 28 27 36 31 
1 4 6 8 10 11 14 15 16 18 38 33 28 23 32 27 36 40 26 35 25 34 
1 3 4 5 7 8 9 11 12 19 22 29 38 37 32 27 36 40 39 25 
2 6 14 15 16 19 20 21 26 35 30 25 33 37 27 36 
3 7 8 9 11 14 15 17 20 21 22 23 24 33 36 31 26 30 
1 3 4 6 7 12 14 15 16 17 22 24 25 35 39 34 28 37 32 40 
1 2 5 6 9 13 14 16 18 21 22 23 24 31 40 39 34 29 32 36 
2 3 4 7 8 10 14 16 18 19 21 22 26 37 36 40 35 30 34 29 38 33 
1 4 5 7 8 9 14 20 21 23 27 28 35 30 39 34 36 
1 2 4 5 8 10 12 14 17 20 21 24 25 28 29 33 37 32 36 40 34 38 
1 4 7 10 11 14 15 20 21 25 27 36 35 39 38 
3 5 6 9 11 13 14 16 18 20 22 23 26 27 30 39 38 33 
3 5 7 10 15 16 17 20 22 24 25 28 30 32 36 35 
1 4 6 7 8 10 11 12 13 15 17 19 22 26 27 28 29 30 37 
2 3 4 6 11 12 13 15 17 18 22 24 26 28 29 31 33 40 39 38 37 36 
3 4 6 7 8 9 10 12 13 15 20 21 22 23 24 25 27 28 29 30 31 33 35 40 
4 5 6 11 12 18 19 23 24 26 28 30 34 35 38 40 
1 5 6 9 11 17 18 20 22 23 28 30 31 32 35 37 40 
3 4 5 7 9 10 12 15 19 20 23 26 27 29 31 32 35 
1 3 4 5 6 8 9 12 14 15 16 18 19 20 21 22 23 26 27 28 30 35 36 37 38 
