%%%%%% graph file %%%%%%
2048 6016
5 6 7 8 129 
5 6 7 8 130 
5 6 7 8 131 
5 6 7 8 132 
1 2 3 4 13 
1 2 3 4 14 
1 2 3 4 15 
1 2 3 4 16 
13 14 15 16 137 
13 14 15 16 138 
13 14 15 16 139 
13 14 15 16 140 
5 9 10 11 12 21 
6 9 10 11 12 22 
7 9 10 11 12 23 
8 9 10 11 12 24 
21 22 23 24 145 
21 22 23 24 146 
21 22 23 24 147 
21 22 23 24 148 
13 17 18 19 20 29 
14 17 18 19 20 30 
15 17 18 19 20 31 
16 17 18 19 20 32 
29 30 31 32 153 
29 30 31 32 154 
29 30 31 32 155 
29 30 31 32 156 
21 25 26 27 28 37 
22 25 26 27 28 38 
23 25 26 27 28 39 
24 25 26 27 28 40 
37 38 39 40 161 
37 38 39 40 162 
37 38 39 40 163 
37 38 39 40 164 
29 33 34 35 36 45 
30 33 34 35 36 46 
31 33 34 35 36 47 
32 33 34 35 36 48 
45 46 47 48 169 
45 46 47 48 170 
45 46 47 48 171 
45 46 47 48 172 
37 41 42 43 44 53 
38 41 42 43 44 54 
39 41 42 43 44 55 
40 41 42 43 44 56 
53 54 55 56 177 
53 54 55 56 178 
53 54 55 56 179 
53 54 55 56 180 
45 49 50 51 52 61 
46 49 50 51 52 62 
47 49 50 51 52 63 
48 49 50 51 52 64 
61 62 63 64 185 
61 62 63 64 186 
61 62 63 64 187 
61 62 63 64 188 
53 57 58 59 60 69 
54 57 58 59 60 70 
55 57 58 59 60 71 
56 57 58 59 60 72 
69 70 71 72 193 
69 70 71 72 194 
69 70 71 72 195 
69 70 71 72 196 
61 65 66 67 68 77 
62 65 66 67 68 78 
63 65 66 67 68 79 
64 65 66 67 68 80 
77 78 79 80 201 
77 78 79 80 202 
77 78 79 80 203 
77 78 79 80 204 
69 73 74 75 76 85 
70 73 74 75 76 86 
71 73 74 75 76 87 
72 73 74 75 76 88 
85 86 87 88 209 
85 86 87 88 210 
85 86 87 88 211 
85 86 87 88 212 
77 81 82 83 84 93 
78 81 82 83 84 94 
79 81 82 83 84 95 
80 81 82 83 84 96 
93 94 95 96 217 
93 94 95 96 218 
93 94 95 96 219 
93 94 95 96 220 
85 89 90 91 92 101 
86 89 90 91 92 102 
87 89 90 91 92 103 
88 89 90 91 92 104 
101 102 103 104 225 
101 102 103 104 226 
101 102 103 104 227 
101 102 103 104 228 
93 97 98 99 100 109 
94 97 98 99 100 110 
95 97 98 99 100 111 
96 97 98 99 100 112 
109 110 111 112 233 
109 110 111 112 234 
109 110 111 112 235 
109 110 111 112 236 
101 105 106 107 108 117 
102 105 106 107 108 118 
103 105 106 107 108 119 
104 105 106 107 108 120 
117 118 119 120 241 
117 118 119 120 242 
117 118 119 120 243 
117 118 119 120 244 
109 113 114 115 116 125 
110 113 114 115 116 126 
111 113 114 115 116 127 
112 113 114 115 116 128 
125 126 127 128 249 
125 126 127 128 250 
125 126 127 128 251 
125 126 127 128 252 
117 121 122 123 124 
118 121 122 123 124 
119 121 122 123 124 
120 121 122 123 124 
1 133 134 135 136 257 
2 133 134 135 136 258 
3 133 134 135 136 259 
4 133 134 135 136 260 
129 130 131 132 141 
129 130 131 132 142 
129 130 131 132 143 
129 130 131 132 144 
9 141 142 143 144 265 
10 141 142 143 144 266 
11 141 142 143 144 267 
12 141 142 143 144 268 
133 137 138 139 140 149 
134 137 138 139 140 150 
135 137 138 139 140 151 
136 137 138 139 140 152 
17 149 150 151 152 273 
18 149 150 151 152 274 
19 149 150 151 152 275 
20 149 150 151 152 276 
141 145 146 147 148 157 
142 145 146 147 148 158 
143 145 146 147 148 159 
144 145 146 147 148 160 
25 157 158 159 160 281 
26 157 158 159 160 282 
27 157 158 159 160 283 
28 157 158 159 160 284 
149 153 154 155 156 165 
150 153 154 155 156 166 
151 153 154 155 156 167 
152 153 154 155 156 168 
33 165 166 167 168 289 
34 165 166 167 168 290 
35 165 166 167 168 291 
36 165 166 167 168 292 
157 161 162 163 164 173 
158 161 162 163 164 174 
159 161 162 163 164 175 
160 161 162 163 164 176 
41 173 174 175 176 297 
42 173 174 175 176 298 
43 173 174 175 176 299 
44 173 174 175 176 300 
165 169 170 171 172 181 
166 169 170 171 172 182 
167 169 170 171 172 183 
168 169 170 171 172 184 
49 181 182 183 184 305 
50 181 182 183 184 306 
51 181 182 183 184 307 
52 181 182 183 184 308 
173 177 178 179 180 189 
174 177 178 179 180 190 
175 177 178 179 180 191 
176 177 178 179 180 192 
57 189 190 191 192 313 
58 189 190 191 192 314 
59 189 190 191 192 315 
60 189 190 191 192 316 
181 185 186 187 188 197 
182 185 186 187 188 198 
183 185 186 187 188 199 
184 185 186 187 188 200 
65 197 198 199 200 321 
66 197 198 199 200 322 
67 197 198 199 200 323 
68 197 198 199 200 324 
189 193 194 195 196 205 
190 193 194 195 196 206 
191 193 194 195 196 207 
192 193 194 195 196 208 
73 205 206 207 208 329 
74 205 206 207 208 330 
75 205 206 207 208 331 
76 205 206 207 208 332 
197 201 202 203 204 213 
198 201 202 203 204 214 
199 201 202 203 204 215 
200 201 202 203 204 216 
81 213 214 215 216 337 
82 213 214 215 216 338 
83 213 214 215 216 339 
84 213 214 215 216 340 
205 209 210 211 212 221 
206 209 210 211 212 222 
207 209 210 211 212 223 
208 209 210 211 212 224 
89 221 222 223 224 345 
90 221 222 223 224 346 
91 221 222 223 224 347 
92 221 222 223 224 348 
213 217 218 219 220 229 
214 217 218 219 220 230 
215 217 218 219 220 231 
216 217 218 219 220 232 
97 229 230 231 232 353 
98 229 230 231 232 354 
99 229 230 231 232 355 
100 229 230 231 232 356 
221 225 226 227 228 237 
222 225 226 227 228 238 
223 225 226 227 228 239 
224 225 226 227 228 240 
105 237 238 239 240 361 
106 237 238 239 240 362 
107 237 238 239 240 363 
108 237 238 239 240 364 
229 233 234 235 236 245 
230 233 234 235 236 246 
231 233 234 235 236 247 
232 233 234 235 236 248 
113 245 246 247 248 369 
114 245 246 247 248 370 
115 245 246 247 248 371 
116 245 246 247 248 372 
237 241 242 243 244 253 
238 241 242 243 244 254 
239 241 242 243 244 255 
240 241 242 243 244 256 
121 253 254 255 256 377 
122 253 254 255 256 378 
123 253 254 255 256 379 
124 253 254 255 256 380 
245 249 250 251 252 
246 249 250 251 252 
247 249 250 251 252 
248 249 250 251 252 
129 261 262 263 264 385 
130 261 262 263 264 386 
131 261 262 263 264 387 
132 261 262 263 264 388 
257 258 259 260 269 
257 258 259 260 270 
257 258 259 260 271 
257 258 259 260 272 
137 269 270 271 272 393 
138 269 270 271 272 394 
139 269 270 271 272 395 
140 269 270 271 272 396 
261 265 266 267 268 277 
262 265 266 267 268 278 
263 265 266 267 268 279 
264 265 266 267 268 280 
145 277 278 279 280 401 
146 277 278 279 280 402 
147 277 278 279 280 403 
148 277 278 279 280 404 
269 273 274 275 276 285 
270 273 274 275 276 286 
271 273 274 275 276 287 
272 273 274 275 276 288 
153 285 286 287 288 409 
154 285 286 287 288 410 
155 285 286 287 288 411 
156 285 286 287 288 412 
277 281 282 283 284 293 
278 281 282 283 284 294 
279 281 282 283 284 295 
280 281 282 283 284 296 
161 293 294 295 296 417 
162 293 294 295 296 418 
163 293 294 295 296 419 
164 293 294 295 296 420 
285 289 290 291 292 301 
286 289 290 291 292 302 
287 289 290 291 292 303 
288 289 290 291 292 304 
169 301 302 303 304 425 
170 301 302 303 304 426 
171 301 302 303 304 427 
172 301 302 303 304 428 
293 297 298 299 300 309 
294 297 298 299 300 310 
295 297 298 299 300 311 
296 297 298 299 300 312 
177 309 310 311 312 433 
178 309 310 311 312 434 
179 309 310 311 312 435 
180 309 310 311 312 436 
301 305 306 307 308 317 
302 305 306 307 308 318 
303 305 306 307 308 319 
304 305 306 307 308 320 
185 317 318 319 320 441 
186 317 318 319 320 442 
187 317 318 319 320 443 
188 317 318 319 320 444 
309 313 314 315 316 325 
310 313 314 315 316 326 
311 313 314 315 316 327 
312 313 314 315 316 328 
193 325 326 327 328 449 
194 325 326 327 328 450 
195 325 326 327 328 451 
196 325 326 327 328 452 
317 321 322 323 324 333 
318 321 322 323 324 334 
319 321 322 323 324 335 
320 321 322 323 324 336 
201 333 334 335 336 457 
202 333 334 335 336 458 
203 333 334 335 336 459 
204 333 334 335 336 460 
325 329 330 331 332 341 
326 329 330 331 332 342 
327 329 330 331 332 343 
328 329 330 331 332 344 
209 341 342 343 344 465 
210 341 342 343 344 466 
211 341 342 343 344 467 
212 341 342 343 344 468 
333 337 338 339 340 349 
334 337 338 339 340 350 
335 337 338 339 340 351 
336 337 338 339 340 352 
217 349 350 351 352 473 
218 349 350 351 352 474 
219 349 350 351 352 475 
220 349 350 351 352 476 
341 345 346 347 348 357 
342 345 346 347 348 358 
343 345 346 347 348 359 
344 345 346 347 348 360 
225 357 358 359 360 481 
226 357 358 359 360 482 
227 357 358 359 360 483 
228 357 358 359 360 484 
349 353 354 355 356 365 
350 353 354 355 356 366 
351 353 354 355 356 367 
352 353 354 355 356 368 
233 365 366 367 368 489 
234 365 366 367 368 490 
235 365 366 367 368 491 
236 365 366 367 368 492 
357 361 362 363 364 373 
358 361 362 363 364 374 
359 361 362 363 364 375 
360 361 362 363 364 376 
241 373 374 375 376 497 
242 373 374 375 376 498 
243 373 374 375 376 499 
244 373 374 375 376 500 
365 369 370 371 372 381 
366 369 370 371 372 382 
367 369 370 371 372 383 
368 369 370 371 372 384 
249 381 382 383 384 505 
250 381 382 383 384 506 
251 381 382 383 384 507 
252 381 382 383 384 508 
373 377 378 379 380 
374 377 378 379 380 
375 377 378 379 380 
376 377 378 379 380 
257 389 390 391 392 513 
258 389 390 391 392 514 
259 389 390 391 392 515 
260 389 390 391 392 516 
385 386 387 388 397 
385 386 387 388 398 
385 386 387 388 399 
385 386 387 388 400 
265 397 398 399 400 521 
266 397 398 399 400 522 
267 397 398 399 400 523 
268 397 398 399 400 524 
389 393 394 395 396 405 
390 393 394 395 396 406 
391 393 394 395 396 407 
392 393 394 395 396 408 
273 405 406 407 408 529 
274 405 406 407 408 530 
275 405 406 407 408 531 
276 405 406 407 408 532 
397 401 402 403 404 413 
398 401 402 403 404 414 
399 401 402 403 404 415 
400 401 402 403 404 416 
281 413 414 415 416 537 
282 413 414 415 416 538 
283 413 414 415 416 539 
284 413 414 415 416 540 
405 409 410 411 412 421 
406 409 410 411 412 422 
407 409 410 411 412 423 
408 409 410 411 412 424 
289 421 422 423 424 545 
290 421 422 423 424 546 
291 421 422 423 424 547 
292 421 422 423 424 548 
413 417 418 419 420 429 
414 417 418 419 420 430 
415 417 418 419 420 431 
416 417 418 419 420 432 
297 429 430 431 432 553 
298 429 430 431 432 554 
299 429 430 431 432 555 
300 429 430 431 432 556 
421 425 426 427 428 437 
422 425 426 427 428 438 
423 425 426 427 428 439 
424 425 426 427 428 440 
305 437 438 439 440 561 
306 437 438 439 440 562 
307 437 438 439 440 563 
308 437 438 439 440 564 
429 433 434 435 436 445 
430 433 434 435 436 446 
431 433 434 435 436 447 
432 433 434 435 436 448 
313 445 446 447 448 569 
314 445 446 447 448 570 
315 445 446 447 448 571 
316 445 446 447 448 572 
437 441 442 443 444 453 
438 441 442 443 444 454 
439 441 442 443 444 455 
440 441 442 443 444 456 
321 453 454 455 456 577 
322 453 454 455 456 578 
323 453 454 455 456 579 
324 453 454 455 456 580 
445 449 450 451 452 461 
446 449 450 451 452 462 
447 449 450 451 452 463 
448 449 450 451 452 464 
329 461 462 463 464 585 
330 461 462 463 464 586 
331 461 462 463 464 587 
332 461 462 463 464 588 
453 457 458 459 460 469 
454 457 458 459 460 470 
455 457 458 459 460 471 
456 457 458 459 460 472 
337 469 470 471 472 593 
338 469 470 471 472 594 
339 469 470 471 472 595 
340 469 470 471 472 596 
461 465 466 467 468 477 
462 465 466 467 468 478 
463 465 466 467 468 479 
464 465 466 467 468 480 
345 477 478 479 480 601 
346 477 478 479 480 602 
347 477 478 479 480 603 
348 477 478 479 480 604 
469 473 474 475 476 485 
470 473 474 475 476 486 
471 473 474 475 476 487 
472 473 474 475 476 488 
353 485 486 487 488 609 
354 485 486 487 488 610 
355 485 486 487 488 611 
356 485 486 487 488 612 
477 481 482 483 484 493 
478 481 482 483 484 494 
479 481 482 483 484 495 
480 481 482 483 484 496 
361 493 494 495 496 617 
362 493 494 495 496 618 
363 493 494 495 496 619 
364 493 494 495 496 620 
485 489 490 491 492 501 
486 489 490 491 492 502 
487 489 490 491 492 503 
488 489 490 491 492 504 
369 501 502 503 504 625 
370 501 502 503 504 626 
371 501 502 503 504 627 
372 501 502 503 504 628 
493 497 498 499 500 509 
494 497 498 499 500 510 
495 497 498 499 500 511 
496 497 498 499 500 512 
377 509 510 511 512 633 
378 509 510 511 512 634 
379 509 510 511 512 635 
380 509 510 511 512 636 
501 505 506 507 508 
502 505 506 507 508 
503 505 506 507 508 
504 505 506 507 508 
385 517 518 519 520 641 
386 517 518 519 520 642 
387 517 518 519 520 643 
388 517 518 519 520 644 
513 514 515 516 525 
513 514 515 516 526 
513 514 515 516 527 
513 514 515 516 528 
393 525 526 527 528 649 
394 525 526 527 528 650 
395 525 526 527 528 651 
396 525 526 527 528 652 
517 521 522 523 524 533 
518 521 522 523 524 534 
519 521 522 523 524 535 
520 521 522 523 524 536 
401 533 534 535 536 657 
402 533 534 535 536 658 
403 533 534 535 536 659 
404 533 534 535 536 660 
525 529 530 531 532 541 
526 529 530 531 532 542 
527 529 530 531 532 543 
528 529 530 531 532 544 
409 541 542 543 544 665 
410 541 542 543 544 666 
411 541 542 543 544 667 
412 541 542 543 544 668 
533 537 538 539 540 549 
534 537 538 539 540 550 
535 537 538 539 540 551 
536 537 538 539 540 552 
417 549 550 551 552 673 
418 549 550 551 552 674 
419 549 550 551 552 675 
420 549 550 551 552 676 
541 545 546 547 548 557 
542 545 546 547 548 558 
543 545 546 547 548 559 
544 545 546 547 548 560 
425 557 558 559 560 681 
426 557 558 559 560 682 
427 557 558 559 560 683 
428 557 558 559 560 684 
549 553 554 555 556 565 
550 553 554 555 556 566 
551 553 554 555 556 567 
552 553 554 555 556 568 
433 565 566 567 568 689 
434 565 566 567 568 690 
435 565 566 567 568 691 
436 565 566 567 568 692 
557 561 562 563 564 573 
558 561 562 563 564 574 
559 561 562 563 564 575 
560 561 562 563 564 576 
441 573 574 575 576 697 
442 573 574 575 576 698 
443 573 574 575 576 699 
444 573 574 575 576 700 
565 569 570 571 572 581 
566 569 570 571 572 582 
567 569 570 571 572 583 
568 569 570 571 572 584 
449 581 582 583 584 705 
450 581 582 583 584 706 
451 581 582 583 584 707 
452 581 582 583 584 708 
573 577 578 579 580 589 
574 577 578 579 580 590 
575 577 578 579 580 591 
576 577 578 579 580 592 
457 589 590 591 592 713 
458 589 590 591 592 714 
459 589 590 591 592 715 
460 589 590 591 592 716 
581 585 586 587 588 597 
582 585 586 587 588 598 
583 585 586 587 588 599 
584 585 586 587 588 600 
465 597 598 599 600 721 
466 597 598 599 600 722 
467 597 598 599 600 723 
468 597 598 599 600 724 
589 593 594 595 596 605 
590 593 594 595 596 606 
591 593 594 595 596 607 
592 593 594 595 596 608 
473 605 606 607 608 729 
474 605 606 607 608 730 
475 605 606 607 608 731 
476 605 606 607 608 732 
597 601 602 603 604 613 
598 601 602 603 604 614 
599 601 602 603 604 615 
600 601 602 603 604 616 
481 613 614 615 616 737 
482 613 614 615 616 738 
483 613 614 615 616 739 
484 613 614 615 616 740 
605 609 610 611 612 621 
606 609 610 611 612 622 
607 609 610 611 612 623 
608 609 610 611 612 624 
489 621 622 623 624 745 
490 621 622 623 624 746 
491 621 622 623 624 747 
492 621 622 623 624 748 
613 617 618 619 620 629 
614 617 618 619 620 630 
615 617 618 619 620 631 
616 617 618 619 620 632 
497 629 630 631 632 753 
498 629 630 631 632 754 
499 629 630 631 632 755 
500 629 630 631 632 756 
621 625 626 627 628 637 
622 625 626 627 628 638 
623 625 626 627 628 639 
624 625 626 627 628 640 
505 637 638 639 640 761 
506 637 638 639 640 762 
507 637 638 639 640 763 
508 637 638 639 640 764 
629 633 634 635 636 
630 633 634 635 636 
631 633 634 635 636 
632 633 634 635 636 
513 645 646 647 648 769 
514 645 646 647 648 770 
515 645 646 647 648 771 
516 645 646 647 648 772 
641 642 643 644 653 
641 642 643 644 654 
641 642 643 644 655 
641 642 643 644 656 
521 653 654 655 656 777 
522 653 654 655 656 778 
523 653 654 655 656 779 
524 653 654 655 656 780 
645 649 650 651 652 661 
646 649 650 651 652 662 
647 649 650 651 652 663 
648 649 650 651 652 664 
529 661 662 663 664 785 
530 661 662 663 664 786 
531 661 662 663 664 787 
532 661 662 663 664 788 
653 657 658 659 660 669 
654 657 658 659 660 670 
655 657 658 659 660 671 
656 657 658 659 660 672 
537 669 670 671 672 793 
538 669 670 671 672 794 
539 669 670 671 672 795 
540 669 670 671 672 796 
661 665 666 667 668 677 
662 665 666 667 668 678 
663 665 666 667 668 679 
664 665 666 667 668 680 
545 677 678 679 680 801 
546 677 678 679 680 802 
547 677 678 679 680 803 
548 677 678 679 680 804 
669 673 674 675 676 685 
670 673 674 675 676 686 
671 673 674 675 676 687 
672 673 674 675 676 688 
553 685 686 687 688 809 
554 685 686 687 688 810 
555 685 686 687 688 811 
556 685 686 687 688 812 
677 681 682 683 684 693 
678 681 682 683 684 694 
679 681 682 683 684 695 
680 681 682 683 684 696 
561 693 694 695 696 817 
562 693 694 695 696 818 
563 693 694 695 696 819 
564 693 694 695 696 820 
685 689 690 691 692 701 
686 689 690 691 692 702 
687 689 690 691 692 703 
688 689 690 691 692 704 
569 701 702 703 704 825 
570 701 702 703 704 826 
571 701 702 703 704 827 
572 701 702 703 704 828 
693 697 698 699 700 709 
694 697 698 699 700 710 
695 697 698 699 700 711 
696 697 698 699 700 712 
577 709 710 711 712 833 
578 709 710 711 712 834 
579 709 710 711 712 835 
580 709 710 711 712 836 
701 705 706 707 708 717 
702 705 706 707 708 718 
703 705 706 707 708 719 
704 705 706 707 708 720 
585 717 718 719 720 841 
586 717 718 719 720 842 
587 717 718 719 720 843 
588 717 718 719 720 844 
709 713 714 715 716 725 
710 713 714 715 716 726 
711 713 714 715 716 727 
712 713 714 715 716 728 
593 725 726 727 728 849 
594 725 726 727 728 850 
595 725 726 727 728 851 
596 725 726 727 728 852 
717 721 722 723 724 733 
718 721 722 723 724 734 
719 721 722 723 724 735 
720 721 722 723 724 736 
601 733 734 735 736 857 
602 733 734 735 736 858 
603 733 734 735 736 859 
604 733 734 735 736 860 
725 729 730 731 732 741 
726 729 730 731 732 742 
727 729 730 731 732 743 
728 729 730 731 732 744 
609 741 742 743 744 865 
610 741 742 743 744 866 
611 741 742 743 744 867 
612 741 742 743 744 868 
733 737 738 739 740 749 
734 737 738 739 740 750 
735 737 738 739 740 751 
736 737 738 739 740 752 
617 749 750 751 752 873 
618 749 750 751 752 874 
619 749 750 751 752 875 
620 749 750 751 752 876 
741 745 746 747 748 757 
742 745 746 747 748 758 
743 745 746 747 748 759 
744 745 746 747 748 760 
625 757 758 759 760 881 
626 757 758 759 760 882 
627 757 758 759 760 883 
628 757 758 759 760 884 
749 753 754 755 756 765 
750 753 754 755 756 766 
751 753 754 755 756 767 
752 753 754 755 756 768 
633 765 766 767 768 889 
634 765 766 767 768 890 
635 765 766 767 768 891 
636 765 766 767 768 892 
757 761 762 763 764 
758 761 762 763 764 
759 761 762 763 764 
760 761 762 763 764 
641 773 774 775 776 897 
642 773 774 775 776 898 
643 773 774 775 776 899 
644 773 774 775 776 900 
769 770 771 772 781 
769 770 771 772 782 
769 770 771 772 783 
769 770 771 772 784 
649 781 782 783 784 905 
650 781 782 783 784 906 
651 781 782 783 784 907 
652 781 782 783 784 908 
773 777 778 779 780 789 
774 777 778 779 780 790 
775 777 778 779 780 791 
776 777 778 779 780 792 
657 789 790 791 792 913 
658 789 790 791 792 914 
659 789 790 791 792 915 
660 789 790 791 792 916 
781 785 786 787 788 797 
782 785 786 787 788 798 
783 785 786 787 788 799 
784 785 786 787 788 800 
665 797 798 799 800 921 
666 797 798 799 800 922 
667 797 798 799 800 923 
668 797 798 799 800 924 
789 793 794 795 796 805 
790 793 794 795 796 806 
791 793 794 795 796 807 
792 793 794 795 796 808 
673 805 806 807 808 929 
674 805 806 807 808 930 
675 805 806 807 808 931 
676 805 806 807 808 932 
797 801 802 803 804 813 
798 801 802 803 804 814 
799 801 802 803 804 815 
800 801 802 803 804 816 
681 813 814 815 816 937 
682 813 814 815 816 938 
683 813 814 815 816 939 
684 813 814 815 816 940 
805 809 810 811 812 821 
806 809 810 811 812 822 
807 809 810 811 812 823 
808 809 810 811 812 824 
689 821 822 823 824 945 
690 821 822 823 824 946 
691 821 822 823 824 947 
692 821 822 823 824 948 
813 817 818 819 820 829 
814 817 818 819 820 830 
815 817 818 819 820 831 
816 817 818 819 820 832 
697 829 830 831 832 953 
698 829 830 831 832 954 
699 829 830 831 832 955 
700 829 830 831 832 956 
821 825 826 827 828 837 
822 825 826 827 828 838 
823 825 826 827 828 839 
824 825 826 827 828 840 
705 837 838 839 840 961 
706 837 838 839 840 962 
707 837 838 839 840 963 
708 837 838 839 840 964 
829 833 834 835 836 845 
830 833 834 835 836 846 
831 833 834 835 836 847 
832 833 834 835 836 848 
713 845 846 847 848 969 
714 845 846 847 848 970 
715 845 846 847 848 971 
716 845 846 847 848 972 
837 841 842 843 844 853 
838 841 842 843 844 854 
839 841 842 843 844 855 
840 841 842 843 844 856 
721 853 854 855 856 977 
722 853 854 855 856 978 
723 853 854 855 856 979 
724 853 854 855 856 980 
845 849 850 851 852 861 
846 849 850 851 852 862 
847 849 850 851 852 863 
848 849 850 851 852 864 
729 861 862 863 864 985 
730 861 862 863 864 986 
731 861 862 863 864 987 
732 861 862 863 864 988 
853 857 858 859 860 869 
854 857 858 859 860 870 
855 857 858 859 860 871 
856 857 858 859 860 872 
737 869 870 871 872 993 
738 869 870 871 872 994 
739 869 870 871 872 995 
740 869 870 871 872 996 
861 865 866 867 868 877 
862 865 866 867 868 878 
863 865 866 867 868 879 
864 865 866 867 868 880 
745 877 878 879 880 1001 
746 877 878 879 880 1002 
747 877 878 879 880 1003 
748 877 878 879 880 1004 
869 873 874 875 876 885 
870 873 874 875 876 886 
871 873 874 875 876 887 
872 873 874 875 876 888 
753 885 886 887 888 1009 
754 885 886 887 888 1010 
755 885 886 887 888 1011 
756 885 886 887 888 1012 
877 881 882 883 884 893 
878 881 882 883 884 894 
879 881 882 883 884 895 
880 881 882 883 884 896 
761 893 894 895 896 1017 
762 893 894 895 896 1018 
763 893 894 895 896 1019 
764 893 894 895 896 1020 
885 889 890 891 892 
886 889 890 891 892 
887 889 890 891 892 
888 889 890 891 892 
769 901 902 903 904 1025 
770 901 902 903 904 1026 
771 901 902 903 904 1027 
772 901 902 903 904 1028 
897 898 899 900 909 
897 898 899 900 910 
897 898 899 900 911 
897 898 899 900 912 
777 909 910 911 912 1033 
778 909 910 911 912 1034 
779 909 910 911 912 1035 
780 909 910 911 912 1036 
901 905 906 907 908 917 
902 905 906 907 908 918 
903 905 906 907 908 919 
904 905 906 907 908 920 
785 917 918 919 920 1041 
786 917 918 919 920 1042 
787 917 918 919 920 1043 
788 917 918 919 920 1044 
909 913 914 915 916 925 
910 913 914 915 916 926 
911 913 914 915 916 927 
912 913 914 915 916 928 
793 925 926 927 928 1049 
794 925 926 927 928 1050 
795 925 926 927 928 1051 
796 925 926 927 928 1052 
917 921 922 923 924 933 
918 921 922 923 924 934 
919 921 922 923 924 935 
920 921 922 923 924 936 
801 933 934 935 936 1057 
802 933 934 935 936 1058 
803 933 934 935 936 1059 
804 933 934 935 936 1060 
925 929 930 931 932 941 
926 929 930 931 932 942 
927 929 930 931 932 943 
928 929 930 931 932 944 
809 941 942 943 944 1065 
810 941 942 943 944 1066 
811 941 942 943 944 1067 
812 941 942 943 944 1068 
933 937 938 939 940 949 
934 937 938 939 940 950 
935 937 938 939 940 951 
936 937 938 939 940 952 
817 949 950 951 952 1073 
818 949 950 951 952 1074 
819 949 950 951 952 1075 
820 949 950 951 952 1076 
941 945 946 947 948 957 
942 945 946 947 948 958 
943 945 946 947 948 959 
944 945 946 947 948 960 
825 957 958 959 960 1081 
826 957 958 959 960 1082 
827 957 958 959 960 1083 
828 957 958 959 960 1084 
949 953 954 955 956 965 
950 953 954 955 956 966 
951 953 954 955 956 967 
952 953 954 955 956 968 
833 965 966 967 968 1089 
834 965 966 967 968 1090 
835 965 966 967 968 1091 
836 965 966 967 968 1092 
957 961 962 963 964 973 
958 961 962 963 964 974 
959 961 962 963 964 975 
960 961 962 963 964 976 
841 973 974 975 976 1097 
842 973 974 975 976 1098 
843 973 974 975 976 1099 
844 973 974 975 976 1100 
965 969 970 971 972 981 
966 969 970 971 972 982 
967 969 970 971 972 983 
968 969 970 971 972 984 
849 981 982 983 984 1105 
850 981 982 983 984 1106 
851 981 982 983 984 1107 
852 981 982 983 984 1108 
973 977 978 979 980 989 
974 977 978 979 980 990 
975 977 978 979 980 991 
976 977 978 979 980 992 
857 989 990 991 992 1113 
858 989 990 991 992 1114 
859 989 990 991 992 1115 
860 989 990 991 992 1116 
981 985 986 987 988 997 
982 985 986 987 988 998 
983 985 986 987 988 999 
984 985 986 987 988 1000 
865 997 998 999 1000 1121 
866 997 998 999 1000 1122 
867 997 998 999 1000 1123 
868 997 998 999 1000 1124 
989 993 994 995 996 1005 
990 993 994 995 996 1006 
991 993 994 995 996 1007 
992 993 994 995 996 1008 
873 1005 1006 1007 1008 1129 
874 1005 1006 1007 1008 1130 
875 1005 1006 1007 1008 1131 
876 1005 1006 1007 1008 1132 
997 1001 1002 1003 1004 1013 
998 1001 1002 1003 1004 1014 
999 1001 1002 1003 1004 1015 
1000 1001 1002 1003 1004 1016 
881 1013 1014 1015 1016 1137 
882 1013 1014 1015 1016 1138 
883 1013 1014 1015 1016 1139 
884 1013 1014 1015 1016 1140 
1005 1009 1010 1011 1012 1021 
1006 1009 1010 1011 1012 1022 
1007 1009 1010 1011 1012 1023 
1008 1009 1010 1011 1012 1024 
889 1021 1022 1023 1024 1145 
890 1021 1022 1023 1024 1146 
891 1021 1022 1023 1024 1147 
892 1021 1022 1023 1024 1148 
1013 1017 1018 1019 1020 
1014 1017 1018 1019 1020 
1015 1017 1018 1019 1020 
1016 1017 1018 1019 1020 
897 1029 1030 1031 1032 1153 
898 1029 1030 1031 1032 1154 
899 1029 1030 1031 1032 1155 
900 1029 1030 1031 1032 1156 
1025 1026 1027 1028 1037 
1025 1026 1027 1028 1038 
1025 1026 1027 1028 1039 
1025 1026 1027 1028 1040 
905 1037 1038 1039 1040 1161 
906 1037 1038 1039 1040 1162 
907 1037 1038 1039 1040 1163 
908 1037 1038 1039 1040 1164 
1029 1033 1034 1035 1036 1045 
1030 1033 1034 1035 1036 1046 
1031 1033 1034 1035 1036 1047 
1032 1033 1034 1035 1036 1048 
913 1045 1046 1047 1048 1169 
914 1045 1046 1047 1048 1170 
915 1045 1046 1047 1048 1171 
916 1045 1046 1047 1048 1172 
1037 1041 1042 1043 1044 1053 
1038 1041 1042 1043 1044 1054 
1039 1041 1042 1043 1044 1055 
1040 1041 1042 1043 1044 1056 
921 1053 1054 1055 1056 1177 
922 1053 1054 1055 1056 1178 
923 1053 1054 1055 1056 1179 
924 1053 1054 1055 1056 1180 
1045 1049 1050 1051 1052 1061 
1046 1049 1050 1051 1052 1062 
1047 1049 1050 1051 1052 1063 
1048 1049 1050 1051 1052 1064 
929 1061 1062 1063 1064 1185 
930 1061 1062 1063 1064 1186 
931 1061 1062 1063 1064 1187 
932 1061 1062 1063 1064 1188 
1053 1057 1058 1059 1060 1069 
1054 1057 1058 1059 1060 1070 
1055 1057 1058 1059 1060 1071 
1056 1057 1058 1059 1060 1072 
937 1069 1070 1071 1072 1193 
938 1069 1070 1071 1072 1194 
939 1069 1070 1071 1072 1195 
940 1069 1070 1071 1072 1196 
1061 1065 1066 1067 1068 1077 
1062 1065 1066 1067 1068 1078 
1063 1065 1066 1067 1068 1079 
1064 1065 1066 1067 1068 1080 
945 1077 1078 1079 1080 1201 
946 1077 1078 1079 1080 1202 
947 1077 1078 1079 1080 1203 
948 1077 1078 1079 1080 1204 
1069 1073 1074 1075 1076 1085 
1070 1073 1074 1075 1076 1086 
1071 1073 1074 1075 1076 1087 
1072 1073 1074 1075 1076 1088 
953 1085 1086 1087 1088 1209 
954 1085 1086 1087 1088 1210 
955 1085 1086 1087 1088 1211 
956 1085 1086 1087 1088 1212 
1077 1081 1082 1083 1084 1093 
1078 1081 1082 1083 1084 1094 
1079 1081 1082 1083 1084 1095 
1080 1081 1082 1083 1084 1096 
961 1093 1094 1095 1096 1217 
962 1093 1094 1095 1096 1218 
963 1093 1094 1095 1096 1219 
964 1093 1094 1095 1096 1220 
1085 1089 1090 1091 1092 1101 
1086 1089 1090 1091 1092 1102 
1087 1089 1090 1091 1092 1103 
1088 1089 1090 1091 1092 1104 
969 1101 1102 1103 1104 1225 
970 1101 1102 1103 1104 1226 
971 1101 1102 1103 1104 1227 
972 1101 1102 1103 1104 1228 
1093 1097 1098 1099 1100 1109 
1094 1097 1098 1099 1100 1110 
1095 1097 1098 1099 1100 1111 
1096 1097 1098 1099 1100 1112 
977 1109 1110 1111 1112 1233 
978 1109 1110 1111 1112 1234 
979 1109 1110 1111 1112 1235 
980 1109 1110 1111 1112 1236 
1101 1105 1106 1107 1108 1117 
1102 1105 1106 1107 1108 1118 
1103 1105 1106 1107 1108 1119 
1104 1105 1106 1107 1108 1120 
985 1117 1118 1119 1120 1241 
986 1117 1118 1119 1120 1242 
987 1117 1118 1119 1120 1243 
988 1117 1118 1119 1120 1244 
1109 1113 1114 1115 1116 1125 
1110 1113 1114 1115 1116 1126 
1111 1113 1114 1115 1116 1127 
1112 1113 1114 1115 1116 1128 
993 1125 1126 1127 1128 1249 
994 1125 1126 1127 1128 1250 
995 1125 1126 1127 1128 1251 
996 1125 1126 1127 1128 1252 
1117 1121 1122 1123 1124 1133 
1118 1121 1122 1123 1124 1134 
1119 1121 1122 1123 1124 1135 
1120 1121 1122 1123 1124 1136 
1001 1133 1134 1135 1136 1257 
1002 1133 1134 1135 1136 1258 
1003 1133 1134 1135 1136 1259 
1004 1133 1134 1135 1136 1260 
1125 1129 1130 1131 1132 1141 
1126 1129 1130 1131 1132 1142 
1127 1129 1130 1131 1132 1143 
1128 1129 1130 1131 1132 1144 
1009 1141 1142 1143 1144 1265 
1010 1141 1142 1143 1144 1266 
1011 1141 1142 1143 1144 1267 
1012 1141 1142 1143 1144 1268 
1133 1137 1138 1139 1140 1149 
1134 1137 1138 1139 1140 1150 
1135 1137 1138 1139 1140 1151 
1136 1137 1138 1139 1140 1152 
1017 1149 1150 1151 1152 1273 
1018 1149 1150 1151 1152 1274 
1019 1149 1150 1151 1152 1275 
1020 1149 1150 1151 1152 1276 
1141 1145 1146 1147 1148 
1142 1145 1146 1147 1148 
1143 1145 1146 1147 1148 
1144 1145 1146 1147 1148 
1025 1157 1158 1159 1160 1281 
1026 1157 1158 1159 1160 1282 
1027 1157 1158 1159 1160 1283 
1028 1157 1158 1159 1160 1284 
1153 1154 1155 1156 1165 
1153 1154 1155 1156 1166 
1153 1154 1155 1156 1167 
1153 1154 1155 1156 1168 
1033 1165 1166 1167 1168 1289 
1034 1165 1166 1167 1168 1290 
1035 1165 1166 1167 1168 1291 
1036 1165 1166 1167 1168 1292 
1157 1161 1162 1163 1164 1173 
1158 1161 1162 1163 1164 1174 
1159 1161 1162 1163 1164 1175 
1160 1161 1162 1163 1164 1176 
1041 1173 1174 1175 1176 1297 
1042 1173 1174 1175 1176 1298 
1043 1173 1174 1175 1176 1299 
1044 1173 1174 1175 1176 1300 
1165 1169 1170 1171 1172 1181 
1166 1169 1170 1171 1172 1182 
1167 1169 1170 1171 1172 1183 
1168 1169 1170 1171 1172 1184 
1049 1181 1182 1183 1184 1305 
1050 1181 1182 1183 1184 1306 
1051 1181 1182 1183 1184 1307 
1052 1181 1182 1183 1184 1308 
1173 1177 1178 1179 1180 1189 
1174 1177 1178 1179 1180 1190 
1175 1177 1178 1179 1180 1191 
1176 1177 1178 1179 1180 1192 
1057 1189 1190 1191 1192 1313 
1058 1189 1190 1191 1192 1314 
1059 1189 1190 1191 1192 1315 
1060 1189 1190 1191 1192 1316 
1181 1185 1186 1187 1188 1197 
1182 1185 1186 1187 1188 1198 
1183 1185 1186 1187 1188 1199 
1184 1185 1186 1187 1188 1200 
1065 1197 1198 1199 1200 1321 
1066 1197 1198 1199 1200 1322 
1067 1197 1198 1199 1200 1323 
1068 1197 1198 1199 1200 1324 
1189 1193 1194 1195 1196 1205 
1190 1193 1194 1195 1196 1206 
1191 1193 1194 1195 1196 1207 
1192 1193 1194 1195 1196 1208 
1073 1205 1206 1207 1208 1329 
1074 1205 1206 1207 1208 1330 
1075 1205 1206 1207 1208 1331 
1076 1205 1206 1207 1208 1332 
1197 1201 1202 1203 1204 1213 
1198 1201 1202 1203 1204 1214 
1199 1201 1202 1203 1204 1215 
1200 1201 1202 1203 1204 1216 
1081 1213 1214 1215 1216 1337 
1082 1213 1214 1215 1216 1338 
1083 1213 1214 1215 1216 1339 
1084 1213 1214 1215 1216 1340 
1205 1209 1210 1211 1212 1221 
1206 1209 1210 1211 1212 1222 
1207 1209 1210 1211 1212 1223 
1208 1209 1210 1211 1212 1224 
1089 1221 1222 1223 1224 1345 
1090 1221 1222 1223 1224 1346 
1091 1221 1222 1223 1224 1347 
1092 1221 1222 1223 1224 1348 
1213 1217 1218 1219 1220 1229 
1214 1217 1218 1219 1220 1230 
1215 1217 1218 1219 1220 1231 
1216 1217 1218 1219 1220 1232 
1097 1229 1230 1231 1232 1353 
1098 1229 1230 1231 1232 1354 
1099 1229 1230 1231 1232 1355 
1100 1229 1230 1231 1232 1356 
1221 1225 1226 1227 1228 1237 
1222 1225 1226 1227 1228 1238 
1223 1225 1226 1227 1228 1239 
1224 1225 1226 1227 1228 1240 
1105 1237 1238 1239 1240 1361 
1106 1237 1238 1239 1240 1362 
1107 1237 1238 1239 1240 1363 
1108 1237 1238 1239 1240 1364 
1229 1233 1234 1235 1236 1245 
1230 1233 1234 1235 1236 1246 
1231 1233 1234 1235 1236 1247 
1232 1233 1234 1235 1236 1248 
1113 1245 1246 1247 1248 1369 
1114 1245 1246 1247 1248 1370 
1115 1245 1246 1247 1248 1371 
1116 1245 1246 1247 1248 1372 
1237 1241 1242 1243 1244 1253 
1238 1241 1242 1243 1244 1254 
1239 1241 1242 1243 1244 1255 
1240 1241 1242 1243 1244 1256 
1121 1253 1254 1255 1256 1377 
1122 1253 1254 1255 1256 1378 
1123 1253 1254 1255 1256 1379 
1124 1253 1254 1255 1256 1380 
1245 1249 1250 1251 1252 1261 
1246 1249 1250 1251 1252 1262 
1247 1249 1250 1251 1252 1263 
1248 1249 1250 1251 1252 1264 
1129 1261 1262 1263 1264 1385 
1130 1261 1262 1263 1264 1386 
1131 1261 1262 1263 1264 1387 
1132 1261 1262 1263 1264 1388 
1253 1257 1258 1259 1260 1269 
1254 1257 1258 1259 1260 1270 
1255 1257 1258 1259 1260 1271 
1256 1257 1258 1259 1260 1272 
1137 1269 1270 1271 1272 1393 
1138 1269 1270 1271 1272 1394 
1139 1269 1270 1271 1272 1395 
1140 1269 1270 1271 1272 1396 
1261 1265 1266 1267 1268 1277 
1262 1265 1266 1267 1268 1278 
1263 1265 1266 1267 1268 1279 
1264 1265 1266 1267 1268 1280 
1145 1277 1278 1279 1280 1401 
1146 1277 1278 1279 1280 1402 
1147 1277 1278 1279 1280 1403 
1148 1277 1278 1279 1280 1404 
1269 1273 1274 1275 1276 
1270 1273 1274 1275 1276 
1271 1273 1274 1275 1276 
1272 1273 1274 1275 1276 
1153 1285 1286 1287 1288 1409 
1154 1285 1286 1287 1288 1410 
1155 1285 1286 1287 1288 1411 
1156 1285 1286 1287 1288 1412 
1281 1282 1283 1284 1293 
1281 1282 1283 1284 1294 
1281 1282 1283 1284 1295 
1281 1282 1283 1284 1296 
1161 1293 1294 1295 1296 1417 
1162 1293 1294 1295 1296 1418 
1163 1293 1294 1295 1296 1419 
1164 1293 1294 1295 1296 1420 
1285 1289 1290 1291 1292 1301 
1286 1289 1290 1291 1292 1302 
1287 1289 1290 1291 1292 1303 
1288 1289 1290 1291 1292 1304 
1169 1301 1302 1303 1304 1425 
1170 1301 1302 1303 1304 1426 
1171 1301 1302 1303 1304 1427 
1172 1301 1302 1303 1304 1428 
1293 1297 1298 1299 1300 1309 
1294 1297 1298 1299 1300 1310 
1295 1297 1298 1299 1300 1311 
1296 1297 1298 1299 1300 1312 
1177 1309 1310 1311 1312 1433 
1178 1309 1310 1311 1312 1434 
1179 1309 1310 1311 1312 1435 
1180 1309 1310 1311 1312 1436 
1301 1305 1306 1307 1308 1317 
1302 1305 1306 1307 1308 1318 
1303 1305 1306 1307 1308 1319 
1304 1305 1306 1307 1308 1320 
1185 1317 1318 1319 1320 1441 
1186 1317 1318 1319 1320 1442 
1187 1317 1318 1319 1320 1443 
1188 1317 1318 1319 1320 1444 
1309 1313 1314 1315 1316 1325 
1310 1313 1314 1315 1316 1326 
1311 1313 1314 1315 1316 1327 
1312 1313 1314 1315 1316 1328 
1193 1325 1326 1327 1328 1449 
1194 1325 1326 1327 1328 1450 
1195 1325 1326 1327 1328 1451 
1196 1325 1326 1327 1328 1452 
1317 1321 1322 1323 1324 1333 
1318 1321 1322 1323 1324 1334 
1319 1321 1322 1323 1324 1335 
1320 1321 1322 1323 1324 1336 
1201 1333 1334 1335 1336 1457 
1202 1333 1334 1335 1336 1458 
1203 1333 1334 1335 1336 1459 
1204 1333 1334 1335 1336 1460 
1325 1329 1330 1331 1332 1341 
1326 1329 1330 1331 1332 1342 
1327 1329 1330 1331 1332 1343 
1328 1329 1330 1331 1332 1344 
1209 1341 1342 1343 1344 1465 
1210 1341 1342 1343 1344 1466 
1211 1341 1342 1343 1344 1467 
1212 1341 1342 1343 1344 1468 
1333 1337 1338 1339 1340 1349 
1334 1337 1338 1339 1340 1350 
1335 1337 1338 1339 1340 1351 
1336 1337 1338 1339 1340 1352 
1217 1349 1350 1351 1352 1473 
1218 1349 1350 1351 1352 1474 
1219 1349 1350 1351 1352 1475 
1220 1349 1350 1351 1352 1476 
1341 1345 1346 1347 1348 1357 
1342 1345 1346 1347 1348 1358 
1343 1345 1346 1347 1348 1359 
1344 1345 1346 1347 1348 1360 
1225 1357 1358 1359 1360 1481 
1226 1357 1358 1359 1360 1482 
1227 1357 1358 1359 1360 1483 
1228 1357 1358 1359 1360 1484 
1349 1353 1354 1355 1356 1365 
1350 1353 1354 1355 1356 1366 
1351 1353 1354 1355 1356 1367 
1352 1353 1354 1355 1356 1368 
1233 1365 1366 1367 1368 1489 
1234 1365 1366 1367 1368 1490 
1235 1365 1366 1367 1368 1491 
1236 1365 1366 1367 1368 1492 
1357 1361 1362 1363 1364 1373 
1358 1361 1362 1363 1364 1374 
1359 1361 1362 1363 1364 1375 
1360 1361 1362 1363 1364 1376 
1241 1373 1374 1375 1376 1497 
1242 1373 1374 1375 1376 1498 
1243 1373 1374 1375 1376 1499 
1244 1373 1374 1375 1376 1500 
1365 1369 1370 1371 1372 1381 
1366 1369 1370 1371 1372 1382 
1367 1369 1370 1371 1372 1383 
1368 1369 1370 1371 1372 1384 
1249 1381 1382 1383 1384 1505 
1250 1381 1382 1383 1384 1506 
1251 1381 1382 1383 1384 1507 
1252 1381 1382 1383 1384 1508 
1373 1377 1378 1379 1380 1389 
1374 1377 1378 1379 1380 1390 
1375 1377 1378 1379 1380 1391 
1376 1377 1378 1379 1380 1392 
1257 1389 1390 1391 1392 1513 
1258 1389 1390 1391 1392 1514 
1259 1389 1390 1391 1392 1515 
1260 1389 1390 1391 1392 1516 
1381 1385 1386 1387 1388 1397 
1382 1385 1386 1387 1388 1398 
1383 1385 1386 1387 1388 1399 
1384 1385 1386 1387 1388 1400 
1265 1397 1398 1399 1400 1521 
1266 1397 1398 1399 1400 1522 
1267 1397 1398 1399 1400 1523 
1268 1397 1398 1399 1400 1524 
1389 1393 1394 1395 1396 1405 
1390 1393 1394 1395 1396 1406 
1391 1393 1394 1395 1396 1407 
1392 1393 1394 1395 1396 1408 
1273 1405 1406 1407 1408 1529 
1274 1405 1406 1407 1408 1530 
1275 1405 1406 1407 1408 1531 
1276 1405 1406 1407 1408 1532 
1397 1401 1402 1403 1404 
1398 1401 1402 1403 1404 
1399 1401 1402 1403 1404 
1400 1401 1402 1403 1404 
1281 1413 1414 1415 1416 1537 
1282 1413 1414 1415 1416 1538 
1283 1413 1414 1415 1416 1539 
1284 1413 1414 1415 1416 1540 
1409 1410 1411 1412 1421 
1409 1410 1411 1412 1422 
1409 1410 1411 1412 1423 
1409 1410 1411 1412 1424 
1289 1421 1422 1423 1424 1545 
1290 1421 1422 1423 1424 1546 
1291 1421 1422 1423 1424 1547 
1292 1421 1422 1423 1424 1548 
1413 1417 1418 1419 1420 1429 
1414 1417 1418 1419 1420 1430 
1415 1417 1418 1419 1420 1431 
1416 1417 1418 1419 1420 1432 
1297 1429 1430 1431 1432 1553 
1298 1429 1430 1431 1432 1554 
1299 1429 1430 1431 1432 1555 
1300 1429 1430 1431 1432 1556 
1421 1425 1426 1427 1428 1437 
1422 1425 1426 1427 1428 1438 
1423 1425 1426 1427 1428 1439 
1424 1425 1426 1427 1428 1440 
1305 1437 1438 1439 1440 1561 
1306 1437 1438 1439 1440 1562 
1307 1437 1438 1439 1440 1563 
1308 1437 1438 1439 1440 1564 
1429 1433 1434 1435 1436 1445 
1430 1433 1434 1435 1436 1446 
1431 1433 1434 1435 1436 1447 
1432 1433 1434 1435 1436 1448 
1313 1445 1446 1447 1448 1569 
1314 1445 1446 1447 1448 1570 
1315 1445 1446 1447 1448 1571 
1316 1445 1446 1447 1448 1572 
1437 1441 1442 1443 1444 1453 
1438 1441 1442 1443 1444 1454 
1439 1441 1442 1443 1444 1455 
1440 1441 1442 1443 1444 1456 
1321 1453 1454 1455 1456 1577 
1322 1453 1454 1455 1456 1578 
1323 1453 1454 1455 1456 1579 
1324 1453 1454 1455 1456 1580 
1445 1449 1450 1451 1452 1461 
1446 1449 1450 1451 1452 1462 
1447 1449 1450 1451 1452 1463 
1448 1449 1450 1451 1452 1464 
1329 1461 1462 1463 1464 1585 
1330 1461 1462 1463 1464 1586 
1331 1461 1462 1463 1464 1587 
1332 1461 1462 1463 1464 1588 
1453 1457 1458 1459 1460 1469 
1454 1457 1458 1459 1460 1470 
1455 1457 1458 1459 1460 1471 
1456 1457 1458 1459 1460 1472 
1337 1469 1470 1471 1472 1593 
1338 1469 1470 1471 1472 1594 
1339 1469 1470 1471 1472 1595 
1340 1469 1470 1471 1472 1596 
1461 1465 1466 1467 1468 1477 
1462 1465 1466 1467 1468 1478 
1463 1465 1466 1467 1468 1479 
1464 1465 1466 1467 1468 1480 
1345 1477 1478 1479 1480 1601 
1346 1477 1478 1479 1480 1602 
1347 1477 1478 1479 1480 1603 
1348 1477 1478 1479 1480 1604 
1469 1473 1474 1475 1476 1485 
1470 1473 1474 1475 1476 1486 
1471 1473 1474 1475 1476 1487 
1472 1473 1474 1475 1476 1488 
1353 1485 1486 1487 1488 1609 
1354 1485 1486 1487 1488 1610 
1355 1485 1486 1487 1488 1611 
1356 1485 1486 1487 1488 1612 
1477 1481 1482 1483 1484 1493 
1478 1481 1482 1483 1484 1494 
1479 1481 1482 1483 1484 1495 
1480 1481 1482 1483 1484 1496 
1361 1493 1494 1495 1496 1617 
1362 1493 1494 1495 1496 1618 
1363 1493 1494 1495 1496 1619 
1364 1493 1494 1495 1496 1620 
1485 1489 1490 1491 1492 1501 
1486 1489 1490 1491 1492 1502 
1487 1489 1490 1491 1492 1503 
1488 1489 1490 1491 1492 1504 
1369 1501 1502 1503 1504 1625 
1370 1501 1502 1503 1504 1626 
1371 1501 1502 1503 1504 1627 
1372 1501 1502 1503 1504 1628 
1493 1497 1498 1499 1500 1509 
1494 1497 1498 1499 1500 1510 
1495 1497 1498 1499 1500 1511 
1496 1497 1498 1499 1500 1512 
1377 1509 1510 1511 1512 1633 
1378 1509 1510 1511 1512 1634 
1379 1509 1510 1511 1512 1635 
1380 1509 1510 1511 1512 1636 
1501 1505 1506 1507 1508 1517 
1502 1505 1506 1507 1508 1518 
1503 1505 1506 1507 1508 1519 
1504 1505 1506 1507 1508 1520 
1385 1517 1518 1519 1520 1641 
1386 1517 1518 1519 1520 1642 
1387 1517 1518 1519 1520 1643 
1388 1517 1518 1519 1520 1644 
1509 1513 1514 1515 1516 1525 
1510 1513 1514 1515 1516 1526 
1511 1513 1514 1515 1516 1527 
1512 1513 1514 1515 1516 1528 
1393 1525 1526 1527 1528 1649 
1394 1525 1526 1527 1528 1650 
1395 1525 1526 1527 1528 1651 
1396 1525 1526 1527 1528 1652 
1517 1521 1522 1523 1524 1533 
1518 1521 1522 1523 1524 1534 
1519 1521 1522 1523 1524 1535 
1520 1521 1522 1523 1524 1536 
1401 1533 1534 1535 1536 1657 
1402 1533 1534 1535 1536 1658 
1403 1533 1534 1535 1536 1659 
1404 1533 1534 1535 1536 1660 
1525 1529 1530 1531 1532 
1526 1529 1530 1531 1532 
1527 1529 1530 1531 1532 
1528 1529 1530 1531 1532 
1409 1541 1542 1543 1544 1665 
1410 1541 1542 1543 1544 1666 
1411 1541 1542 1543 1544 1667 
1412 1541 1542 1543 1544 1668 
1537 1538 1539 1540 1549 
1537 1538 1539 1540 1550 
1537 1538 1539 1540 1551 
1537 1538 1539 1540 1552 
1417 1549 1550 1551 1552 1673 
1418 1549 1550 1551 1552 1674 
1419 1549 1550 1551 1552 1675 
1420 1549 1550 1551 1552 1676 
1541 1545 1546 1547 1548 1557 
1542 1545 1546 1547 1548 1558 
1543 1545 1546 1547 1548 1559 
1544 1545 1546 1547 1548 1560 
1425 1557 1558 1559 1560 1681 
1426 1557 1558 1559 1560 1682 
1427 1557 1558 1559 1560 1683 
1428 1557 1558 1559 1560 1684 
1549 1553 1554 1555 1556 1565 
1550 1553 1554 1555 1556 1566 
1551 1553 1554 1555 1556 1567 
1552 1553 1554 1555 1556 1568 
1433 1565 1566 1567 1568 1689 
1434 1565 1566 1567 1568 1690 
1435 1565 1566 1567 1568 1691 
1436 1565 1566 1567 1568 1692 
1557 1561 1562 1563 1564 1573 
1558 1561 1562 1563 1564 1574 
1559 1561 1562 1563 1564 1575 
1560 1561 1562 1563 1564 1576 
1441 1573 1574 1575 1576 1697 
1442 1573 1574 1575 1576 1698 
1443 1573 1574 1575 1576 1699 
1444 1573 1574 1575 1576 1700 
1565 1569 1570 1571 1572 1581 
1566 1569 1570 1571 1572 1582 
1567 1569 1570 1571 1572 1583 
1568 1569 1570 1571 1572 1584 
1449 1581 1582 1583 1584 1705 
1450 1581 1582 1583 1584 1706 
1451 1581 1582 1583 1584 1707 
1452 1581 1582 1583 1584 1708 
1573 1577 1578 1579 1580 1589 
1574 1577 1578 1579 1580 1590 
1575 1577 1578 1579 1580 1591 
1576 1577 1578 1579 1580 1592 
1457 1589 1590 1591 1592 1713 
1458 1589 1590 1591 1592 1714 
1459 1589 1590 1591 1592 1715 
1460 1589 1590 1591 1592 1716 
1581 1585 1586 1587 1588 1597 
1582 1585 1586 1587 1588 1598 
1583 1585 1586 1587 1588 1599 
1584 1585 1586 1587 1588 1600 
1465 1597 1598 1599 1600 1721 
1466 1597 1598 1599 1600 1722 
1467 1597 1598 1599 1600 1723 
1468 1597 1598 1599 1600 1724 
1589 1593 1594 1595 1596 1605 
1590 1593 1594 1595 1596 1606 
1591 1593 1594 1595 1596 1607 
1592 1593 1594 1595 1596 1608 
1473 1605 1606 1607 1608 1729 
1474 1605 1606 1607 1608 1730 
1475 1605 1606 1607 1608 1731 
1476 1605 1606 1607 1608 1732 
1597 1601 1602 1603 1604 1613 
1598 1601 1602 1603 1604 1614 
1599 1601 1602 1603 1604 1615 
1600 1601 1602 1603 1604 1616 
1481 1613 1614 1615 1616 1737 
1482 1613 1614 1615 1616 1738 
1483 1613 1614 1615 1616 1739 
1484 1613 1614 1615 1616 1740 
1605 1609 1610 1611 1612 1621 
1606 1609 1610 1611 1612 1622 
1607 1609 1610 1611 1612 1623 
1608 1609 1610 1611 1612 1624 
1489 1621 1622 1623 1624 1745 
1490 1621 1622 1623 1624 1746 
1491 1621 1622 1623 1624 1747 
1492 1621 1622 1623 1624 1748 
1613 1617 1618 1619 1620 1629 
1614 1617 1618 1619 1620 1630 
1615 1617 1618 1619 1620 1631 
1616 1617 1618 1619 1620 1632 
1497 1629 1630 1631 1632 1753 
1498 1629 1630 1631 1632 1754 
1499 1629 1630 1631 1632 1755 
1500 1629 1630 1631 1632 1756 
1621 1625 1626 1627 1628 1637 
1622 1625 1626 1627 1628 1638 
1623 1625 1626 1627 1628 1639 
1624 1625 1626 1627 1628 1640 
1505 1637 1638 1639 1640 1761 
1506 1637 1638 1639 1640 1762 
1507 1637 1638 1639 1640 1763 
1508 1637 1638 1639 1640 1764 
1629 1633 1634 1635 1636 1645 
1630 1633 1634 1635 1636 1646 
1631 1633 1634 1635 1636 1647 
1632 1633 1634 1635 1636 1648 
1513 1645 1646 1647 1648 1769 
1514 1645 1646 1647 1648 1770 
1515 1645 1646 1647 1648 1771 
1516 1645 1646 1647 1648 1772 
1637 1641 1642 1643 1644 1653 
1638 1641 1642 1643 1644 1654 
1639 1641 1642 1643 1644 1655 
1640 1641 1642 1643 1644 1656 
1521 1653 1654 1655 1656 1777 
1522 1653 1654 1655 1656 1778 
1523 1653 1654 1655 1656 1779 
1524 1653 1654 1655 1656 1780 
1645 1649 1650 1651 1652 1661 
1646 1649 1650 1651 1652 1662 
1647 1649 1650 1651 1652 1663 
1648 1649 1650 1651 1652 1664 
1529 1661 1662 1663 1664 1785 
1530 1661 1662 1663 1664 1786 
1531 1661 1662 1663 1664 1787 
1532 1661 1662 1663 1664 1788 
1653 1657 1658 1659 1660 
1654 1657 1658 1659 1660 
1655 1657 1658 1659 1660 
1656 1657 1658 1659 1660 
1537 1669 1670 1671 1672 1793 
1538 1669 1670 1671 1672 1794 
1539 1669 1670 1671 1672 1795 
1540 1669 1670 1671 1672 1796 
1665 1666 1667 1668 1677 
1665 1666 1667 1668 1678 
1665 1666 1667 1668 1679 
1665 1666 1667 1668 1680 
1545 1677 1678 1679 1680 1801 
1546 1677 1678 1679 1680 1802 
1547 1677 1678 1679 1680 1803 
1548 1677 1678 1679 1680 1804 
1669 1673 1674 1675 1676 1685 
1670 1673 1674 1675 1676 1686 
1671 1673 1674 1675 1676 1687 
1672 1673 1674 1675 1676 1688 
1553 1685 1686 1687 1688 1809 
1554 1685 1686 1687 1688 1810 
1555 1685 1686 1687 1688 1811 
1556 1685 1686 1687 1688 1812 
1677 1681 1682 1683 1684 1693 
1678 1681 1682 1683 1684 1694 
1679 1681 1682 1683 1684 1695 
1680 1681 1682 1683 1684 1696 
1561 1693 1694 1695 1696 1817 
1562 1693 1694 1695 1696 1818 
1563 1693 1694 1695 1696 1819 
1564 1693 1694 1695 1696 1820 
1685 1689 1690 1691 1692 1701 
1686 1689 1690 1691 1692 1702 
1687 1689 1690 1691 1692 1703 
1688 1689 1690 1691 1692 1704 
1569 1701 1702 1703 1704 1825 
1570 1701 1702 1703 1704 1826 
1571 1701 1702 1703 1704 1827 
1572 1701 1702 1703 1704 1828 
1693 1697 1698 1699 1700 1709 
1694 1697 1698 1699 1700 1710 
1695 1697 1698 1699 1700 1711 
1696 1697 1698 1699 1700 1712 
1577 1709 1710 1711 1712 1833 
1578 1709 1710 1711 1712 1834 
1579 1709 1710 1711 1712 1835 
1580 1709 1710 1711 1712 1836 
1701 1705 1706 1707 1708 1717 
1702 1705 1706 1707 1708 1718 
1703 1705 1706 1707 1708 1719 
1704 1705 1706 1707 1708 1720 
1585 1717 1718 1719 1720 1841 
1586 1717 1718 1719 1720 1842 
1587 1717 1718 1719 1720 1843 
1588 1717 1718 1719 1720 1844 
1709 1713 1714 1715 1716 1725 
1710 1713 1714 1715 1716 1726 
1711 1713 1714 1715 1716 1727 
1712 1713 1714 1715 1716 1728 
1593 1725 1726 1727 1728 1849 
1594 1725 1726 1727 1728 1850 
1595 1725 1726 1727 1728 1851 
1596 1725 1726 1727 1728 1852 
1717 1721 1722 1723 1724 1733 
1718 1721 1722 1723 1724 1734 
1719 1721 1722 1723 1724 1735 
1720 1721 1722 1723 1724 1736 
1601 1733 1734 1735 1736 1857 
1602 1733 1734 1735 1736 1858 
1603 1733 1734 1735 1736 1859 
1604 1733 1734 1735 1736 1860 
1725 1729 1730 1731 1732 1741 
1726 1729 1730 1731 1732 1742 
1727 1729 1730 1731 1732 1743 
1728 1729 1730 1731 1732 1744 
1609 1741 1742 1743 1744 1865 
1610 1741 1742 1743 1744 1866 
1611 1741 1742 1743 1744 1867 
1612 1741 1742 1743 1744 1868 
1733 1737 1738 1739 1740 1749 
1734 1737 1738 1739 1740 1750 
1735 1737 1738 1739 1740 1751 
1736 1737 1738 1739 1740 1752 
1617 1749 1750 1751 1752 1873 
1618 1749 1750 1751 1752 1874 
1619 1749 1750 1751 1752 1875 
1620 1749 1750 1751 1752 1876 
1741 1745 1746 1747 1748 1757 
1742 1745 1746 1747 1748 1758 
1743 1745 1746 1747 1748 1759 
1744 1745 1746 1747 1748 1760 
1625 1757 1758 1759 1760 1881 
1626 1757 1758 1759 1760 1882 
1627 1757 1758 1759 1760 1883 
1628 1757 1758 1759 1760 1884 
1749 1753 1754 1755 1756 1765 
1750 1753 1754 1755 1756 1766 
1751 1753 1754 1755 1756 1767 
1752 1753 1754 1755 1756 1768 
1633 1765 1766 1767 1768 1889 
1634 1765 1766 1767 1768 1890 
1635 1765 1766 1767 1768 1891 
1636 1765 1766 1767 1768 1892 
1757 1761 1762 1763 1764 1773 
1758 1761 1762 1763 1764 1774 
1759 1761 1762 1763 1764 1775 
1760 1761 1762 1763 1764 1776 
1641 1773 1774 1775 1776 1897 
1642 1773 1774 1775 1776 1898 
1643 1773 1774 1775 1776 1899 
1644 1773 1774 1775 1776 1900 
1765 1769 1770 1771 1772 1781 
1766 1769 1770 1771 1772 1782 
1767 1769 1770 1771 1772 1783 
1768 1769 1770 1771 1772 1784 
1649 1781 1782 1783 1784 1905 
1650 1781 1782 1783 1784 1906 
1651 1781 1782 1783 1784 1907 
1652 1781 1782 1783 1784 1908 
1773 1777 1778 1779 1780 1789 
1774 1777 1778 1779 1780 1790 
1775 1777 1778 1779 1780 1791 
1776 1777 1778 1779 1780 1792 
1657 1789 1790 1791 1792 1913 
1658 1789 1790 1791 1792 1914 
1659 1789 1790 1791 1792 1915 
1660 1789 1790 1791 1792 1916 
1781 1785 1786 1787 1788 
1782 1785 1786 1787 1788 
1783 1785 1786 1787 1788 
1784 1785 1786 1787 1788 
1665 1797 1798 1799 1800 1921 
1666 1797 1798 1799 1800 1922 
1667 1797 1798 1799 1800 1923 
1668 1797 1798 1799 1800 1924 
1793 1794 1795 1796 1805 
1793 1794 1795 1796 1806 
1793 1794 1795 1796 1807 
1793 1794 1795 1796 1808 
1673 1805 1806 1807 1808 1929 
1674 1805 1806 1807 1808 1930 
1675 1805 1806 1807 1808 1931 
1676 1805 1806 1807 1808 1932 
1797 1801 1802 1803 1804 1813 
1798 1801 1802 1803 1804 1814 
1799 1801 1802 1803 1804 1815 
1800 1801 1802 1803 1804 1816 
1681 1813 1814 1815 1816 1937 
1682 1813 1814 1815 1816 1938 
1683 1813 1814 1815 1816 1939 
1684 1813 1814 1815 1816 1940 
1805 1809 1810 1811 1812 1821 
1806 1809 1810 1811 1812 1822 
1807 1809 1810 1811 1812 1823 
1808 1809 1810 1811 1812 1824 
1689 1821 1822 1823 1824 1945 
1690 1821 1822 1823 1824 1946 
1691 1821 1822 1823 1824 1947 
1692 1821 1822 1823 1824 1948 
1813 1817 1818 1819 1820 1829 
1814 1817 1818 1819 1820 1830 
1815 1817 1818 1819 1820 1831 
1816 1817 1818 1819 1820 1832 
1697 1829 1830 1831 1832 1953 
1698 1829 1830 1831 1832 1954 
1699 1829 1830 1831 1832 1955 
1700 1829 1830 1831 1832 1956 
1821 1825 1826 1827 1828 1837 
1822 1825 1826 1827 1828 1838 
1823 1825 1826 1827 1828 1839 
1824 1825 1826 1827 1828 1840 
1705 1837 1838 1839 1840 1961 
1706 1837 1838 1839 1840 1962 
1707 1837 1838 1839 1840 1963 
1708 1837 1838 1839 1840 1964 
1829 1833 1834 1835 1836 1845 
1830 1833 1834 1835 1836 1846 
1831 1833 1834 1835 1836 1847 
1832 1833 1834 1835 1836 1848 
1713 1845 1846 1847 1848 1969 
1714 1845 1846 1847 1848 1970 
1715 1845 1846 1847 1848 1971 
1716 1845 1846 1847 1848 1972 
1837 1841 1842 1843 1844 1853 
1838 1841 1842 1843 1844 1854 
1839 1841 1842 1843 1844 1855 
1840 1841 1842 1843 1844 1856 
1721 1853 1854 1855 1856 1977 
1722 1853 1854 1855 1856 1978 
1723 1853 1854 1855 1856 1979 
1724 1853 1854 1855 1856 1980 
1845 1849 1850 1851 1852 1861 
1846 1849 1850 1851 1852 1862 
1847 1849 1850 1851 1852 1863 
1848 1849 1850 1851 1852 1864 
1729 1861 1862 1863 1864 1985 
1730 1861 1862 1863 1864 1986 
1731 1861 1862 1863 1864 1987 
1732 1861 1862 1863 1864 1988 
1853 1857 1858 1859 1860 1869 
1854 1857 1858 1859 1860 1870 
1855 1857 1858 1859 1860 1871 
1856 1857 1858 1859 1860 1872 
1737 1869 1870 1871 1872 1993 
1738 1869 1870 1871 1872 1994 
1739 1869 1870 1871 1872 1995 
1740 1869 1870 1871 1872 1996 
1861 1865 1866 1867 1868 1877 
1862 1865 1866 1867 1868 1878 
1863 1865 1866 1867 1868 1879 
1864 1865 1866 1867 1868 1880 
1745 1877 1878 1879 1880 2001 
1746 1877 1878 1879 1880 2002 
1747 1877 1878 1879 1880 2003 
1748 1877 1878 1879 1880 2004 
1869 1873 1874 1875 1876 1885 
1870 1873 1874 1875 1876 1886 
1871 1873 1874 1875 1876 1887 
1872 1873 1874 1875 1876 1888 
1753 1885 1886 1887 1888 2009 
1754 1885 1886 1887 1888 2010 
1755 1885 1886 1887 1888 2011 
1756 1885 1886 1887 1888 2012 
1877 1881 1882 1883 1884 1893 
1878 1881 1882 1883 1884 1894 
1879 1881 1882 1883 1884 1895 
1880 1881 1882 1883 1884 1896 
1761 1893 1894 1895 1896 2017 
1762 1893 1894 1895 1896 2018 
1763 1893 1894 1895 1896 2019 
1764 1893 1894 1895 1896 2020 
1885 1889 1890 1891 1892 1901 
1886 1889 1890 1891 1892 1902 
1887 1889 1890 1891 1892 1903 
1888 1889 1890 1891 1892 1904 
1769 1901 1902 1903 1904 2025 
1770 1901 1902 1903 1904 2026 
1771 1901 1902 1903 1904 2027 
1772 1901 1902 1903 1904 2028 
1893 1897 1898 1899 1900 1909 
1894 1897 1898 1899 1900 1910 
1895 1897 1898 1899 1900 1911 
1896 1897 1898 1899 1900 1912 
1777 1909 1910 1911 1912 2033 
1778 1909 1910 1911 1912 2034 
1779 1909 1910 1911 1912 2035 
1780 1909 1910 1911 1912 2036 
1901 1905 1906 1907 1908 1917 
1902 1905 1906 1907 1908 1918 
1903 1905 1906 1907 1908 1919 
1904 1905 1906 1907 1908 1920 
1785 1917 1918 1919 1920 2041 
1786 1917 1918 1919 1920 2042 
1787 1917 1918 1919 1920 2043 
1788 1917 1918 1919 1920 2044 
1909 1913 1914 1915 1916 
1910 1913 1914 1915 1916 
1911 1913 1914 1915 1916 
1912 1913 1914 1915 1916 
1793 1925 1926 1927 1928 
1794 1925 1926 1927 1928 
1795 1925 1926 1927 1928 
1796 1925 1926 1927 1928 
1921 1922 1923 1924 1933 
1921 1922 1923 1924 1934 
1921 1922 1923 1924 1935 
1921 1922 1923 1924 1936 
1801 1933 1934 1935 1936 
1802 1933 1934 1935 1936 
1803 1933 1934 1935 1936 
1804 1933 1934 1935 1936 
1925 1929 1930 1931 1932 1941 
1926 1929 1930 1931 1932 1942 
1927 1929 1930 1931 1932 1943 
1928 1929 1930 1931 1932 1944 
1809 1941 1942 1943 1944 
1810 1941 1942 1943 1944 
1811 1941 1942 1943 1944 
1812 1941 1942 1943 1944 
1933 1937 1938 1939 1940 1949 
1934 1937 1938 1939 1940 1950 
1935 1937 1938 1939 1940 1951 
1936 1937 1938 1939 1940 1952 
1817 1949 1950 1951 1952 
1818 1949 1950 1951 1952 
1819 1949 1950 1951 1952 
1820 1949 1950 1951 1952 
1941 1945 1946 1947 1948 1957 
1942 1945 1946 1947 1948 1958 
1943 1945 1946 1947 1948 1959 
1944 1945 1946 1947 1948 1960 
1825 1957 1958 1959 1960 
1826 1957 1958 1959 1960 
1827 1957 1958 1959 1960 
1828 1957 1958 1959 1960 
1949 1953 1954 1955 1956 1965 
1950 1953 1954 1955 1956 1966 
1951 1953 1954 1955 1956 1967 
1952 1953 1954 1955 1956 1968 
1833 1965 1966 1967 1968 
1834 1965 1966 1967 1968 
1835 1965 1966 1967 1968 
1836 1965 1966 1967 1968 
1957 1961 1962 1963 1964 1973 
1958 1961 1962 1963 1964 1974 
1959 1961 1962 1963 1964 1975 
1960 1961 1962 1963 1964 1976 
1841 1973 1974 1975 1976 
1842 1973 1974 1975 1976 
1843 1973 1974 1975 1976 
1844 1973 1974 1975 1976 
1965 1969 1970 1971 1972 1981 
1966 1969 1970 1971 1972 1982 
1967 1969 1970 1971 1972 1983 
1968 1969 1970 1971 1972 1984 
1849 1981 1982 1983 1984 
1850 1981 1982 1983 1984 
1851 1981 1982 1983 1984 
1852 1981 1982 1983 1984 
1973 1977 1978 1979 1980 1989 
1974 1977 1978 1979 1980 1990 
1975 1977 1978 1979 1980 1991 
1976 1977 1978 1979 1980 1992 
1857 1989 1990 1991 1992 
1858 1989 1990 1991 1992 
1859 1989 1990 1991 1992 
1860 1989 1990 1991 1992 
1981 1985 1986 1987 1988 1997 
1982 1985 1986 1987 1988 1998 
1983 1985 1986 1987 1988 1999 
1984 1985 1986 1987 1988 2000 
1865 1997 1998 1999 2000 
1866 1997 1998 1999 2000 
1867 1997 1998 1999 2000 
1868 1997 1998 1999 2000 
1989 1993 1994 1995 1996 2005 
1990 1993 1994 1995 1996 2006 
1991 1993 1994 1995 1996 2007 
1992 1993 1994 1995 1996 2008 
1873 2005 2006 2007 2008 
1874 2005 2006 2007 2008 
1875 2005 2006 2007 2008 
1876 2005 2006 2007 2008 
1997 2001 2002 2003 2004 2013 
1998 2001 2002 2003 2004 2014 
1999 2001 2002 2003 2004 2015 
2000 2001 2002 2003 2004 2016 
1881 2013 2014 2015 2016 
1882 2013 2014 2015 2016 
1883 2013 2014 2015 2016 
1884 2013 2014 2015 2016 
2005 2009 2010 2011 2012 2021 
2006 2009 2010 2011 2012 2022 
2007 2009 2010 2011 2012 2023 
2008 2009 2010 2011 2012 2024 
1889 2021 2022 2023 2024 
1890 2021 2022 2023 2024 
1891 2021 2022 2023 2024 
1892 2021 2022 2023 2024 
2013 2017 2018 2019 2020 2029 
2014 2017 2018 2019 2020 2030 
2015 2017 2018 2019 2020 2031 
2016 2017 2018 2019 2020 2032 
1897 2029 2030 2031 2032 
1898 2029 2030 2031 2032 
1899 2029 2030 2031 2032 
1900 2029 2030 2031 2032 
2021 2025 2026 2027 2028 2037 
2022 2025 2026 2027 2028 2038 
2023 2025 2026 2027 2028 2039 
2024 2025 2026 2027 2028 2040 
1905 2037 2038 2039 2040 
1906 2037 2038 2039 2040 
1907 2037 2038 2039 2040 
1908 2037 2038 2039 2040 
2029 2033 2034 2035 2036 2045 
2030 2033 2034 2035 2036 2046 
2031 2033 2034 2035 2036 2047 
2032 2033 2034 2035 2036 2048 
1913 2045 2046 2047 2048 
1914 2045 2046 2047 2048 
1915 2045 2046 2047 2048 
1916 2045 2046 2047 2048 
2037 2041 2042 2043 2044 
2038 2041 2042 2043 2044 
2039 2041 2042 2043 2044 
2040 2041 2042 2043 2044 
