state		chain_break_fraction	energy	num_occurrences	     overlap**2
(0, 0, 1, 0)		1.0		 -0.75		1	0.49986024912739513
(1, 1, 0, 1)		1.0		 -0.75		1	0.49986024912730725

state		chain_break_fraction	energy	num_occurrences	     overlap**2
(0, 0, 1, 0)		1.0		 -0.75		1	0.4993532031715503
(1, 1, 0, 1)		1.0		 -0.75		1	0.4993532031715195

state		chain_break_fraction	energy	num_occurrences	     overlap**2
(0, 0, 1, 0)		1.0		 -0.75		1	0.4946775367377897
(1, 1, 0, 1)		1.0		 -0.75		1	0.4946775367378561

state		chain_break_fraction	energy	num_occurrences	     overlap**2
(0, 0, 1, 0)		1.0		 -0.75		1	0.32960158947145607
(0, 0, 1, 1)		0.0		 -1.0		1	0.07043611194795639
(0, 1, 0, 1)		0.0		 -1.0		1	0.0704361119479572
(0, 1, 1, 0)		0.0		 -1.0		1	0.029460628182802297
(1, 0, 0, 1)		0.0		 -1.0		1	0.029460628182786965
(1, 0, 1, 0)		0.0		 -1.0		1	0.07043611194794955
(1, 1, 0, 0)		0.0		 -1.0		1	0.07043611194795169
(1, 1, 0, 1)		1.0		 -0.75		1	0.3296015894714963

state		chain_break_fraction	energy	num_occurrences	     overlap**2
(0, 0, 1, 1)		0.0		 -1.0		1	0.19714219647829387
(0, 1, 0, 1)		0.0		 -1.0		1	0.19714219647827455
(0, 1, 1, 0)		0.0		 -1.0		1	0.10263388623686506
(1, 0, 0, 1)		0.0		 -1.0		1	0.10263388623681381
(1, 0, 1, 0)		0.0		 -1.0		1	0.19714219647824657
(1, 1, 0, 0)		0.0		 -1.0		1	0.19714219647824566

state		chain_break_fraction	energy	num_occurrences	     overlap**2
(0, 0, 1, 1)		0.0		 -1.0		1	0.19329811098008098
(0, 1, 0, 1)		0.0		 -1.0		1	0.19329811098008717
(0, 1, 1, 0)		0.0		 -1.0		1	0.11337357946542984
(1, 0, 0, 1)		0.0		 -1.0		1	0.11337357946537897
(1, 0, 1, 0)		0.0		 -1.0		1	0.19329811098006117
(1, 1, 0, 0)		0.0		 -1.0		1	0.19329811098007119

state		chain_break_fraction	energy	num_occurrences	     overlap**2
(0, 0, 1, 1)		0.0		 -1.0		1	0.19355228189430296
(0, 1, 0, 1)		0.0		 -1.0		1	0.19355228189432988
(0, 1, 1, 0)		0.0		 -1.0		1	0.11288689703072781
(1, 0, 0, 1)		0.0		 -1.0		1	0.11288689703068414
(1, 0, 1, 0)		0.0		 -1.0		1	0.19355228189430715
(1, 1, 0, 0)		0.0		 -1.0		1	0.19355228189432422

state		chain_break_fraction	energy	num_occurrences	     overlap**2
(0, 0, 1, 1)		0.0		 -1.0		1	0.19516532380356702
(0, 1, 0, 1)		0.0		 -1.0		1	0.19516532380359639
(0, 1, 1, 0)		0.0		 -1.0		1	0.10966180512664242
(1, 0, 0, 1)		0.0		 -1.0		1	0.10966180512660666
(1, 0, 1, 0)		0.0		 -1.0		1	0.19516532380359783
(1, 1, 0, 0)		0.0		 -1.0		1	0.195165323803611

state		chain_break_fraction	energy	num_occurrences	     overlap**2
(0, 0, 1, 1)		0.0		 -1.0		1	0.19740980506814032
(0, 1, 0, 1)		0.0		 -1.0		1	0.19740980506814487
(0, 1, 1, 0)		0.0		 -1.0		1	0.10517040826340059
(1, 0, 0, 1)		0.0		 -1.0		1	0.1051704082633391
(1, 0, 1, 0)		0.0		 -1.0		1	0.19740980506815575
(1, 1, 0, 0)		0.0		 -1.0		1	0.19740980506820993

state		chain_break_fraction	energy	num_occurrences	     overlap**2
(0, 0, 1, 1)		0.0		 -1.0		1	0.19996400470233916
(0, 1, 0, 1)		0.0		 -1.0		1	0.19996400470234882
(0, 1, 1, 0)		0.0		 -1.0		1	0.10006637792394629
(1, 0, 0, 1)		0.0		 -1.0		1	0.10006637792390466
(1, 0, 1, 0)		0.0		 -1.0		1	0.1999640047023299
(1, 1, 0, 0)		0.0		 -1.0		1	0.1999640047023863

state		chain_break_fraction	energy	num_occurrences	     overlap**2
(0, 0, 1, 1)		0.0		 -1.0		1	0.20254123393712647
(0, 1, 0, 1)		0.0		 -1.0		1	0.20254123393711795
(0, 1, 1, 0)		0.0		 -1.0		1	0.09490272866062227
(1, 0, 0, 1)		0.0		 -1.0		1	0.09490272866058334
(1, 0, 1, 0)		0.0		 -1.0		1	0.20254123393710538
(1, 1, 0, 0)		0.0		 -1.0		1	0.20254123393715412

state		chain_break_fraction	energy	num_occurrences	     overlap**2
(0, 0, 1, 1)		0.0		 -1.0		1	0.20497003844047357
(0, 1, 0, 1)		0.0		 -1.0		1	0.20497003844049305
(0, 1, 1, 0)		0.0		 -1.0		1	0.09004346056273771
(1, 0, 0, 1)		0.0		 -1.0		1	0.09004346056266453
(1, 0, 1, 0)		0.0		 -1.0		1	0.20497003844050637
(1, 1, 0, 0)		0.0		 -1.0		1	0.2049700384405574

state		chain_break_fraction	energy	num_occurrences	     overlap**2
(0, 0, 1, 1)		0.0		 -1.0		1	0.20720102474457172
(0, 1, 0, 1)		0.0		 -1.0		1	0.20720102474459284
(0, 1, 1, 0)		0.0		 -1.0		1	0.08558827369971805
(1, 0, 0, 1)		0.0		 -1.0		1	0.08558827369966476
(1, 0, 1, 0)		0.0		 -1.0		1	0.207201024744576
(1, 1, 0, 0)		0.0		 -1.0		1	0.20720102474462182

state		chain_break_fraction	energy	num_occurrences	     overlap**2
(0, 0, 1, 1)		0.0		 -1.0		1	0.20924635411259804
(0, 1, 0, 1)		0.0		 -1.0		1	0.2092463541126126
(0, 1, 1, 0)		0.0		 -1.0		1	0.08148475733853369
(1, 0, 0, 1)		0.0		 -1.0		1	0.0814847573384907
(1, 0, 1, 0)		0.0		 -1.0		1	0.20924635411259473
(1, 1, 0, 0)		0.0		 -1.0		1	0.20924635411265727

state		chain_break_fraction	energy	num_occurrences	     overlap**2
(0, 0, 1, 1)		0.0		 -1.0		1	0.21117251480205806
(0, 1, 0, 1)		0.0		 -1.0		1	0.21117251480210103
(0, 1, 1, 0)		0.0		 -1.0		1	0.07764349551008379
(1, 0, 0, 1)		0.0		 -1.0		1	0.0776434955100083
(1, 0, 1, 0)		0.0		 -1.0		1	0.21117251480207375
(1, 1, 0, 0)		0.0		 -1.0		1	0.2111725148021291

state		chain_break_fraction	energy	num_occurrences	     overlap**2
(0, 0, 1, 1)		0.0		 -1.0		1	0.21300298759491176
(0, 1, 0, 1)		0.0		 -1.0		1	0.2130029875949449
(0, 1, 1, 0)		0.0		 -1.0		1	0.07398117349511896
(1, 0, 0, 1)		0.0		 -1.0		1	0.07398117349505284
(1, 0, 1, 0)		0.0		 -1.0		1	0.2130029875948945
(1, 1, 0, 0)		0.0		 -1.0		1	0.21300298759493727

state		chain_break_fraction	energy	num_occurrences	     overlap**2
(0, 0, 1, 1)		0.0		 -1.0		1	0.2147654338438614
(0, 1, 0, 1)		0.0		 -1.0		1	0.2147654338439006
(0, 1, 1, 0)		0.0		 -1.0		1	0.07045584959389196
(1, 0, 0, 1)		0.0		 -1.0		1	0.07045584959383772
(1, 0, 1, 0)		0.0		 -1.0		1	0.2147654338438456
(1, 1, 0, 0)		0.0		 -1.0		1	0.2147654338438878

state		chain_break_fraction	energy	num_occurrences	     overlap**2
(0, 0, 1, 1)		0.0		 -1.0		1	0.21646438946987012
(0, 1, 0, 1)		0.0		 -1.0		1	0.21646438946991842
(0, 1, 1, 0)		0.0		 -1.0		1	0.06705762261447881
(1, 0, 0, 1)		0.0		 -1.0		1	0.06705762261442919
(1, 0, 1, 0)		0.0		 -1.0		1	0.21646438946987753
(1, 1, 0, 0)		0.0		 -1.0		1	0.21646438946992244

state		chain_break_fraction	energy	num_occurrences	     overlap**2
(0, 0, 1, 1)		0.0		 -1.0		1	0.21809875832952408
(0, 1, 0, 1)		0.0		 -1.0		1	0.21809875832956957
(0, 1, 1, 0)		0.0		 -1.0		1	0.063788908214725
(1, 0, 0, 1)		0.0		 -1.0		1	0.06378890821466512
(1, 0, 1, 0)		0.0		 -1.0		1	0.21809875832954062
(1, 1, 0, 0)		0.0		 -1.0		1	0.2180987583295828

state		chain_break_fraction	energy	num_occurrences	     overlap**2
(0, 0, 1, 1)		0.0		 -1.0		1	0.21966368309381
(0, 1, 0, 1)		0.0		 -1.0		1	0.21966368309385548
(0, 1, 1, 0)		0.0		 -1.0		1	0.06065805630474445
(1, 0, 0, 1)		0.0		 -1.0		1	0.06065805630469755
(1, 0, 1, 0)		0.0		 -1.0		1	0.21966368309383302
(1, 1, 0, 0)		0.0		 -1.0		1	0.2196636830938554

