--------------- DW_2000Q_6 ---------------
     0  1  2  3  4  5  6  7  8  9  10  11  12  13  14  15  16  17  18  19  chain_break_fraction  energy  num_occurrences
0    1  1  0  1  0  0  0  1  0  0   0   0   1   0   1   1   0   1   1   1                  0.00 -118.00                1
1    1  1  0  1  1  0  1  1  0  1   0   1   1   0   1   0   0   0   0   0                  0.00 -118.00                1
2    0  0  1  0  1  1  0  0  1  1   1   1   0   1   0   1   1   0   0   0                  0.00 -117.00                1
3    1  1  0  1  1  0  0  1  0  0   0   1   1   0   1   0   0   1   0   1                  0.00 -117.00                1
4    1  0  0  1  0  0  0  0  1  0   1   0   1   1   1   0   1   1   0   1                  0.00 -117.00                1
..  .. .. .. .. .. .. .. .. .. ..  ..  ..  ..  ..  ..  ..  ..  ..  ..  ..                   ...     ...              ...
469  1  0  1  0  1  1  1  1  0  1   0   1   0   0   1   0   1   1   0   0                  0.05 -107.75                1
470  1  0  0  1  1  1  1  1  1  0   1   1   1   0   0   0   1   1   0   0                  0.05 -110.00                1
471  1  1  1  0  1  0  0  1  0  1   1   1   0   0   0   0   1   1   0   0                  0.05 -109.00                1
472  0  1  1  1  1  0  0  1  0  1   0   0   0   0   0   1   1   1   0   1                  0.05 -111.00                1
473  0  1  1  0  1  1  0  1  0  1   1   1   0   0   0   0   1   1   0   0                  0.05 -113.00                1

[474 rows x 23 columns]
Valid partition found with 7 cut edges

Solution:  [1, 1, 0, 1, 0, 0, 0, 1, 0, 0, 0, 0, 1, 0, 1, 1, 0, 1, 1, 1]
--------------- DW_2000Q_6 ---------------
     0  1  2  3  4  5  6  7  8  9  10  11  ...  21  22  23  24  25  26  27  28  29  chain_break_fraction  energy  num_occurrences
0    1  1  0  1  1  0  1  0  0  0   0   0  ...   0   0   1   1   1   0   1   0   0              0.000000 -253.25                1
1    1  0  1  1  0  1  1  0  0  0   0   0  ...   0   1   1   1   1   0   0   0   0              0.000000 -252.00                1
2    1  0  0  1  1  1  1  0  0  0   0   0  ...   0   0   1   1   1   1   1   1   0              0.000000 -251.25                1
3    1  1  0  1  1  0  1  0  1  1   1   0  ...   0   1   1   0   0   0   1   0   0              0.000000 -251.25                1
4    0  0  1  1  1  1  1  1  0  0   0   0  ...   1   0   1   1   1   0   1   1   0              0.000000 -250.25                1
..  .. .. .. .. .. .. .. .. .. ..  ..  ..  ...  ..  ..  ..  ..  ..  ..  ..  ..  ..                   ...     ...              ...
495  1  1  1  1  1  0  0  1  0  0   0   0  ...   1   1   0   1   1   1   1   0   0              0.066667 -233.25                1
496  0  0  0  0  1  1  0  0  0  1   1   0  ...   0   0   0   1   1   0   1   1   1              0.066667 -235.25                1
497  0  0  0  1  0  1  1  0  0  1   1   0  ...   0   1   1   0   0   1   0   0   1              0.066667 -231.00                1
498  1  1  0  1  0  0  1  0  0  1   0   1  ...   1   1   1   0   1   0   0   1   0              0.033333 -243.00                1
499  1  1  1  1  1  1  0  1  0  0   0   0  ...   1   0   1   0   1   0   1   1   0              0.066667 -239.00                1

[500 rows x 33 columns]
Valid partition found with 28 cut edges

Solution:  [1, 1, 0, 1, 1, 0, 1, 0, 0, 0, 0, 0, 1, 1, 1, 1, 0, 1, 0, 1, 0, 0, 0, 1, 1, 1, 0, 1, 0, 0]
--------------- DW_2000Q_6 ---------------
     0  1  2  3  4  5  6  7  8  9  10  11  ...  31  32  33  34  35  36  37  38  39  chain_break_fraction  energy  num_occurrences
0    1  1  1  1  0  1  0  0  1  0   0   0  ...   1   0   0   0   0   1   1   1   1                 0.000 -446.00                1
1    1  1  1  0  1  1  0  0  1  0   1   1  ...   1   0   0   1   0   0   1   1   0                 0.000 -441.75                1
2    0  0  1  0  0  1  0  0  0  1   1   1  ...   1   0   0   1   0   1   1   1   1                 0.000 -441.75                1
3    1  1  0  0  1  1  0  0  1  1   0   1  ...   0   1   0   0   0   0   1   1   1                 0.000 -441.75                1
4    1  1  0  0  1  1  1  0  1  0   0   1  ...   1   1   1   1   1   0   0   1   1                 0.000 -440.00                1
..  .. .. .. .. .. .. .. .. .. ..  ..  ..  ...  ..  ..  ..  ..  ..  ..  ..  ..  ..                   ...     ...              ...
495  1  1  1  1  0  1  0  1  1  1   0   0  ...   0   1   0   0   0   1   1   0   0                 0.225 -413.00                1
496  1  0  0  0  1  0  1  0  0  0   1   1  ...   0   1   1   1   0   0   0   0   1                 0.200 -419.75                1
497  1  1  1  1  0  1  0  1  1  1   0   1  ...   0   0   1   0   1   1   1   0   1                 0.175 -425.75                1
498  1  1  1  0  0  1  0  1  1  1   0   1  ...   0   1   0   0   1   1   1   1   1                 0.175 -418.00                1
499  1  1  1  0  0  1  0  1  1  1   0   1  ...   0   0   0   0   1   1   1   1   0                 0.250 -412.75                1

[500 rows x 43 columns]
Valid partition found with 53 cut edges

Solution:  [1, 0, 0, 1, 1, 0, 1, 0, 0, 1, 1, 1, 1, 0, 0, 0, 0, 0, 0, 0, 1, 0, 0, 1, 1, 1, 0, 0, 1, 0, 1, 1, 1, 1, 0, 1, 1, 0, 1, 0]
--------------- DW_2000Q_6 ---------------
     0  1  2  3  4  5  6  7  8  9  10  11  ...  41  42  43  44  45  46  47  48  49  chain_break_fraction  energy  num_occurrences
0    0  0  0  0  1  1  0  0  1  0   1   1  ...   1   1   0   1   1   1   0   1   1                  0.00 -682.00                1
1    0  1  0  0  1  1  0  1  1  0   1   1  ...   1   1   0   1   1   1   0   0   0                  0.00 -680.25                1
2    1  1  1  0  0  1  0  0  0  1   0   0  ...   0   0   0   0   0   0   0   1   1                  0.00 -680.00                1
3    0  1  0  0  1  1  0  1  1  0   1   0  ...   0   1   0   1   0   0   1   0   1                  0.00 -678.00                1
4    0  1  0  0  1  1  0  0  1  0   1   1  ...   0   1   0   1   0   0   1   0   1                  0.00 -677.25                1
..  .. .. .. .. .. .. .. .. .. ..  ..  ..  ...  ..  ..  ..  ..  ..  ..  ..  ..  ..                   ...     ...              ...
495  0  0  0  0  0  1  0  0  0  0   1   1  ...   1   0   0   1   1   0   0   1   1                  0.14 -655.00                1
496  0  0  0  0  0  1  0  0  0  1   1   1  ...   0   0   0   0   0   1   1   1   0                  0.14 -655.25                1
497  0  0  0  0  0  1  0  0  0  0   1   1  ...   1   1   0   1   1   1   1   1   0                  0.14 -648.25                1
498  0  0  0  0  0  1  0  0  0  0   1   0  ...   1   0   0   0   0   0   1   1   0                  0.16 -648.25                1
499  1  1  1  1  1  0  1  1  1  0   0   0  ...   0   1   1   1   0   1   1   1   1                  0.14 -648.00                1

[500 rows x 53 columns]
No valid partition found
--------------- DW_2000Q_6 ---------------
     0  1  2  3  4  5  6  7  8  9  10  11  ...  51  52  53  54  55  56  57  58  59  chain_break_fraction  energy  num_occurrences
0    1  0  0  1  1  1  0  0  1  0   0   1  ...   0   1   1   0   1   1   0   1   0              0.000000 -967.00                1
1    1  0  1  0  1  1  0  0  1  1   1   1  ...   1   1   0   1   0   1   1   0   0              0.000000 -964.75                1
2    1  0  1  0  1  0  0  0  1  0   0   0  ...   1   0   0   0   1   1   1   0   0              0.000000 -964.00                1
3    1  1  0  0  1  1  1  0  1  1   1   1  ...   0   0   0   1   0   0   1   0   0              0.000000 -961.75                1
4    1  0  0  0  0  1  0  1  1  0   1   1  ...   1   1   0   1   1   1   0   0   0              0.000000 -959.75                1
..  .. .. .. .. .. .. .. .. .. ..  ..  ..  ...  ..  ..  ..  ..  ..  ..  ..  ..  ..                   ...     ...              ...
495  1  1  1  1  1  1  1  0  1  1   1   1  ...   0   1   1   1   1   1   0   1   0              0.183333 -948.00                1
496  1  1  1  0  0  0  1  0  1  0   1   1  ...   1   1   1   1   0   1   1   0   0              0.200000 -950.00                1
497  1  0  1  1  1  1  1  0  1  0   1   1  ...   1   1   1   1   0   1   0   0   0              0.200000 -951.75                1
498  1  1  0  1  0  1  1  0  1  1   1   1  ...   0   1   1   0   1   1   0   0   0              0.250000 -919.75                1
499  0  0  0  0  1  0  0  1  0  0   0   0  ...   0   0   0   1   0   0   1   1   1              0.300000 -930.00                1

[500 rows x 63 columns]
No valid partition found