--------------- DW_2000Q_6 ---------------
     0  1  2  3  4  5  6  7  8  9  10  11  12  13  14  15  16  17  18  19  chain_break_fraction  energy  num_occurrences
0    0  1  0  1  0  1  0  1  0  0   1   1   0   0   1   1   0   0   1   1                  0.00 -114.00                1
1    0  1  1  0  1  1  1  0  1  0   0   1   0   1   1   0   0   1   0   0                  0.00 -114.00                1
2    1  1  1  0  1  1  0  0  1  0   0   1   1   0   1   0   1   0   0   0                  0.00 -114.00                1
3    0  0  0  1  0  1  0  1  1  1   1   0   0   1   0   1   0   0   1   1                  0.00 -113.00                1
4    1  0  0  0  1  0  0  1  1  1   1   0   1   0   0   1   1   0   0   1                  0.00 -113.00                1
..  .. .. .. .. .. .. .. .. .. ..  ..  ..  ..  ..  ..  ..  ..  ..  ..  ..                   ...     ...              ...
461  1  0  1  0  1  0  1  0  0  0   1   0   0   1   0   0   1   0   0   0                  0.00  -95.75                1
462  1  0  0  0  1  0  1  1  0  1   0   1   1   0   0   0   1   1   1   0                  0.05 -107.00                1
463  0  1  0  1  0  1  1  1  1  1   0   1   0   0   0   1   1   0   1   0                  0.05 -101.75                1
464  0  0  0  1  0  0  1  1  0  1   1   1   0   1   0   1   0   1   1   0                  0.05 -109.00                1
465  1  0  0  0  1  1  0  1  1  1   0   0   1   1   0   1   1   0   0   1                  0.05 -109.75                1

[466 rows x 23 columns]
Valid partition found with 11 cut edges

Solution:  [0, 1, 0, 1, 0, 1, 0, 1, 0, 0, 1, 1, 0, 0, 1, 1, 0, 0, 1, 1]
--------------- DW_2000Q_6 ---------------
     0  1  2  3  4  5  6  7  8  9  10  11  ...  21  22  23  24  25  26  27  28  29  chain_break_fraction  energy  num_occurrences
0    0  1  1  1  1  1  0  0  0  0   0   0  ...   1   0   0   1   0   0   0   1   0              0.000000 -252.25                1
1    0  1  1  1  1  1  0  1  1  0   0   0  ...   1   0   0   1   0   0   0   0   0              0.000000 -251.25                1
2    1  0  1  1  1  1  1  0  0  1   1   0  ...   0   0   0   1   0   0   1   0   0              0.000000 -250.25                1
3    0  1  1  0  1  1  0  1  0  0   1   1  ...   1   0   0   1   0   0   0   1   0              0.000000 -250.25                1
4    0  0  1  1  1  1  1  0  1  0   0   0  ...   0   0   0   1   0   1   1   0   1              0.000000 -250.25                1
..  .. .. .. .. .. .. .. .. .. ..  ..  ..  ...  ..  ..  ..  ..  ..  ..  ..  ..  ..                   ...     ...              ...
495  0  1  1  1  1  1  1  1  0  0   1   0  ...   0   0   0   0   1   1   0   0   0              0.033333 -220.25                1
496  1  1  0  0  0  0  1  0  1  1   0   0  ...   1   1   1   0   0   1   1   1   0              0.033333 -244.00                1
497  1  0  0  0  0  0  0  0  1  1   0   0  ...   1   1   1   1   0   1   1   0   0              0.066667 -233.25                1
498  1  1  0  0  1  0  1  0  0  1   1   0  ...   1   1   0   0   0   1   1   1   1              0.066667 -235.00                1
499  1  0  0  1  1  1  1  0  0  0   0   1  ...   1   0   0   0   1   0   0   0   1              0.066667 -231.25                1

[500 rows x 33 columns]
Valid partition found with 29 cut edges

Solution:  [0, 1, 1, 1, 1, 1, 0, 0, 0, 0, 0, 0, 1, 1, 1, 1, 0, 1, 0, 1, 1, 1, 0, 0, 1, 0, 0, 0, 1, 0]
--------------- DW_2000Q_6 ---------------
     0  1  2  3  4  5  6  7  8  9  10  11  ...  31  32  33  34  35  36  37  38  39  chain_break_fraction  energy  num_occurrences
0    1  1  0  0  0  0  1  0  1  0   1   0  ...   1   0   0   1   0   0   1   0   0                 0.000 -437.75                1
1    1  1  1  0  0  0  0  1  1  1   1   1  ...   0   1   0   1   0   0   0   0   1                 0.000 -436.75                1
2    0  1  0  0  1  1  1  1  1  1   1   0  ...   0   1   0   0   0   1   0   1   1                 0.000 -436.00                1
3    1  1  0  1  0  1  0  0  0  0   0   1  ...   0   0   1   0   0   0   1   1   0                 0.000 -435.75                1
4    1  1  0  0  0  1  1  0  1  0   0   1  ...   0   0   1   1   0   0   1   0   0                 0.000 -434.75                1
..  .. .. .. .. .. .. .. .. .. ..  ..  ..  ...  ..  ..  ..  ..  ..  ..  ..  ..  ..                   ...     ...              ...
495  1  1  1  1  0  1  1  0  1  1   1   0  ...   0   1   0   0   0   1   0   1   0                 0.075 -414.00                1
496  1  1  0  1  0  1  0  0  0  1   0   0  ...   1   1   1   1   1   0   0   0   0                 0.025 -417.00                1
497  1  1  0  1  1  0  1  0  0  1   1   1  ...   1   1   0   1   1   0   0   1   1                 0.075 -420.00                1
498  1  1  0  0  0  0  0  0  0  1   1   0  ...   1   1   1   1   0   1   0   0   1                 0.100 -409.75                1
499  1  1  0  0  0  0  1  0  0  1   1   1  ...   1   1   0   1   0   1   0   1   0                 0.075 -407.75                1

[500 rows x 43 columns]
No valid partition found
--------------- DW_2000Q_6 ---------------
     0  1  2  3  4  5  6  7  8  9  10  11  ...  41  42  43  44  45  46  47  48  49  chain_break_fraction  energy  num_occurrences
0    1  1  1  0  0  1  1  0  0  1   0   1  ...   1   1   1   1   0   1   1   1   0                  0.00 -685.25                1
1    1  1  1  1  1  1  0  0  0  0   0   1  ...   1   1   1   1   1   0   1   1   0                  0.00 -685.00                1
2    1  0  1  1  1  1  1  1  0  0   0   1  ...   1   0   1   1   0   1   0   1   0                  0.00 -684.25                1
3    1  1  1  1  1  1  1  0  0  0   0   1  ...   0   1   1   1   1   1   0   1   0                  0.00 -683.25                1
4    1  1  1  1  0  1  1  0  0  0   0   0  ...   1   0   0   1   1   0   1   0   0                  0.00 -682.25                1
..  .. .. .. .. .. .. .. .. .. ..  ..  ..  ...  ..  ..  ..  ..  ..  ..  ..  ..  ..                   ...     ...              ...
495  1  1  0  0  1  1  1  0  0  1   0   0  ...   0   0   1   1   0   0   0   0   1                  0.20 -669.00                1
496  1  0  1  1  1  0  0  0  1  0   0   1  ...   0   0   0   0   1   0   0   1   0                  0.18 -672.25                1
497  1  0  1  1  0  0  0  1  1  0   0   1  ...   1   1   1   0   0   0   0   0   0                  0.16 -675.00                1
498  1  0  1  1  1  0  0  1  0  0   0   1  ...   1   1   0   0   1   0   1   1   0                  0.18 -662.00                1
499  0  1  1  0  1  1  1  0  0  0   1   0  ...   0   0   1   1   0   0   0   1   1                  0.20 -671.25                1

[500 rows x 53 columns]
No valid partition found
--------------- DW_2000Q_6 ---------------
     0  1  2  3  4  5  6  7  8  9  10  11  ...  51  52  53  54  55  56  57  58  59  chain_break_fraction  energy  num_occurrences
0    1  0  1  1  0  1  0  1  1  1   1   0  ...   1   1   0   0   1   0   1   1   0              0.000000 -978.00                1
1    1  0  0  0  1  1  1  1  1  1   1   0  ...   1   0   1   0   0   0   0   0   1              0.000000 -977.75                1
2    1  1  0  1  0  0  1  1  0  0   1   1  ...   0   1   0   0   1   1   1   0   1              0.000000 -977.00                1
3    0  1  1  0  0  1  0  1  0  1   1   0  ...   1   1   1   0   0   0   1   0   0              0.000000 -975.75                1
4    0  1  0  1  0  0  0  1  1  0   1   1  ...   1   1   1   0   1   1   0   0   0              0.000000 -973.75                1
..  .. .. .. .. .. .. .. .. .. ..  ..  ..  ...  ..  ..  ..  ..  ..  ..  ..  ..  ..                   ...     ...              ...
495  0  1  1  0  0  1  1  0  1  1   1   0  ...   1   0   0   0   0   1   0   1   1              0.266667 -946.00                1
496  1  1  1  0  0  1  1  0  1  1   1   0  ...   1   1   1   0   0   0   1   1   0              0.250000 -948.75                1
497  0  1  0  0  0  1  1  1  1  1   0   0  ...   1   1   0   0   1   0   1   0   1              0.216667 -958.00                1
498  0  1  1  0  0  1  0  0  0  1   1   0  ...   0   1   0   1   0   0   1   1   1              0.216667 -965.00                1
499  0  1  0  0  1  1  1  1  0  0   0   0  ...   1   0   0   0   0   0   1   1   1              0.233333 -949.75                1

[500 rows x 63 columns]
Valid partition found with 143 cut edges

Solution:  [1, 0, 0, 0, 0, 1, 0, 1, 0, 0, 1, 0, 0, 0, 1, 1, 1, 1, 1, 1, 0, 1, 1, 1, 0, 0, 1, 0, 1, 1, 1, 0, 1, 1, 0, 0, 1, 0, 1, 0, 0, 0, 1, 0, 0, 0, 1, 0, 1, 1, 0, 1, 0, 1, 0, 1, 0, 1, 1, 0]