--------------- DW_2000Q_6 ---------------
     0  1  2  3  4  5  6  7  8  9  10  11  12  13  14  15  16  17  18  19  chain_break_fraction  energy  num_occurrences
0    0  1  0  0  1  0  0  1  0  1   0   1   1   0   0   1   0   1   1   1                  0.00 -112.00                3
1    1  0  1  1  1  0  1  0  0  0   0   0   1   1   1   0   1   0   1   0                  0.00 -111.00                1
2    0  1  0  0  1  0  0  1  0  0   0   1   1   0   0   1   1   1   1   1                  0.00 -111.00                1
3    1  0  1  1  0  1  1  0  0  0   0   0   0   1   1   1   1   0   1   0                  0.00 -111.00                1
4    0  1  1  0  1  0  0  0  0  0   0   1   1   0   0   1   1   1   1   1                  0.00 -111.00                1
..  .. .. .. .. .. .. .. .. .. ..  ..  ..  ..  ..  ..  ..  ..  ..  ..  ..                   ...     ...              ...
471  0  0  0  0  1  0  0  1  1  1   1   1   1   0   0   1   0   1   0   0                  0.05 -108.75                1
472  0  0  0  0  1  1  0  1  1  0   0   0   0   0   0   1   1   1   1   0                  0.05 -103.00                1
473  0  0  0  1  1  1  1  1  0  1   0   0   1   0   0   1   0   1   1   0                  0.05 -105.00                1
474  1  1  1  1  0  0  1  0  0  0   1   1   0   0   0   0   1   1   0   1                  0.05 -107.00                1
475  1  1  1  1  0  1  1  1  0  0   0   1   0   1   1   0   0   1   0   0                  0.05 -106.75                1

[476 rows x 23 columns]
Valid partition found with 13 cut edges

Solution:  [0, 1, 0, 0, 1, 0, 0, 1, 0, 1, 0, 1, 1, 0, 0, 1, 0, 1, 1, 1]
--------------- DW_2000Q_6 ---------------
     0  1  2  3  4  5  6  7  8  9  10  11  ...  21  22  23  24  25  26  27  28  29  chain_break_fraction  energy  num_occurrences
0    0  1  1  0  0  0  0  1  0  1   0   1  ...   0   1   1   1   0   0   0   1   1              0.000000 -250.25                1
1    0  0  0  1  1  0  0  1  1  1   1   0  ...   1   0   1   0   0   1   1   0   0              0.000000 -248.25                1
2    1  0  0  1  1  0  0  1  1  0   1   0  ...   1   1   1   0   0   1   1   0   0              0.000000 -248.25                1
3    0  1  1  1  1  0  1  1  1  0   0   0  ...   1   1   0   1   0   1   1   0   0              0.000000 -246.00                1
4    1  1  1  0  0  0  0  1  0  0   0   1  ...   0   1   0   1   0   0   1   1   0              0.000000 -246.00                1
..  .. .. .. .. .. .. .. .. .. ..  ..  ..  ...  ..  ..  ..  ..  ..  ..  ..  ..  ..                   ...     ...              ...
495  1  0  0  1  1  0  1  1  0  1   0   0  ...   0   0   1   0   1   1   1   0   0              0.100000 -230.25                1
496  1  1  1  1  1  0  0  1  0  0   0   1  ...   0   1   1   0   1   1   1   1   0              0.066667 -221.25                1
497  0  0  0  1  1  0  1  1  0  0   0   0  ...   0   1   1   0   0   0   0   1   1              0.133333 -224.25                1
498  0  0  1  1  1  0  1  1  0  1   0   0  ...   0   1   0   1   0   1   1   0   1              0.066667 -231.00                1
499  1  0  0  1  1  0  1  0  1  0   0   0  ...   0   1   0   1   0   1   1   1   1              0.100000 -228.25                1

[500 rows x 33 columns]
Valid partition found with 31 cut edges

Solution:  [0, 1, 1, 0, 0, 0, 0, 1, 0, 1, 0, 1, 0, 1, 0, 0, 1, 0, 1, 1, 1, 0, 1, 1, 1, 0, 0, 0, 1, 1]
--------------- DW_2000Q_6 ---------------
     0  1  2  3  4  5  6  7  8  9  10  11  ...  31  32  33  34  35  36  37  38  39  chain_break_fraction  energy  num_occurrences
0    1  0  1  0  1  0  1  1  0  1   0   0  ...   0   0   0   1   0   0   0   1   0                 0.000 -448.00                1
1    1  0  1  1  0  0  1  1  1  1   1   0  ...   1   1   0   0   0   0   1   0   0                 0.000 -444.75                1
2    1  0  1  1  1  0  0  1  0  1   1   0  ...   0   1   0   1   1   0   0   1   1                 0.000 -442.75                1
3    1  0  0  1  0  0  0  1  0  1   0   0  ...   1   0   1   1   0   1   0   1   0                 0.000 -441.75                1
4    1  0  1  1  1  0  0  1  1  1   1   0  ...   0   0   0   0   0   1   0   1   0                 0.000 -440.00                1
..  .. .. .. .. .. .. .. .. .. ..  ..  ..  ...  ..  ..  ..  ..  ..  ..  ..  ..  ..                   ...     ...              ...
495  0  1  0  0  1  0  1  1  1  1   1   0  ...   1   1   1   0   1   0   1   0   0                 0.125 -421.75                1
496  1  1  1  1  1  1  0  1  1  1   1   0  ...   1   1   1   0   0   1   1   0   0                 0.100 -431.75                1
497  1  1  0  1  1  0  1  1  1  1   1   0  ...   1   1   0   0   1   1   1   0   0                 0.100 -425.00                1
498  0  0  1  0  1  1  0  0  0  0   0   1  ...   0   1   0   0   1   1   0   1   0                 0.075 -427.75                1
499  1  1  1  0  0  1  0  0  1  0   1   1  ...   0   0   1   1   1   0   0   0   1                 0.100 -431.00                1

[500 rows x 43 columns]
Valid partition found with 52 cut edges

Solution:  [1, 0, 1, 0, 1, 0, 1, 1, 0, 1, 0, 0, 0, 1, 0, 1, 1, 1, 1, 1, 0, 0, 0, 1, 1, 0, 1, 0, 1, 1, 1, 0, 0, 0, 1, 0, 0, 0, 1, 0]
--------------- DW_2000Q_6 ---------------
     0  1  2  3  4  5  6  7  8  9  10  11  ...  41  42  43  44  45  46  47  48  49  chain_break_fraction  energy  num_occurrences
0    0  1  0  1  1  0  1  1  0  0   0   1  ...   1   1   1   1   1   0   0   1   1                  0.00 -678.25                1
1    0  0  1  1  0  0  1  0  1  1   1   1  ...   1   1   1   0   0   1   1   0   1                  0.00 -675.25                1
2    1  0  0  1  1  0  0  1  1  1   0   0  ...   1   1   1   0   0   1   1   0   1                  0.00 -675.25                1
3    1  0  1  0  1  0  0  1  1  1   1   1  ...   0   0   1   0   0   1   1   0   0                  0.00 -674.00                1
4    0  0  1  1  1  0  1  1  1  1   1   1  ...   1   1   1   0   0   1   0   1   0                  0.00 -674.00                1
..  .. .. .. .. .. .. .. .. .. ..  ..  ..  ...  ..  ..  ..  ..  ..  ..  ..  ..  ..                   ...     ...              ...
495  1  1  1  0  1  0  1  0  1  1   1   1  ...   0   0   0   0   0   0   1   0   0                  0.20 -657.00                1
496  0  1  1  0  0  1  1  1  1  1   1   1  ...   1   0   0   0   0   0   0   0   0                  0.18 -671.00                1
497  0  1  1  1  1  0  1  1  0  1   1   1  ...   0   0   0   0   0   0   0   0   0                  0.20 -651.25                1
498  0  1  1  0  0  0  1  0  0  1   1   0  ...   1   0   0   1   0   0   1   0   1                  0.16 -666.25                1
499  1  1  1  0  1  0  1  1  0  1   1   0  ...   0   1   0   0   0   1   0   0   0                  0.18 -661.00                1

[500 rows x 53 columns]
Valid partition found with 95 cut edges

Solution:  [0, 0, 0, 1, 1, 0, 0, 1, 0, 0, 1, 1, 0, 1, 0, 1, 1, 1, 0, 1, 0, 1, 1, 0, 0, 1, 1, 1, 0, 0, 0, 0, 1, 0, 1, 0, 1, 0, 0, 1, 0, 1, 0, 1, 0, 1, 1, 0, 1, 1]
--------------- DW_2000Q_6 ---------------
     0  1  2  3  4  5  6  7  8  9  10  11  ...  51  52  53  54  55  56  57  58  59  chain_break_fraction  energy  num_occurrences
0    1  1  0  0  1  0  1  1  1  0   1   1  ...   1   0   1   1   1   1   0   1   1              0.000000 -976.00                1
1    1  1  0  0  0  0  1  1  1  0   1   1  ...   0   1   0   0   1   0   0   1   1              0.000000 -965.75                1
2    1  1  0  0  0  1  0  0  0  1   0   1  ...   0   0   0   0   1   1   0   1   1              0.000000 -964.75                1
3    1  1  0  1  1  1  1  1  0  0   0   0  ...   1   0   1   0   1   0   0   1   1              0.000000 -958.00                1
4    1  0  0  1  0  0  1  0  0  1   0   0  ...   1   1   0   0   1   1   0   0   1              0.000000 -956.75                1
..  .. .. .. .. .. .. .. .. .. ..  ..  ..  ...  ..  ..  ..  ..  ..  ..  ..  ..  ..                   ...     ...              ...
495  1  1  1  0  0  0  1  0  1  1   0   1  ...   1   1   0   0   1   0   0   1   1              0.216667 -951.75                1
496  0  1  1  0  1  1  0  0  1  0   1   1  ...   1   1   1   0   1   0   0   1   1              0.216667 -908.75                1
497  1  1  1  0  0  1  0  0  1  1   0   0  ...   1   1   1   0   1   0   0   1   1              0.183333 -923.75                1
498  1  1  1  1  0  1  0  0  1  1   0   1  ...   1   0   1   0   1   1   0   1   1              0.216667 -927.75                1
499  1  1  1  0  0  1  0  0  1  1   0   1  ...   1   1   1   0   1   0   0   1   1              0.300000 -932.00                1

[500 rows x 63 columns]
Valid partition found with 149 cut edges

Solution:  [1, 1, 0, 0, 1, 0, 1, 1, 1, 0, 1, 1, 0, 1, 1, 1, 0, 0, 0, 0, 1, 0, 0, 0, 0, 0, 0, 1, 0, 0, 0, 1, 1, 0, 1, 1, 0, 1, 1, 0, 0, 1, 0, 1, 1, 1, 0, 0, 0, 0, 0, 1, 0, 1, 1, 1, 1, 0, 1, 1]