--------------- DW_2000Q_6 ---------------
     0  1  2  3  4  5  6  7  8  9  10  11  12  13  14  15  16  17  18  19  chain_break_fraction  energy  num_occurrences
0    1  1  1  1  0  1  1  0  0  0   0   1   1   0   0   0   0   0   1   1                  0.00  -90.00                4
1    0  0  0  0  1  0  0  1  1  1   1   0   0   1   1   1   1   1   0   0                  0.00  -90.00                4
2    0  0  0  0  1  0  0  1  1  1   1   0   0   1   1   1   1   0   0   0                  0.00  -89.75                1
3    0  0  0  1  1  0  0  1  1  1   0   1   1   0   1   1   1   0   0   0                  0.00  -89.00                1
4    1  0  1  0  0  0  1  0  1  1   1   0   0   1   0   0   1   1   0   1                  0.00  -89.00                3
..  .. .. .. .. .. .. .. .. .. ..  ..  ..  ..  ..  ..  ..  ..  ..  ..  ..                   ...     ...              ...
442  1  0  1  0  1  0  1  0  1  1   0   1   0   0   0   0   0   1   0   1                  0.05  -83.75                1
443  1  0  1  0  0  1  1  0  0  0   0   1   1   0   1   1   0   1   1   1                  0.05  -80.75                1
444  1  0  1  0  0  0  1  0  0  1   1   1   1   1   0   0   1   1   0   1                  0.05  -81.75                1
445  1  0  1  0  1  1  1  0  0  1   0   1   0   1   0   1   1   0   1   0                  0.05  -76.75                1
446  1  1  1  0  0  0  1  0  1  1   1   0   0   1   0   0   1   0   0   1                  0.05  -82.00                1

[447 rows x 23 columns]
Valid partition found with 35 cut edges

Solution:  [1, 1, 1, 1, 0, 1, 1, 0, 0, 0, 0, 1, 1, 0, 0, 0, 0, 0, 1, 1]
--------------- DW_2000Q_6 ---------------
     0  1  2  3  4  5  6  7  8  9  10  11  ...  21  22  23  24  25  26  27  28  29  chain_break_fraction  energy  num_occurrences
0    1  0  1  1  0  1  0  1  1  0   1   1  ...   0   0   1   0   1   1   0   0   1              0.000000 -188.00                1
1    1  0  1  0  0  0  0  1  1  0   0   1  ...   0   1   1   0   0   1   0   0   1              0.000000 -187.25                1
2    0  1  0  0  1  0  0  0  1  1   0   1  ...   0   1   0   0   0   0   1   0   1              0.000000 -187.00                1
3    1  0  1  0  1  1  0  1  1  0   1   1  ...   0   0   1   0   0   1   0   1   1              0.000000 -186.25                1
4    1  0  1  0  0  1  1  1  0  0   0   1  ...   0   1   1   0   0   1   0   0   1              0.000000 -186.25                1
..  .. .. .. .. .. .. .. .. .. ..  ..  ..  ...  ..  ..  ..  ..  ..  ..  ..  ..  ..                   ...     ...              ...
495  0  0  0  0  0  1  0  0  1  0   0   1  ...   0   1   1   0   1   0   1   1   1              0.033333 -164.00                1
496  1  0  1  1  0  0  0  0  1  0   1   1  ...   0   0   1   1   1   0   1   0   0              0.033333 -176.25                1
497  1  0  0  0  0  0  0  0  1  1   1   1  ...   1   0   1   0   1   0   1   0   1              0.033333 -163.00                1
498  0  0  0  0  1  1  1  1  1  1   1   1  ...   0   0   1   0   1   0   1   1   0              0.066667 -163.25                1
499  1  1  0  0  1  0  0  1  1  1   0   1  ...   1   0   0   0   1   0   1   1   0              0.100000 -176.00                1

[500 rows x 33 columns]
No valid partition found
--------------- DW_2000Q_6 ---------------
     0  1  2  3  4  5  6  7  8  9  10  11  ...  31  32  33  34  35  36  37  38  39  chain_break_fraction  energy  num_occurrences
0    0  1  0  0  1  1  0  1  1  0   1   0  ...   1   1   1   0   0   0   1   0   1                 0.000 -336.75                1
1    0  1  0  0  1  0  0  1  1  1   1   0  ...   1   1   1   0   0   0   1   0   0                 0.000 -336.00                1
2    0  1  1  0  1  1  0  0  1  1   1   1  ...   0   1   1   1   0   0   1   0   0                 0.000 -336.00                1
3    0  0  0  1  1  0  0  0  1  1   0   0  ...   0   0   1   1   0   0   0   0   0                 0.000 -336.00                1
4    0  1  0  0  1  1  1  0  0  1   0   0  ...   1   0   1   1   0   0   0   0   1                 0.000 -335.75                1
..  .. .. .. .. .. .. .. .. .. ..  ..  ..  ...  ..  ..  ..  ..  ..  ..  ..  ..  ..                   ...     ...              ...
495  0  1  0  0  0  1  1  0  0  0   1   1  ...   0   0   0   1   0   1   1   1   1                 0.050 -307.00                1
496  0  1  0  0  0  0  1  1  1  0   0   1  ...   0   1   1   1   0   0   0   0   1                 0.075 -304.00                1
497  0  0  0  0  0  0  1  1  1  1   1   1  ...   1   0   1   0   0   0   0   0   1                 0.050 -309.75                1
498  0  0  0  1  0  0  0  1  1  1   1   0  ...   0   1   1   0   0   0   0   0   1                 0.050 -318.00                1
499  0  0  1  0  0  1  1  0  1  0   1   0  ...   0   1   0   1   1   1   1   0   1                 0.050 -312.00                1

[500 rows x 43 columns]
No valid partition found
--------------- DW_2000Q_6 ---------------
     0  1  2  3  4  5  6  7  8  9  10  11  ...  41  42  43  44  45  46  47  48  49  chain_break_fraction  energy  num_occurrences
0    1  1  0  1  0  0  0  0  1  1   1   0  ...   0   0   0   0   1   0   1   1   1                  0.00 -515.00                1
1    1  0  0  0  0  0  1  0  1  0   1   0  ...   1   0   0   1   1   0   0   0   1                  0.00 -510.00                1
2    1  0  0  1  1  1  0  1  0  1   0   0  ...   0   1   0   1   0   0   0   0   0                  0.00 -506.00                1
3    0  1  0  0  0  1  1  1  0  1   0   0  ...   1   0   0   1   1   1   1   1   1                  0.00 -505.25                1
4    1  1  0  1  1  0  1  0  1  0   1   0  ...   0   0   1   1   1   0   1   1   0                  0.00 -505.00                1
..  .. .. .. .. .. .. .. .. .. ..  ..  ..  ...  ..  ..  ..  ..  ..  ..  ..  ..  ..                   ...     ...              ...
495  1  0  0  1  0  0  1  0  1  0   1   0  ...   0   1   1   1   0   1   0   0   0                  0.12 -486.00                1
496  0  1  0  0  1  1  0  0  1  1   0   0  ...   0   0   0   0   1   1   1   1   1                  0.14 -470.25                1
497  0  1  0  0  0  0  0  0  1  1   0   0  ...   1   0   0   0   1   1   1   1   0                  0.18 -480.00                1
498  0  1  0  1  1  0  0  0  1  1   1   0  ...   1   1   0   0   1   1   1   1   1                  0.18 -482.25                1
499  0  1  0  1  1  0  0  0  1  1   0   1  ...   1   1   0   0   1   1   0   1   0                  0.18 -484.00                1

[500 rows x 53 columns]
No valid partition found
--------------- DW_2000Q_6 ---------------
     0  1  2  3  4  5  6  7  8  9  10  11  ...  51  52  53  54  55  56  57  58  59  chain_break_fraction  energy  num_occurrences
0    1  0  1  0  1  1  0  0  1  1   1   0  ...   1   0   1   0   0   1   1   0   0              0.000000 -712.75                1
1    1  0  0  1  1  1  0  0  0  1   1   0  ...   1   0   1   0   0   1   0   0   0              0.000000 -708.00                1
2    1  1  0  0  1  1  0  1  1  1   1   0  ...   0   0   1   1   0   1   0   0   0              0.000000 -703.75                1
3    0  0  1  1  1  0  1  0  0  1   1   0  ...   0   0   0   0   1   0   1   0   1              0.000000 -701.75                1
4    0  0  1  1  0  0  1  0  0  1   1   0  ...   1   0   0   0   1   1   1   1   1              0.000000 -701.75                1
..  .. .. .. .. .. .. .. .. .. ..  ..  ..  ...  ..  ..  ..  ..  ..  ..  ..  ..  ..                   ...     ...              ...
495  1  1  0  0  1  1  0  1  0  0   0   0  ...   1   1   1   0   1   1   0   1   0              0.150000 -679.00                1
496  1  0  1  1  1  0  1  0  0  0   0   1  ...   0   0   0   1   0   0   1   1   0              0.183333 -678.75                1
497  1  0  1  1  1  1  0  1  0  0   1   1  ...   1   0   0   1   0   0   1   0   0              0.183333 -653.00                1
498  0  1  1  1  1  1  0  0  1  1   1   1  ...   0   0   0   1   1   0   1   0   1              0.216667 -674.00                1
499  1  1  0  0  0  0  1  0  1  1   1   0  ...   1   1   1   0   1   1   0   1   1              0.333333 -662.00                1

[500 rows x 63 columns]
Valid partition found with 411 cut edges

Solution:  [0, 0, 1, 1, 1, 0, 0, 0, 0, 1, 0, 1, 0, 1, 1, 0, 0, 1, 0, 1, 0, 1, 1, 1, 0, 1, 0, 1, 0, 1, 0, 1, 1, 1, 1, 1, 1, 0, 0, 1, 0, 0, 1, 1, 0, 1, 0, 0, 1, 0, 0, 0, 1, 0, 1, 1, 0, 1, 0, 0]