--------------- DW_2000Q_6 ---------------
     0  1  2  3  4  5  6  7  8  9  10  11  12  13  14  15  16  17  18  19  chain_break_fraction  energy  num_occurrences
0    1  1  0  0  1  1  1  0  1  0   0   0   1   0   1   1   0   0   0   1                  0.00  -88.00                1
1    0  0  1  1  0  0  0  1  0  1   1   1   0   1   0   0   1   1   1   0                  0.00  -88.00                1
2    1  1  0  0  1  1  1  0  1  0   0   0   1   0   1   1   0   0   1   0                  0.00  -87.00                2
3    1  0  0  1  1  0  0  1  0  1   1   1   0   0   0   0   1   1   1   0                  0.00  -87.00                1
4    1  0  1  1  1  0  0  1  0  1   0   1   0   0   0   0   1   1   1   0                  0.00  -87.00                1
..  .. .. .. .. .. .. .. .. .. ..  ..  ..  ..  ..  ..  ..  ..  ..  ..  ..                   ...     ...              ...
440  0  1  1  1  0  1  0  0  1  0   1   0   1   1   0   0   1   1   1   0                  0.05  -74.75                1
441  1  0  0  0  0  1  1  0  1  1   1   0   0   1   1   1   1   1   0   1                  0.05  -79.00                1
442  0  1  1  1  1  0  1  1  0  1   1   0   1   0   0   1   0   0   1   1                  0.05  -76.00                1
443  1  0  0  0  1  1  0  1  1  1   0   0   0   1   0   1   1   1   0   0                  0.05  -79.00                1
444  1  1  0  0  1  0  1  0  1  0   0   0   1   0   1   0   1   1   1   0                  0.05  -83.00                1

[445 rows x 23 columns]
Valid partition found with 37 cut edges

Solution:  [1, 1, 0, 0, 1, 1, 1, 0, 1, 0, 0, 0, 1, 0, 1, 1, 0, 0, 0, 1]
--------------- DW_2000Q_6 ---------------
     0  1  2  3  4  5  6  7  8  9  10  11  ...  21  22  23  24  25  26  27  28  29  chain_break_fraction  energy  num_occurrences
0    0  0  0  0  1  0  1  0  0  0   0   1  ...   1   1   1   1   1   0   0   1   0              0.000000 -196.00                1
1    1  1  0  0  1  0  1  0  0  1   1   1  ...   0   0   1   0   1   0   1   0   0              0.000000 -195.25                1
2    1  1  0  0  0  0  1  0  0  0   1   0  ...   1   1   1   1   1   0   0   1   1              0.000000 -195.25                1
3    0  0  0  0  1  0  1  0  0  0   0   1  ...   1   1   1   1   1   0   0   1   0              0.000000 -195.25                1
4    0  0  0  0  1  1  1  0  0  0   0   1  ...   1   1   1   1   1   0   0   1   0              0.000000 -195.25                1
..  .. .. .. .. .. .. .. .. .. ..  ..  ..  ...  ..  ..  ..  ..  ..  ..  ..  ..  ..                   ...     ...              ...
493  1  1  0  1  0  1  0  1  0  1   1   1  ...   0   1   0   0   0   1   1   0   1              0.066667 -182.25                1
494  1  1  0  1  0  0  0  0  0  1   1   1  ...   0   0   1   0   1   0   1   0   1              0.033333 -180.25                1
495  1  0  1  1  1  0  1  0  1  1   0   1  ...   0   1   0   0   1   0   0   1   0              0.033333 -178.25                1
496  1  1  1  1  0  0  1  1  0  0   0   0  ...   1   1   0   0   0   1   1   0   1              0.033333 -174.00                1
497  1  1  1  1  0  0  0  0  0  0   0   1  ...   1   1   0   0   0   0   1   1   1              0.033333 -179.25                1

[498 rows x 33 columns]
No valid partition found
--------------- DW_2000Q_6 ---------------
     0  1  2  3  4  5  6  7  8  9  10  11  ...  31  32  33  34  35  36  37  38  39  chain_break_fraction  energy  num_occurrences
0    1  1  0  1  1  1  1  1  0  1   1   1  ...   0   0   0   1   0   0   0   0   0                 0.000 -352.75                1
1    1  0  0  0  1  0  1  0  0  1   1   0  ...   0   0   1   1   1   0   0   0   0                 0.000 -350.75                1
2    0  0  0  1  1  1  1  0  0  1   1   0  ...   0   0   0   1   1   1   1   0   0                 0.000 -350.75                1
3    0  0  0  1  1  0  0  0  1  0   1   1  ...   1   1   0   0   1   1   0   1   0                 0.000 -350.00                1
4    1  1  0  1  1  1  1  0  0  1   1   0  ...   0   0   0   0   1   0   0   0   0                 0.000 -349.75                1
..  .. .. .. .. .. .. .. .. .. ..  ..  ..  ...  ..  ..  ..  ..  ..  ..  ..  ..  ..                   ...     ...              ...
495  0  1  0  1  1  0  1  1  1  0   1   0  ...   1   0   1   1   0   0   0   0   1                 0.075 -321.75                1
496  0  0  0  0  0  0  1  1  1  1   1   0  ...   1   1   1   1   1   0   1   0   0                 0.075 -322.00                1
497  0  0  0  1  0  0  1  0  0  1   1   0  ...   0   0   1   1   0   0   0   1   0                 0.100 -316.75                1
498  1  1  1  0  0  0  1  0  0  1   1   0  ...   0   1   1   0   1   0   1   1   1                 0.025 -318.00                1
499  1  1  1  1  0  1  0  0  0  1   1   1  ...   1   1   0   0   1   1   1   0   0                 0.150 -312.00                1

[500 rows x 43 columns]
Valid partition found with 147 cut edges

Solution:  [0, 0, 0, 0, 1, 0, 1, 0, 1, 1, 0, 0, 1, 0, 1, 0, 1, 1, 0, 1, 0, 1, 0, 0, 0, 1, 1, 1, 1, 1, 0, 0, 1, 1, 1, 1, 0, 0, 1, 0]
--------------- DW_2000Q_6 ---------------
     0  1  2  3  4  5  6  7  8  9  10  11  ...  41  42  43  44  45  46  47  48  49  chain_break_fraction  energy  num_occurrences
0    0  1  1  0  0  1  1  0  0  0   1   1  ...   1   0   0   0   1   1   1   1   1                  0.00 -526.00                1
1    0  0  1  1  0  0  1  0  1  1   0   0  ...   0   1   1   1   1   1   1   1   0                  0.00 -525.25                1
2    0  1  0  1  1  0  1  1  0  1   0   1  ...   0   0   1   0   1   0   0   0   0                  0.00 -525.00                1
3    1  1  0  0  0  0  0  1  0  0   1   1  ...   1   1   1   1   1   1   1   0   0                  0.00 -524.00                1
4    0  1  0  0  0  1  1  1  1  0   1   1  ...   1   1   1   1   1   1   1   0   0                  0.00 -523.25                1
..  .. .. .. .. .. .. .. .. .. ..  ..  ..  ...  ..  ..  ..  ..  ..  ..  ..  ..  ..                   ...     ...              ...
495  1  0  1  0  0  1  1  0  1  0   1   1  ...   1   0   0   1   1   0   1   1   1                  0.14 -500.25                1
496  1  1  0  0  0  1  1  0  1  0   1   1  ...   1   0   0   0   0   0   0   1   1                  0.18 -506.25                1
497  1  1  0  0  0  1  1  1  1  0   0   1  ...   1   0   0   1   1   0   1   0   0                  0.08 -493.00                1
498  1  0  0  1  1  0  0  0  1  1   0   0  ...   0   0   1   1   1   1   0   0   1                  0.18 -492.00                1
499  1  1  1  0  0  1  1  0  1  0   0   1  ...   1   0   0   1   1   1   1   1   1                  0.16 -497.25                1

[500 rows x 53 columns]
No valid partition found
--------------- DW_2000Q_6 ---------------
     0  1  2  3  4  5  6  7  8  9  10  11  ...  51  52  53  54  55  56  57  58  59  chain_break_fraction  energy  num_occurrences
0    1  0  1  1  1  0  0  1  0  1   0   0  ...   1   0   0   1   1   0   1   0   1              0.000000 -724.75                1
1    1  0  1  0  0  0  1  0  0  0   0   1  ...   0   0   1   0   1   1   1   1   0              0.000000 -724.00                1
2    0  1  1  0  0  0  1  1  0  1   0   1  ...   1   0   1   0   0   1   0   1   1              0.000000 -714.75                1
3    1  0  0  1  1  1  1  0  1  1   0   1  ...   1   1   1   0   0   1   0   0   0              0.000000 -713.75                1
4    0  1  1  0  0  0  1  0  0  0   0   1  ...   0   0   1   1   1   1   1   1   0              0.000000 -712.00                1
..  .. .. .. .. .. .. .. .. .. ..  ..  ..  ...  ..  ..  ..  ..  ..  ..  ..  ..  ..                   ...     ...              ...
495  0  1  1  0  1  0  1  0  0  0   1   1  ...   0   1   1   0   0   1   0   0   1              0.166667 -699.75                1
496  0  1  1  0  1  1  1  1  0  0   0   1  ...   0   1   1   0   0   1   0   0   1              0.183333 -695.00                1
497  0  1  0  0  0  0  1  1  0  0   1   1  ...   0   1   1   0   0   1   0   1   1              0.150000 -683.00                1
498  0  1  1  1  1  1  1  1  0  1   1   1  ...   0   0   1   0   0   1   0   1   0              0.200000 -694.00                1
499  1  1  0  0  1  1  1  1  0  0   1   1  ...   0   1   1   0   0   1   0   0   0              0.200000 -706.75                1

[500 rows x 63 columns]
No valid partition found