--------------- DW_2000Q_6 ---------------
     0  1  2  3  4  5  6  7  8  9  10  11  12  13  14  15  16  17  18  19  chain_break_fraction  energy  num_occurrences
0    0  1  0  1  0  0  1  1  1  0   1   0   0   1   1   0   1   1   0   0                  0.00  -86.00                2
1    1  0  1  0  1  1  0  0  0  1   0   1   1   0   0   1   0   0   1   1                  0.00  -86.00                4
2    1  0  1  0  0  1  0  0  0  1   0   1   1   0   0   1   0   0   1   1                  0.00  -85.75                1
3    0  1  0  0  1  0  0  1  1  1   0   0   1   1   0   1   1   0   1   0                  0.00  -85.00                2
4    0  1  0  0  1  0  1  1  1  0   1   0   0   1   1   0   1   1   0   0                  0.00  -85.00                2
..  .. .. .. .. .. .. .. .. .. ..  ..  ..  ..  ..  ..  ..  ..  ..  ..  ..                   ...     ...              ...
467  1  1  1  0  0  0  0  0  0  0   0   0   1   0   1   1   1   1   1   0                  0.00  -71.75                1
468  1  0  0  1  1  1  1  0  0  1   1   1   0   0   1   1   0   1   0   0                  0.05  -78.75                1
469  0  0  1  1  1  0  0  1  0  1   1   0   0   0   0   0   1   0   1   1                  0.05  -73.75                1
470  1  0  1  1  0  1  1  0  0  0   0   1   0   0   1   1   1   0   1   1                  0.05  -78.75                1
471  0  0  1  1  0  1  1  0  1  1   1   1   0   1   0   1   1   1   0   0                  0.05  -75.00                1

[472 rows x 23 columns]
Valid partition found with 39 cut edges

Solution:  [0, 1, 0, 1, 0, 0, 1, 1, 1, 0, 1, 0, 0, 1, 1, 0, 1, 1, 0, 0]
--------------- DW_2000Q_6 ---------------
     0  1  2  3  4  5  6  7  8  9  10  11  ...  21  22  23  24  25  26  27  28  29  chain_break_fraction  energy  num_occurrences
0    1  0  1  1  1  0  1  1  1  1   1   0  ...   0   1   0   1   0   0   0   1   0              0.000000 -189.25                1
1    1  0  1  0  0  0  0  1  0  0   1   0  ...   1   1   1   0   0   1   1   0   0              0.000000 -187.25                1
2    0  1  1  0  0  1  0  1  0  0   1   0  ...   1   1   0   0   0   1   1   0   0              0.000000 -187.00                1
3    1  0  1  0  0  0  0  1  0  0   1   0  ...   0   1   0   0   0   1   1   0   0              0.000000 -187.00                1
4    1  1  1  0  0  1  0  1  0  0   1   0  ...   0   1   0   0   0   1   1   0   0              0.000000 -187.00                1
..  .. .. .. .. .. .. .. .. .. ..  ..  ..  ...  ..  ..  ..  ..  ..  ..  ..  ..  ..                   ...     ...              ...
495  1  0  1  0  0  1  0  0  0  0   0   1  ...   0   0   0   1   0   1   1   1   0              0.033333 -175.25                1
496  1  0  1  1  0  0  0  1  0  0   1   0  ...   0   0   0   0   0   1   0   1   0              0.066667 -174.00                1
497  1  0  0  1  1  0  1  1  0  1   1   0  ...   0   0   1   1   1   0   0   1   0              0.100000 -170.00                1
498  1  1  0  0  0  0  0  0  1  0   1   0  ...   0   0   1   1   0   1   1   1   1              0.033333 -172.00                1
499  1  1  1  0  0  0  1  1  0  1   0   1  ...   0   1   0   0   1   0   1   1   1              0.033333 -168.00                1

[500 rows x 33 columns]
No valid partition found
--------------- DW_2000Q_6 ---------------
     0  1  2  3  4  5  6  7  8  9  10  11  ...  31  32  33  34  35  36  37  38  39  chain_break_fraction  energy  num_occurrences
0    1  1  0  1  1  1  0  0  1  0   0   0  ...   1   0   0   1   0   1   1   0   1                 0.000 -335.00                1
1    1  0  0  1  1  1  0  1  0  1   1   1  ...   0   0   1   1   0   1   1   0   1                 0.000 -334.75                1
2    0  0  0  1  0  1  1  0  0  1   0   0  ...   0   1   1   1   1   0   0   0   0                 0.000 -334.75                1
3    1  1  0  0  0  1  0  1  0  0   1   1  ...   0   0   1   1   0   1   1   0   1                 0.000 -333.75                1
4    1  1  1  0  1  1  0  0  0  0   0   0  ...   0   1   0   1   0   1   1   0   1                 0.000 -331.75                1
..  .. .. .. .. .. .. .. .. .. ..  ..  ..  ...  ..  ..  ..  ..  ..  ..  ..  ..  ..                   ...     ...              ...
495  1  0  0  0  0  0  1  1  0  1   0   1  ...   0   1   1   1   0   0   1   1   1                 0.075 -306.00                1
496  0  1  0  0  0  0  1  0  1  1   0   1  ...   1   0   0   0   1   1   0   0   1                 0.075 -304.75                1
497  0  0  1  0  0  1  0  0  0  1   0   1  ...   1   0   0   1   0   1   1   0   1                 0.100 -309.75                1
498  0  1  1  0  0  0  0  1  1  1   0   0  ...   1   0   0   0   1   0   0   0   1                 0.100 -308.00                1
499  0  1  0  0  0  1  0  1  0  1   0   1  ...   1   0   0   0   0   1   1   0   0                 0.100 -300.00                1

[500 rows x 43 columns]
Valid partition found with 165 cut edges

Solution:  [1, 1, 0, 1, 1, 1, 0, 0, 1, 0, 0, 0, 0, 1, 0, 1, 0, 1, 1, 0, 0, 1, 0, 1, 0, 1, 1, 1, 0, 0, 0, 1, 0, 0, 1, 0, 1, 1, 0, 1]
--------------- DW_2000Q_6 ---------------
     0  1  2  3  4  5  6  7  8  9  10  11  ...  41  42  43  44  45  46  47  48  49  chain_break_fraction  energy  num_occurrences
0    0  1  0  0  0  0  1  1  0  0   1   1  ...   0   0   0   1   1   0   0   1   1                  0.00 -504.25                1
1    1  1  1  0  0  1  1  1  0  0   1   0  ...   1   0   0   0   0   0   1   1   1                  0.00 -504.00                1
2    1  1  1  0  1  1  1  1  0  0   0   0  ...   1   1   0   1   1   1   0   0   0                  0.00 -502.25                1
3    1  1  1  0  0  0  1  1  0  0   1   1  ...   1   0   1   0   0   0   1   1   0                  0.00 -501.25                1
4    0  1  0  1  0  1  1  1  0  0   1   1  ...   0   1   1   0   1   1   1   1   1                  0.00 -501.00                1
..  .. .. .. .. .. .. .. .. .. ..  ..  ..  ...  ..  ..  ..  ..  ..  ..  ..  ..  ..                   ...     ...              ...
495  0  1  0  0  0  0  1  1  1  0   1   1  ...   1   0   0   0   1   1   1   0   1                  0.14 -492.25                1
496  0  1  0  0  0  1  1  0  1  1   1   0  ...   1   1   0   0   1   1   1   1   0                  0.14 -453.25                1
497  0  1  0  0  0  1  1  1  1  1   1   1  ...   1   0   0   0   0   1   1   1   1                  0.18 -471.00                1
498  0  1  0  0  0  1  1  0  1  1   1   1  ...   1   0   0   0   0   1   0   1   1                  0.14 -463.25                1
499  1  1  0  0  1  0  1  0  0  1   1   0  ...   1   0   0   0   0   1   1   1   1                  0.18 -453.00                1

[500 rows x 53 columns]
No valid partition found
--------------- DW_2000Q_6 ---------------
     0  1  2  3  4  5  6  7  8  9  10  11  ...  51  52  53  54  55  56  57  58  59  chain_break_fraction  energy  num_occurrences
0    0  1  0  1  1  1  1  0  1  0   0   1  ...   1   0   0   0   1   0   1   1   0              0.000000 -729.75                1
1    1  1  1  1  1  1  1  0  0  0   1   0  ...   0   0   1   1   1   0   1   1   1              0.000000 -728.75                1
2    1  0  0  1  1  1  0  0  0  0   1   1  ...   0   1   0   0   0   0   1   1   1              0.000000 -725.75                1
3    1  1  0  1  1  1  0  0  1  1   0   1  ...   0   1   0   0   0   1   0   1   0              0.000000 -721.75                1
4    0  0  1  1  0  1  1  0  0  0   0   1  ...   0   1   0   0   1   0   1   1   1              0.000000 -716.00                1
..  .. .. .. .. .. .. .. .. .. ..  ..  ..  ...  ..  ..  ..  ..  ..  ..  ..  ..  ..                   ...     ...              ...
495  1  1  1  0  0  1  1  0  0  0   0   1  ...   1   0   1   0   0   0   0   1   1              0.183333 -699.00                1
496  0  0  0  1  0  1  1  0  0  0   0   1  ...   1   1   1   0   0   1   0   1   1              0.200000 -691.00                1
497  0  0  1  0  0  1  1  1  1  0   0   1  ...   1   1   0   0   1   0   0   1   1              0.200000 -718.75                1
498  0  0  1  1  0  1  1  0  0  0   0   0  ...   1   0   1   0   0   0   0   1   1              0.200000 -693.75                1
499  0  0  0  0  1  1  1  0  1  0   0   1  ...   1   1   1   0   0   0   1   1   1              0.216667 -712.75                1

[500 rows x 63 columns]
No valid partition found