--------------- DW_2000Q_6 ---------------
     0  1  2  3  4  5  6  7  8  9  10  11  ...  41  42  43  44  45  46  47  48  49  chain_break_fraction  energy  num_occurrences
0    1  1  0  0  0  1  1  0  1  0   0   0  ...   0   1   0   1   1   1   0   0   0                  0.00 -501.00                1
1    0  0  1  0  0  1  1  0  1  0   1   0  ...   0   0   1   1   1   1   0   1   1                  0.00 -500.25                1
2    0  0  1  0  1  0  0  0  1  1   0   1  ...   1   0   0   1   0   0   0   1   1                  0.00 -498.25                1
3    0  0  1  0  1  0  1  1  1  0   1   1  ...   1   0   1   1   0   0   0   0   0                  0.00 -495.25                1
4    1  0  0  0  0  1  1  0  0  1   0   0  ...   0   1   1   1   0   1   1   0   1                  0.00 -494.25                1
..  .. .. .. .. .. .. .. .. .. ..  ..  ..  ...  ..  ..  ..  ..  ..  ..  ..  ..  ..                   ...     ...              ...
495  0  1  0  1  0  1  0  1  1  0   0   1  ...   1   0   1   0   1   0   1   1   0                  0.14 -476.00                1
496  1  1  0  0  0  1  1  0  0  1   1   1  ...   0   1   0   1   0   1   1   1   1                  0.16 -478.00                1
497  1  0  0  1  1  1  1  0  0  1   1   1  ...   0   1   0   0   1   1   1   0   1                  0.18 -465.25                1
498  1  0  0  0  0  1  1  0  1  1   0   1  ...   0   1   0   0   0   1   1   0   1                  0.14 -485.25                1
499  1  0  1  1  0  1  1  0  1  1   0   1  ...   1   0   0   1   0   1   1   0   1                  0.12 -472.25                1

[500 rows x 53 columns]
Valid partition found with 274 cut edges

Solution:  [0, 1, 1, 1, 0, 1, 1, 0, 0, 0, 1, 0, 1, 0, 1, 0, 1, 1, 0, 1, 1, 0, 0, 0, 0, 1, 1, 0, 1, 0, 0, 0, 1, 0, 1, 1, 0, 0, 0, 1, 0, 1, 0, 1, 1, 0, 1, 0, 1, 1]