--------------- DW_2000Q_6 ---------------
     0  1  2  3  4  5  6  7  8  9  10  11  12  13  14  15  16  17  18  19  chain_break_fraction  energy  num_occurrences
0    1  1  0  0  0  0  1  1  0  0   0   1   1   1   1   0   1   0   1   0                  0.00  -87.00                4
1    0  0  1  0  1  1  0  1  1  1   1   0   0   0   0   1   0   1   0   1                  0.00  -87.00                6
2    0  0  1  1  0  0  1  1  0  0   0   1   0   1   1   0   1   1   1   0                  0.00  -87.00                1
3    1  1  0  1  0  0  1  0  0  0   0   1   1   1   1   0   1   0   1   0                  0.00  -87.00                2
4    0  0  1  1  1  1  0  0  1  1   1   0   0   0   0   1   0   1   0   1                  0.00  -87.00                1
..  .. .. .. .. .. .. .. .. .. ..  ..  ..  ..  ..  ..  ..  ..  ..  ..  ..                   ...     ...              ...
416  1  1  1  0  0  0  1  1  1  0   0   1   0   1   1   0   0   0   1   1                  0.05  -81.75                1
417  1  1  1  0  0  0  1  1  1  0   1   1   1   1   1   0   1   0   1   1                  0.00  -73.00                1
418  1  0  0  1  0  1  0  1  0  1   0   0   0   1   1   1   1   1   0   0                  0.05  -78.00                1
419  1  1  1  0  1  0  1  1  0  0   0   0   1   1   0   0   1   0   1   1                  0.05  -78.75                1
420  1  1  1  0  1  0  1  1  1  0   0   0   1   0   0   0   1   0   0   1                  0.05  -77.00                1

[421 rows x 23 columns]
Valid partition found with 38 cut edges

Solution:  [1, 1, 0, 0, 0, 0, 1, 1, 0, 0, 0, 1, 1, 1, 1, 0, 1, 0, 1, 0]
--------------- DW_2000Q_6 ---------------
     0  1  2  3  4  5  6  7  8  9  10  11  ...  21  22  23  24  25  26  27  28  29  chain_break_fraction  energy  num_occurrences
0    1  1  0  1  1  1  0  0  0  0   0   1  ...   1   0   1   0   1   0   1   0   1              0.000000 -197.25                1
1    1  1  0  1  1  1  0  0  0  0   0   1  ...   1   0   1   1   1   1   1   1   1              0.000000 -197.25                1
2    0  0  1  0  0  1  1  1  1  1   1   0  ...   0   1   0   1   0   0   0   0   0              0.000000 -196.00                1
3    1  0  1  0  0  0  1  1  1  1   1   0  ...   0   1   1   1   0   1   0   0   0              0.000000 -195.25                1
4    1  0  0  0  0  1  1  1  1  1   1   1  ...   0   1   0   1   0   0   0   0   0              0.000000 -195.00                1
..  .. .. .. .. .. .. .. .. .. ..  ..  ..  ...  ..  ..  ..  ..  ..  ..  ..  ..  ..                   ...     ...              ...
495  1  1  1  1  0  1  1  1  0  1   0   1  ...   0   1   0   0   0   1   0   0   0              0.066667 -174.25                1
496  1  0  0  1  0  1  1  1  0  1   0   1  ...   1   1   0   1   1   0   1   0   1              0.000000 -159.00                1
497  0  0  0  1  0  0  1  0  1  0   0   1  ...   0   1   0   1   0   1   0   1   0              0.033333 -170.00                1
498  1  0  1  1  1  0  0  0  0  1   0   1  ...   0   0   1   0   0   0   1   0   1              0.033333 -182.00                1
499  0  0  0  0  0  1  1  0  1  1   1   1  ...   0   1   0   1   0   0   1   0   0              0.100000 -183.25                1

[500 rows x 33 columns]
Valid partition found with 84 cut edges

Solution:  [1, 1, 0, 1, 1, 1, 0, 0, 0, 0, 0, 1, 0, 1, 0, 1, 1, 0, 0, 1, 0, 1, 0, 1, 0, 1, 0, 1, 0, 1]
--------------- DW_2000Q_6 ---------------
     0  1  2  3  4  5  6  7  8  9  10  11  ...  31  32  33  34  35  36  37  38  39  chain_break_fraction  energy  num_occurrences
0    1  1  1  1  1  0  1  0  1  1   0   1  ...   0   0   0   1   0   0   0   1   0                 0.000 -326.75                1
1    1  1  1  1  0  1  0  0  0  1   1   0  ...   1   1   1   0   0   1   0   0   0                 0.000 -326.75                1
2    1  1  0  1  0  1  0  1  1  0   0   0  ...   1   1   0   0   1   1   1   1   1                 0.000 -326.00                1
3    0  0  0  0  0  1  1  0  1  0   1   1  ...   1   1   1   0   0   0   1   0   0                 0.000 -325.75                1
4    0  0  0  0  1  1  0  0  1  0   1   1  ...   1   0   1   1   0   0   1   0   1                 0.000 -325.00                1
..  .. .. .. .. .. .. .. .. .. ..  ..  ..  ...  ..  ..  ..  ..  ..  ..  ..  ..  ..                   ...     ...              ...
495  1  0  1  1  0  1  0  0  1  0   0   1  ...   0   0   1   1   0   1   1   1   0                 0.050 -306.75                1
496  1  1  1  1  0  1  0  0  1  0   0   1  ...   1   1   1   1   1   1   1   1   0                 0.075 -311.75                1
497  1  0  0  1  0  0  0  1  0  0   1   0  ...   1   1   1   1   0   1   1   1   1                 0.075 -301.00                1
498  1  0  0  1  0  1  0  1  0  0   1   0  ...   0   1   0   0   1   1   0   1   0                 0.050 -300.00                1
499  1  0  0  1  0  1  0  0  0  0   0   1  ...   1   0   1   1   0   0   1   1   1                 0.075 -299.00                1

[500 rows x 43 columns]
No valid partition found
--------------- DW_2000Q_6 ---------------
     0  1  2  3  4  5  6  7  8  9  10  11  ...  41  42  43  44  45  46  47  48  49  chain_break_fraction  energy  num_occurrences
0    1  0  1  1  0  1  0  0  1  1   1   1  ...   1   1   1   0   1   1   0   1   1                  0.00 -486.00                1
1    1  0  1  1  1  0  1  0  1  1   0   1  ...   0   0   1   0   1   0   1   1   1                  0.00 -485.25                1
2    1  0  1  1  0  0  0  0  1  0   0   1  ...   1   1   0   1   1   0   0   1   0                  0.00 -485.25                1
3    1  1  1  1  0  0  0  1  0  1   0   1  ...   1   0   1   0   1   1   0   1   0                  0.00 -484.00                1
4    1  1  1  1  0  0  1  0  1  1   0   1  ...   1   0   0   0   1   0   0   1   0                  0.00 -483.00                1
..  .. .. .. .. .. .. .. .. .. ..  ..  ..  ...  ..  ..  ..  ..  ..  ..  ..  ..  ..                   ...     ...              ...
495  1  1  1  0  1  0  0  0  1  0   1   1  ...   0   0   0   0   1   1   1   0   0                  0.12 -458.00                1
496  1  1  1  0  1  0  1  0  1  0   0   1  ...   0   0   1   0   0   1   1   0   0                  0.14 -459.25                1
497  1  0  1  1  1  0  1  0  1  0   0   0  ...   1   0   1   0   1   1   1   0   0                  0.12 -450.25                1
498  1  1  1  0  1  0  1  0  1  0   0   1  ...   0   0   1   0   1   1   1   1   0                  0.10 -446.00                1
499  0  1  1  0  1  1  0  0  1  0   1   1  ...   0   0   1   1   1   0   1   0   0                  0.18 -455.00                1

[500 rows x 53 columns]
No valid partition found
--------------- DW_2000Q_6 ---------------
     0  1  2  3  4  5  6  7  8  9  10  11  ...  51  52  53  54  55  56  57  58  59  chain_break_fraction  energy  num_occurrences
0    0  0  0  0  1  1  1  0  1  1   1   1  ...   1   0   0   0   1   0   0   0   1              0.000000 -717.75                1
1    0  1  1  1  0  0  0  0  1  0   0   0  ...   1   1   0   0   0   0   0   1   1              0.000000 -717.00                1
2    0  0  1  1  0  0  0  0  1  1   1   0  ...   1   1   0   0   1   1   1   1   1              0.000000 -714.00                1
3    0  0  0  1  0  1  0  1  1  0   1   0  ...   1   0   0   1   1   0   1   0   1              0.000000 -714.00                1
4    0  0  1  0  0  1  1  0  1  1   1   0  ...   1   0   0   0   1   0   1   1   1              0.000000 -713.75                1
..  .. .. .. .. .. .. .. .. .. ..  ..  ..  ...  ..  ..  ..  ..  ..  ..  ..  ..  ..                   ...     ...              ...
495  1  0  0  1  1  0  1  1  1  1   1   0  ...   0   1   0   1   1   0   1   0   1              0.133333 -674.75                1
496  1  0  0  0  0  0  1  1  1  1   1   1  ...   0   0   0   1   1   0   1   0   0              0.150000 -706.75                1
497  1  1  1  1  0  0  1  0  1  1   0   0  ...   0   0   0   0   0   0   1   0   0              0.116667 -671.75                1
498  0  0  1  1  1  0  1  0  1  1   1   0  ...   0   0   1   0   1   0   0   1   1              0.150000 -688.00                1
499  0  1  0  1  1  0  1  0  1  1   1   0  ...   0   0   0   0   1   0   1   0   1              0.133333 -679.00                1

[500 rows x 63 columns]
No valid partition found