--------------- DW_2000Q_6 ---------------
     0  1  2  3  4  5  6  7  8  9  10  11  ...  41  42  43  44  45  46  47  48  49  chain_break_fraction  energy  num_occurrences
0    1  1  0  0  1  0  1  1  1  0   1   0  ...   0   0   1   1   0   0   0   1   1                  0.00 -314.25                1
1    1  0  0  0  1  0  1  1  1  0   1   0  ...   0   0   1   1   1   1   0   0   1                  0.00 -313.00                1
2    1  1  1  0  1  1  1  1  1  0   0   0  ...   0   1   1   1   0   0   1   1   1                  0.00 -312.00                1
3    1  0  0  1  1  1  0  1  1  1   1   0  ...   0   1   1   1   1   1   1   0   0                  0.00 -311.00                1
4    1  1  0  0  1  1  1  1  1  0   1   0  ...   0   1   1   1   0   0   0   1   1                  0.00 -311.00                1
..  .. .. .. .. .. .. .. .. .. ..  ..  ..  ...  ..  ..  ..  ..  ..  ..  ..  ..  ..                   ...     ...              ...
495  1  0  1  0  0  1  1  0  1  1   0   1  ...   1   1   1   0   1   0   1   1   1                  0.06 -283.25                1
496  1  0  0  1  1  1  0  1  1  1   1   0  ...   0   1   0   0   0   1   0   0   1                  0.10 -281.00                1
497  1  0  0  1  1  1  0  0  1  1   1   1  ...   0   1   1   1   0   1   0   1   1                  0.06 -270.00                1
498  1  1  0  1  1  1  1  1  1  0   1   0  ...   0   1   0   0   0   0   1   1   1                  0.08 -286.25                1
499  1  1  1  0  1  1  0  0  1  1   0   0  ...   0   1   0   1   0   0   1   0   1                  0.10 -277.25                1

[500 rows x 53 columns]
Valid partition found with 467 cut edges

Solution:  [1, 1, 0, 0, 1, 0, 1, 1, 1, 0, 1, 0, 0, 0, 0, 0, 0, 0, 1, 0, 1, 0, 1, 1, 1, 0, 1, 1, 0, 1, 0, 0, 1, 0, 1, 1, 1, 1, 1, 0, 0, 0, 0, 1, 1, 0, 0, 0, 1, 1]