--------------- DW_2000Q_6 ---------------
     0  1  2  3  4  5  6  7  8  9  10  11  12  13  14  15  16  17  18  19  chain_break_fraction  energy  num_occurrences
0    0  1  1  0  0  1  1  1  1  1   0   0   0   1   0   0   1   0   0   1                  0.00  -56.00                1
1    1  0  0  1  0  0  0  0  0  0   1   1   1   0   1   1   0   1   1   0                  0.00  -55.75                1
2    1  0  0  1  1  0  0  0  0  0   1   1   1   0   1   1   0   1   0   0                  0.00  -55.75                2
3    0  1  1  0  0  1  1  1  1  1   0   0   0   1   0   0   1   0   1   1                  0.00  -55.75                4
4    0  1  1  0  1  1  1  1  1  1   0   0   0   1   0   0   1   0   0   1                  0.00  -55.75                2
..  .. .. .. .. .. .. .. .. .. ..  ..  ..  ..  ..  ..  ..  ..  ..  ..  ..                   ...     ...              ...
448  1  0  1  1  1  0  0  1  1  1   0   1   1   0   1   0   0   1   0   0                  0.05  -47.75                1
449  1  1  1  0  1  0  0  0  1  1   0   1   0   1   1   0   0   0   1   0                  0.05  -47.00                1
450  1  0  1  1  1  0  0  0  1  1   0   0   1   0   1   0   0   0   1   0                  0.05  -47.75                1
451  0  0  1  1  1  0  0  1  1  0   0   0   1   1   1   0   1   0   1   0                  0.05  -48.00                1
452  0  1  1  1  0  1  0  0  1  0   1   0   1   1   1   0   1   0   0   1                  0.05  -43.75                1

[453 rows x 23 columns]
Valid partition found with 69 cut edges

Solution:  [0, 1, 1, 0, 0, 1, 1, 1, 1, 1, 0, 0, 0, 1, 0, 0, 1, 0, 0, 1]
--------------- DW_2000Q_6 ---------------
     0  1  2  3  4  5  6  7  8  9  10  11  ...  21  22  23  24  25  26  27  28  29  chain_break_fraction  energy  num_occurrences
0    0  0  1  0  1  0  0  0  0  0   1   1  ...   0   0   0   1   1   1   1   0   1              0.000000 -127.00                1
1    0  0  1  1  1  0  0  0  0  0   1   1  ...   0   0   0   1   1   1   1   0   1              0.000000 -126.25                1
2    0  0  1  1  1  0  0  0  0  0   1   1  ...   0   0   0   1   1   1   1   0   1              0.000000 -126.00                1
3    1  1  0  1  0  0  0  0  1  0   1   0  ...   1   0   1   0   1   0   1   0   1              0.000000 -125.25                1
4    1  1  0  1  0  0  1  0  1  1   1   0  ...   1   1   1   0   1   0   0   0   0              0.000000 -125.25                1
..  .. .. .. .. .. .. .. .. .. ..  ..  ..  ...  ..  ..  ..  ..  ..  ..  ..  ..  ..                   ...     ...              ...
495  1  1  0  1  0  1  0  0  1  0   1   1  ...   1   1   0   0   0   1   0   0   1              0.033333 -112.25                1
496  1  1  1  1  0  1  0  0  0  1   1   0  ...   0   1   1   1   0   0   1   1   0              0.033333 -110.00                1
497  1  1  1  1  0  0  0  0  0  0   1   0  ...   1   0   1   1   1   1   1   0   0              0.033333 -119.25                1
498  0  0  1  0  1  1  0  0  0  0   1   1  ...   0   1   1   1   0   1   1   0   1              0.066667 -113.00                1
499  1  0  1  1  0  1  0  0  1  0   0   1  ...   1   0   1   1   0   0   1   1   0              0.033333 -106.25                1

[500 rows x 33 columns]
No valid partition found
--------------- DW_2000Q_6 ---------------
     0  1  2  3  4  5  6  7  8  9  10  11  ...  31  32  33  34  35  36  37  38  39  chain_break_fraction  energy  num_occurrences
0    1  0  1  1  1  0  1  1  1  1   1   0  ...   1   0   1   0   0   0   0   0   0                 0.000 -205.00                1
1    0  1  0  0  1  1  1  1  0  1   0   0  ...   1   0   0   0   1   0   0   1   1                 0.000 -205.00                1
2    0  0  0  0  0  1  0  0  0  0   0   0  ...   0   1   1   1   1   1   1   0   1                 0.000 -205.00                1
3    0  1  0  0  1  1  1  1  0  1   0   0  ...   1   0   0   1   1   0   1   1   1                 0.000 -204.75                1
4    0  1  0  0  1  1  1  0  0  1   0   1  ...   1   0   0   0   1   0   1   1   1                 0.000 -203.00                1
..  .. .. .. .. .. .. .. .. .. ..  ..  ..  ...  ..  ..  ..  ..  ..  ..  ..  ..  ..                   ...     ...              ...
495  0  0  0  0  1  1  0  0  1  1   0   0  ...   1   0   0   0   1   0   1   1   1                 0.075 -187.75                1
496  0  0  0  0  0  1  0  1  0  1   1   0  ...   0   0   0   1   1   1   1   1   1                 0.150 -188.75                1
497  1  0  0  0  0  1  0  1  0  0   1   1  ...   1   0   0   0   1   0   1   1   1                 0.100 -179.75                1
498  0  0  0  0  0  1  0  1  0  1   1   0  ...   0   0   1   1   1   1   1   1   0                 0.100 -182.00                1
499  0  0  0  0  0  1  1  1  1  1   0   0  ...   1   0   1   1   1   1   1   1   1                 0.075 -188.00                1

[500 rows x 43 columns]
Valid partition found with 295 cut edges

Solution:  [1, 0, 1, 1, 1, 0, 1, 1, 1, 1, 1, 0, 0, 0, 0, 0, 1, 1, 1, 1, 0, 0, 1, 1, 1, 0, 0, 0, 0, 1, 1, 1, 0, 1, 0, 0, 0, 0, 0, 0]
--------------- DW_2000Q_6 ---------------
     0  1  2  3  4  5  6  7  8  9  10  11  ...  41  42  43  44  45  46  47  48  49  chain_break_fraction  energy  num_occurrences
0    0  0  0  1  0  0  0  0  1  1   0   0  ...   1   0   0   1   1   1   1   1   1                  0.00 -327.00                1
1    0  0  1  1  1  1  1  0  0  0   1   1  ...   0   0   1   0   0   0   0   1   0                  0.00 -324.25                1
2    0  0  0  0  0  1  0  0  0  1   1   0  ...   1   0   1   0   0   1   1   1   1                  0.00 -324.25                1
3    0  0  0  1  0  0  0  0  0  1   1   0  ...   1   0   0   0   0   1   0   1   1                  0.00 -323.00                1
4    0  1  1  0  0  1  1  0  1  0   0   1  ...   0   0   1   0   0   0   1   1   0                  0.00 -322.25                1
..  .. .. .. .. .. .. .. .. .. ..  ..  ..  ...  ..  ..  ..  ..  ..  ..  ..  ..  ..                   ...     ...              ...
495  0  0  1  0  0  1  0  0  0  1   0   1  ...   1   1   1   0   0   1   1   1   1                  0.10 -294.00                1
496  0  0  0  0  1  0  1  0  0  1   1   0  ...   0   0   1   0   0   1   0   1   0                  0.12 -289.25                1
497  0  1  0  1  0  0  1  1  0  1   1   0  ...   1   1   0   0   0   1   0   0   1                  0.12 -290.00                1
498  0  0  0  1  0  1  0  0  0  1   0   1  ...   1   1   1   0   1   0   1   1   1                  0.12 -303.00                1
499  0  0  0  1  0  0  0  1  0  1   1   1  ...   1   0   0   0   0   1   1   1   1                  0.16 -294.25                1

[500 rows x 53 columns]
No valid partition found
--------------- DW_2000Q_6 ---------------
     0  1  2  3  4  5  6  7  8  9  10  11  ...  51  52  53  54  55  56  57  58  59  chain_break_fraction  energy  num_occurrences
0    0  0  1  1  1  0  1  1  1  0   0   0  ...   1   1   0   0   1   1   1   1   0              0.000000 -469.00                1
1    0  1  0  0  1  0  1  1  0  0   0   1  ...   0   0   1   1   1   0   0   1   1              0.000000 -463.00                1
2    1  0  1  0  1  1  0  1  0  1   0   1  ...   1   0   0   0   0   1   0   1   0              0.000000 -462.75                1
3    1  0  1  0  1  1  0  1  0  0   1   1  ...   0   0   0   0   1   1   1   0   0              0.000000 -460.00                1
4    1  0  0  1  1  0  1  1  1  0   1   0  ...   0   1   1   1   0   0   1   1   1              0.000000 -459.75                1
..  .. .. .. .. .. .. .. .. .. ..  ..  ..  ...  ..  ..  ..  ..  ..  ..  ..  ..  ..                   ...     ...              ...
495  1  0  1  1  1  1  0  1  1  0   1   0  ...   0   0   1   1   1   1   0   0   1              0.183333 -435.75                1
496  1  0  1  1  1  0  0  1  1  0   1   1  ...   0   0   1   0   1   0   0   0   1              0.133333 -426.75                1
497  1  0  1  1  0  1  0  0  1  0   1   1  ...   0   0   0   1   1   0   0   0   1              0.200000 -426.75                1
498  1  0  1  0  0  1  0  1  1  0   1   0  ...   0   0   0   1   1   0   0   0   1              0.200000 -430.75                1
499  1  0  1  1  0  1  0  1  1  0   1   0  ...   0   0   0   1   1   1   0   0   1              0.200000 -432.00                1

[500 rows x 63 columns]
Valid partition found with 656 cut edges

Solution:  [0, 0, 1, 1, 1, 0, 1, 1, 1, 0, 0, 0, 0, 0, 0, 0, 1, 0, 1, 0, 1, 0, 0, 1, 0, 1, 0, 1, 1, 0, 0, 1, 1, 1, 0, 1, 0, 1, 1, 1, 0, 0, 0, 0, 1, 0, 1, 0, 0, 1, 1, 1, 1, 0, 0, 1, 1, 1, 1, 0]