--------------- DW_2000Q_6 ---------------
     0  1  2  3  4  5  6  7  8  9  10  11  12  13  14  15  16  17  18  19  chain_break_fraction  energy  num_occurrences
0    0  1  0  1  0  0  1  0  0  1   1   1   1   0   1   0   1   0   0   1                  0.00  -57.00                7
1    1  1  1  0  0  1  0  1  1  0   0   0   1   0   0   0   1   1   1   0                  0.00  -57.00                3
2    1  0  1  0  1  1  0  1  1  0   0   0   0   1   0   1   0   1   1   0                  0.00  -57.00                1
3    1  1  1  0  0  1  0  1  1  0   0   0   1   0   1   0   1   1   0   0                  0.00  -57.00                2
4    0  0  0  1  1  0  1  0  0  1   1   1   0   1   0   1   0   0   1   1                  0.00  -57.00                1
..  .. .. .. .. .. .. .. .. .. ..  ..  ..  ..  ..  ..  ..  ..  ..  ..  ..                   ...     ...              ...
426  1  1  1  1  0  1  1  0  1  0   1   1   1   1   0   0   1   0   1   0                  0.00  -47.75                1
427  0  0  0  1  1  0  1  1  0  1   0   0   0   1   1   1   1   0   0   0                  0.00  -46.75                1
428  1  1  1  0  1  1  1  1  1  0   0   0   0   0   0   1   1   1   1   0                  0.05  -53.00                1
429  0  1  0  1  0  1  1  1  1  0   0   0   0   0   1   1   0   1   0   0                  0.05  -51.75                1
430  1  0  0  0  1  1  0  1  0  0   0   1   1   1   1   0   1   1   1   0                  0.05  -49.75                1

[431 rows x 23 columns]
Valid partition found with 68 cut edges

Solution:  [0, 1, 0, 1, 0, 0, 1, 0, 0, 1, 1, 1, 1, 0, 1, 0, 1, 0, 0, 1]
--------------- DW_2000Q_6 ---------------
     0  1  2  3  4  5  6  7  8  9  10  11  ...  21  22  23  24  25  26  27  28  29  chain_break_fraction  energy  num_occurrences
0    0  0  0  0  0  1  0  1  0  1   0   1  ...   1   1   1   1   1   0   1   1   1              0.000000 -127.00                1
1    1  0  1  1  1  0  0  1  1  0   0   1  ...   0   1   0   0   0   1   1   0   0              0.000000 -127.00                1
2    0  0  0  0  0  1  1  1  0  1   1   0  ...   1   0   1   1   1   0   0   1   1              0.000000 -126.25                1
3    0  0  0  0  0  1  1  1  0  1   1   0  ...   1   0   1   0   1   0   0   1   1              0.000000 -126.25                1
4    1  0  0  0  0  1  0  1  0  0   0   1  ...   1   1   1   0   0   0   0   1   1              0.000000 -126.25                1
..  .. .. .. .. .. .. .. .. .. ..  ..  ..  ...  ..  ..  ..  ..  ..  ..  ..  ..  ..                   ...     ...              ...
493  1  1  0  1  0  1  1  0  0  0   0   1  ...   0   0   0   0   1   1   1   0   1              0.033333 -111.00                1
494  1  1  0  0  0  0  1  0  0  1   1   0  ...   0   0   0   1   1   1   0   0   1              0.066667 -111.00                1
495  1  1  0  0  0  0  1  0  0  1   1   0  ...   1   0   0   1   1   0   0   1   1              0.066667 -115.25                1
496  1  1  0  0  1  0  1  1  1  0   0   0  ...   1   0   0   0   0   1   0   1   1              0.033333 -108.25                1
497  0  1  0  0  1  0  1  0  1  0   1   0  ...   1   0   0   0   0   0   1   1   0              0.033333 -115.25                1

[498 rows x 33 columns]
No valid partition found
--------------- DW_2000Q_6 ---------------
     0  1  2  3  4  5  6  7  8  9  10  11  ...  31  32  33  34  35  36  37  38  39  chain_break_fraction  energy  num_occurrences
0    0  0  1  0  1  0  1  0  1  1   1   0  ...   0   0   1   0   1   1   0   0   1                 0.000 -211.75                1
1    0  1  1  0  1  1  0  0  1  1   0   0  ...   0   0   1   0   1   0   0   0   1                 0.000 -207.75                1
2    0  1  1  0  1  0  0  0  1  1   1   1  ...   0   0   1   0   0   0   0   0   1                 0.000 -207.00                1
3    1  1  1  1  1  0  1  0  0  1   1   0  ...   0   0   1   0   0   0   0   0   1                 0.000 -205.75                1
4    0  1  0  1  1  0  1  0  0  0   0   1  ...   0   1   0   1   1   0   1   0   0                 0.000 -205.00                1
..  .. .. .. .. .. .. .. .. .. ..  ..  ..  ...  ..  ..  ..  ..  ..  ..  ..  ..  ..                   ...     ...              ...
495  0  1  0  1  1  0  1  0  0  1   1   0  ...   0   1   1   0   1   1   0   0   0                 0.075 -189.75                1
496  0  1  0  1  1  0  1  0  1  1   1   1  ...   0   0   1   1   0   1   0   1   0                 0.050 -179.75                1
497  1  1  1  0  1  0  1  0  1  0   0   1  ...   0   1   1   1   0   1   0   1   0                 0.025 -186.75                1
498  1  1  1  0  1  0  1  0  0  1   1   0  ...   0   1   0   1   0   0   0   1   0                 0.075 -183.75                1
499  0  1  0  0  0  0  1  0  1  1   1   0  ...   0   0   0   0   0   0   0   1   1                 0.100 -187.75                1

[500 rows x 43 columns]
No valid partition found
--------------- DW_2000Q_6 ---------------
     0  1  2  3  4  5  6  7  8  9  10  11  ...  41  42  43  44  45  46  47  48  49  chain_break_fraction  energy  num_occurrences
0    1  0  0  1  1  0  0  1  0  1   0   1  ...   0   0   0   0   1   0   0   0   0                  0.00 -318.00                1
1    0  0  1  0  1  0  0  1  1  0   1   1  ...   1   0   1   1   0   1   0   1   0                  0.00 -317.25                1
2    0  0  0  1  0  0  0  1  0  1   0   1  ...   1   1   0   0   1   0   0   1   0                  0.00 -317.00                1
3    1  1  0  0  0  0  0  1  0  1   1   1  ...   1   0   0   0   1   0   1   1   0                  0.00 -316.00                1
4    0  0  1  0  1  0  0  1  0  1   1   1  ...   1   0   1   0   0   0   0   1   1                  0.00 -315.00                1
..  .. .. .. .. .. .. .. .. .. ..  ..  ..  ...  ..  ..  ..  ..  ..  ..  ..  ..  ..                   ...     ...              ...
495  1  0  1  0  0  0  0  0  1  1   1   1  ...   0   0   1   0   0   1   1   0   0                  0.12 -282.00                1
496  0  0  1  0  0  0  0  0  0  1   0   1  ...   0   1   1   0   1   1   1   0   1                  0.10 -304.00                1
497  1  0  1  0  1  0  0  0  0  0   1   1  ...   0   0   1   1   0   1   1   0   0                  0.14 -293.25                1
498  1  0  1  0  1  1  0  0  0  1   1   0  ...   0   0   1   0   0   1   1   0   0                  0.10 -289.00                1
499  1  0  1  1  1  0  0  0  1  1   1   1  ...   0   0   1   1   1   1   0   0   0                  0.12 -292.25                1

[500 rows x 53 columns]
No valid partition found
--------------- DW_2000Q_6 ---------------
     0  1  2  3  4  5  6  7  8  9  10  11  ...  51  52  53  54  55  56  57  58  59  chain_break_fraction  energy  num_occurrences
0    0  1  0  0  0  1  0  1  0  1   1   0  ...   1   0   1   1   0   0   0   0   0              0.000000 -443.75                1
1    0  1  0  1  1  1  0  1  0  1   0   0  ...   1   0   1   0   0   1   0   1   0              0.000000 -441.75                1
2    1  1  0  0  0  0  1  1  1  0   0   1  ...   1   0   0   1   0   0   1   0   0              0.000000 -439.75                1
3    0  1  0  1  1  1  0  1  0  1   0   1  ...   0   0   1   1   0   1   1   1   0              0.000000 -438.75                1
4    1  0  0  1  1  1  1  0  1  1   1   0  ...   1   0   1   0   0   1   0   0   0              0.000000 -437.75                1
..  .. .. .. .. .. .. .. .. .. ..  ..  ..  ...  ..  ..  ..  ..  ..  ..  ..  ..  ..                   ...     ...              ...
495  0  0  1  1  1  0  1  1  0  0   1   0  ...   0   0   1   1   0   1   0   1   0              0.200000 -420.75                1
496  0  0  1  1  1  0  0  1  1  0   0   0  ...   0   1   1   0   0   0   0   1   0              0.183333 -420.75                1
497  0  1  0  0  1  1  1  0  0  0   1   1  ...   1   0   0   0   0   0   1   1   1              0.166667 -427.75                1
498  1  0  1  1  1  1  0  1  1  0   0   0  ...   1   1   1   0   0   1   0   1   0              0.200000 -414.75                1
499  1  0  1  0  1  0  0  1  0  0   0   0  ...   0   0   1   1   1   0   0   0   0              0.200000 -417.00                1

[500 rows x 63 columns]
No valid partition found