--------------- DW_2000Q_6 ---------------
     0  1  2  3  4  5  6  7  8  9  10  11  12  13  14  15  16  17  18  19  chain_break_fraction  energy  num_occurrences
0    1  1  0  1  0  0  0  1  0  1   0   1   1   1   0   0   1   1   0   0                   0.0  -52.00                5
1    1  1  0  0  0  0  0  1  0  1   0   1   1   1   0   0   1   1   0   1                   0.0  -52.00                6
2    0  0  1  1  1  1  1  0  1  0   0   0   0   0   1   1   0   1   1   0                   0.0  -52.00                3
3    0  0  1  1  1  1  1  0  1  0   1   0   0   0   1   1   0   0   1   0                   0.0  -52.00                1
4    1  1  0  0  0  0  0  1  0  1   1   1   1   1   0   0   1   0   0   1                   0.0  -52.00                1
..  .. .. .. .. .. .. .. .. .. ..  ..  ..  ..  ..  ..  ..  ..  ..  ..  ..                   ...     ...              ...
403  1  0  1  0  0  1  0  1  0  0   1   0   1   1   1   0   0   0   1   0                   0.0  -43.75                1
404  1  1  0  0  1  0  1  0  1  0   0   1   1   0   1   0   1   1   0   1                   0.0  -43.75                1
405  0  1  1  1  0  1  0  0  0  1   1   0   1   1   0   0   0   1   1   0                   0.0  -43.00                1
406  1  1  0  0  1  0  0  0  1  1   0   0   1   1   0   1   1   0   0   1                   0.0  -42.00                1
407  1  1  1  0  1  1  1  0  0  0   0   0   1   1   0   1   0   0   1   1                   0.1  -46.75                1

[408 rows x 23 columns]
Valid partition found with 73 cut edges

Solution:  [1, 1, 0, 1, 0, 0, 0, 1, 0, 1, 0, 1, 1, 1, 0, 0, 1, 1, 0, 0]
--------------- DW_2000Q_6 ---------------
     0  1  2  3  4  5  6  7  8  9  10  11  ...  21  22  23  24  25  26  27  28  29  chain_break_fraction  energy  num_occurrences
0    1  1  0  0  0  0  1  0  0  0   1   1  ...   1   0   0   1   1   1   0   0   0              0.000000 -125.25                1
1    1  1  0  0  1  0  0  0  0  0   1   1  ...   0   0   0   1   1   1   0   0   1              0.000000 -124.25                1
2    1  1  0  0  1  0  1  0  0  0   1   1  ...   0   0   0   1   1   0   0   0   0              0.000000 -124.00                1
3    0  0  1  1  0  1  1  1  1  1   0   0  ...   0   1   1   0   0   1   1   1   1              0.000000 -123.25                1
4    1  1  0  0  1  0  0  0  0  0   1   1  ...   1   0   0   1   1   0   0   0   0              0.000000 -123.00                1
..  .. .. .. .. .. .. .. .. .. ..  ..  ..  ...  ..  ..  ..  ..  ..  ..  ..  ..  ..                   ...     ...              ...
495  0  1  0  1  1  1  0  0  0  0   1   1  ...   1   1   0   0   1   1   1   0   1              0.033333 -104.25                1
496  1  1  1  0  1  0  1  1  1  0   0   1  ...   0   1   0   0   0   1   0   0   0              0.033333 -107.00                1
497  0  1  1  0  1  0  0  0  0  0   0   1  ...   0   1   0   1   0   1   0   1   0              0.033333 -106.00                1
498  1  0  0  0  1  1  1  1  0  0   0   0  ...   0   1   0   1   1   1   1   1   1              0.033333 -108.00                1
499  1  0  1  0  1  0  0  0  0  0   1   1  ...   0   1   0   1   1   1   1   1   0              0.033333 -103.25                1

[500 rows x 33 columns]
Valid partition found with 156 cut edges

Solution:  [1, 1, 0, 0, 0, 0, 1, 0, 0, 0, 1, 1, 1, 1, 1, 1, 0, 1, 0, 1, 0, 1, 0, 0, 1, 1, 1, 0, 0, 0]
--------------- DW_2000Q_6 ---------------
     0  1  2  3  4  5  6  7  8  9  10  11  ...  31  32  33  34  35  36  37  38  39  chain_break_fraction  energy  num_occurrences
0    1  0  1  0  0  0  0  1  1  1   1   1  ...   0   0   0   1   0   1   1   0   0                 0.000 -213.00                1
1    1  0  1  0  0  0  0  0  0  1   1   1  ...   0   0   0   0   0   1   1   0   0                 0.000 -212.00                1
2    1  0  1  0  0  0  0  1  1  1   1   1  ...   0   1   0   0   0   0   1   0   0                 0.000 -210.00                1
3    1  0  1  0  1  1  0  0  1  1   1   1  ...   0   0   0   0   1   0   1   1   0                 0.000 -210.00                1
4    0  1  0  1  0  0  1  1  1  0   0   0  ...   1   1   0   1   1   1   0   1   1                 0.000 -210.00                1
..  .. .. .. .. .. .. .. .. .. ..  ..  ..  ...  ..  ..  ..  ..  ..  ..  ..  ..  ..                   ...     ...              ...
495  1  0  0  1  1  0  1  0  0  1   0   0  ...   0   1   0   1   0   1   1   1   1                 0.075 -192.75                1
496  0  0  1  0  1  0  0  0  0  1   0   0  ...   1   1   0   1   0   1   0   1   1                 0.075 -188.75                1
497  0  0  1  0  0  0  0  1  0  1   0   1  ...   0   1   0   0   0   1   0   0   1                 0.075 -186.75                1
498  0  1  0  1  1  0  1  0  0  1   0   0  ...   1   1   0   1   1   1   1   1   1                 0.100 -200.75                1
499  0  0  0  0  0  0  1  0  0  1   0   0  ...   0   0   0   0   0   1   1   0   1                 0.100 -184.00                1

[500 rows x 43 columns]
Valid partition found with 287 cut edges

Solution:  [1, 0, 1, 0, 0, 0, 0, 1, 1, 1, 1, 1, 1, 1, 0, 0, 1, 0, 1, 0, 0, 1, 1, 1, 0, 0, 1, 1, 0, 1, 0, 0, 0, 0, 1, 0, 1, 1, 0, 0]
--------------- DW_2000Q_6 ---------------
     0  1  2  3  4  5  6  7  8  9  10  11  ...  41  42  43  44  45  46  47  48  49  chain_break_fraction  energy  num_occurrences
0    0  1  1  0  1  1  0  1  1  1   1   0  ...   1   0   1   1   0   0   0   0   1                  0.00 -307.25                1
1    0  0  1  0  1  1  1  0  1  1   1   0  ...   1   0   1   1   1   0   0   1   1                  0.00 -303.25                1
2    0  1  0  0  0  0  1  0  1  1   0   1  ...   1   1   1   0   1   1   0   0   1                  0.00 -300.25                1
3    0  1  0  0  1  0  1  1  1  1   0   1  ...   1   0   1   1   0   0   0   0   1                  0.00 -300.00                1
4    0  0  1  1  1  1  1  0  1  0   0   1  ...   1   0   1   0   1   1   0   1   1                  0.00 -299.00                1
..  .. .. .. .. .. .. .. .. .. ..  ..  ..  ...  ..  ..  ..  ..  ..  ..  ..  ..  ..                   ...     ...              ...
495  1  0  1  1  1  0  0  1  1  0   1   1  ...   1   1   0   1   0   0   0   0   1                  0.12 -278.00                1
496  1  0  0  0  1  0  1  1  0  0   1   1  ...   1   0   0   1   1   0   0   1   1                  0.08 -281.00                1
497  1  0  0  1  1  0  0  1  0  1   1   1  ...   1   0   0   0   0   0   0   1   1                  0.14 -281.00                1
498  1  0  0  0  1  1  0  1  1  0   1   0  ...   0   0   0   1   1   0   1   1   1                  0.14 -283.25                1
499  1  0  0  1  1  0  0  1  0  1   1   1  ...   1   0   0   1   1   0   1   1   1                  0.18 -282.00                1

[500 rows x 53 columns]
No valid partition found
--------------- DW_2000Q_6 ---------------
     0  1  2  3  4  5  6  7  8  9  10  11  ...  51  52  53  54  55  56  57  58  59  chain_break_fraction  energy  num_occurrences
0    0  0  1  1  1  0  1  0  0  0   1   1  ...   0   0   0   1   1   0   1   1   1              0.000000 -436.75                1
1    0  1  1  1  1  0  0  1  0  1   1   0  ...   0   0   1   0   0   0   0   0   1              0.000000 -436.00                1
2    0  0  1  1  1  0  0  1  0  1   1   1  ...   0   1   1   0   0   0   1   1   0              0.000000 -435.75                1
3    0  1  1  1  0  1  0  0  0  1   1   0  ...   0   1   1   0   0   0   0   1   0              0.000000 -432.75                1
4    0  1  1  1  1  1  1  0  0  1   0   0  ...   0   0   1   0   0   0   0   1   1              0.000000 -432.75                1
..  .. .. .. .. .. .. .. .. .. ..  ..  ..  ...  ..  ..  ..  ..  ..  ..  ..  ..  ..                   ...     ...              ...
495  0  1  0  0  0  1  0  1  0  0   1   0  ...   1   0   1   1   0   1   1   0   1              0.066667 -411.75                1
496  1  1  0  1  1  0  0  1  0  1   0   1  ...   1   0   1   1   1   1   1   0   1              0.166667 -405.00                1
497  0  0  1  0  1  1  1  0  1  0   1   0  ...   0   1   0   0   0   0   1   1   0              0.150000 -415.75                1
498  1  0  1  1  1  1  1  0  1  0   1   1  ...   0   0   0   0   1   0   1   0   1              0.150000 -419.00                1
499  0  1  1  0  1  0  0  0  0  1   1   1  ...   1   1   1   1   0   1   0   1   1              0.150000 -393.75                1

[500 rows x 63 columns]