--------------- DW_2000Q_6 ---------------
     0  1  2  3  4  5  6  7  8  9  10  11  12  13  14  15  16  17  18  19  chain_break_fraction  energy  num_occurrences
0    0  0  0  1  0  1  0  0  1  0   1   1   1   0   1   0   1   1   1   0                  0.00  -59.00                1
1    1  1  1  0  1  0  1  1  0  1   0   0   0   1   0   1   0   1   0   0                  0.00  -59.00                1
2    1  1  1  0  1  0  1  1  0  1   0   0   0   1   0   1   0   1   0   1                  0.00  -58.75                1
3    0  1  0  0  1  0  1  0  1  0   1   1   1   0   1   1   0   1   0   0                  0.00  -58.00                1
4    0  1  0  0  1  0  1  1  1  0   1   1   0   0   1   1   0   1   0   0                  0.00  -58.00                1
..  .. .. .. .. .. .. .. .. .. ..  ..  ..  ..  ..  ..  ..  ..  ..  ..  ..                   ...     ...              ...
468  1  1  0  0  1  1  0  0  0  1   0   0   1   1   0   1   0   1   0   0                  0.05  -54.75                1
469  1  0  0  0  1  0  1  1  0  1   1   1   0   0   0   0   1   1   1   0                  0.05  -53.00                1
470  0  0  0  1  1  1  0  0  0  1   1   0   0   1   1   0   0   1   1   1                  0.05  -53.00                1
471  0  1  1  0  1  1  1  1  1  1   0   0   0   0   1   1   0   0   0   0                  0.05  -53.00                1
472  1  1  1  0  1  0  0  1  0  1   1   1   0   0   1   0   0   1   0   0                  0.05  -50.00                1

[473 rows x 23 columns]
Valid partition found with 66 cut edges

Solution:  [0, 0, 0, 1, 0, 1, 0, 0, 1, 0, 1, 1, 1, 0, 1, 0, 1, 1, 1, 0]
--------------- DW_2000Q_6 ---------------
     0  1  2  3  4  5  6  7  8  9  10  11  ...  21  22  23  24  25  26  27  28  29  chain_break_fraction  energy  num_occurrences
0    0  1  0  1  0  0  0  0  0  1   0   1  ...   0   1   0   1   1   0   1   1   0              0.000000 -125.25                1
1    1  0  1  0  1  1  0  0  1  0   0   1  ...   0   0   1   0   0   1   0   1   1              0.000000 -125.25                1
2    0  1  0  1  0  0  0  0  0  1   0   1  ...   0   1   1   1   1   1   0   0   0              0.000000 -124.25                1
3    0  1  0  1  1  0  1  0  0  1   1   0  ...   0   1   0   1   1   0   0   0   0              0.000000 -124.00                1
4    0  0  0  1  1  0  0  0  0  1   0   1  ...   0   1   0   0   1   1   1   0   0              0.000000 -124.00                1
..  .. .. .. .. .. .. .. .. .. ..  ..  ..  ...  ..  ..  ..  ..  ..  ..  ..  ..  ..                   ...     ...              ...
495  1  1  0  0  0  1  0  0  0  0   0   1  ...   0   1   1   1   1   0   0   0   1              0.066667 -111.25                1
496  0  1  0  1  0  0  1  0  0  1   0   1  ...   0   1   1   1   0   1   0   1   1              0.066667 -116.00                1
497  1  0  0  1  1  1  0  0  1  0   0   1  ...   1   1   1   0   1   0   1   0   1              0.033333 -108.25                1
498  0  0  1  1  1  0  0  1  1  0   0   0  ...   1   1   0   1   0   1   1   0   0              0.066667 -105.25                1
499  0  1  1  1  0  1  0  0  1  0   1   0  ...   0   1   0   1   1   0   0   0   0              0.033333 -115.25                1

[500 rows x 33 columns]
Valid partition found with 156 cut edges

Solution:  [0, 1, 0, 1, 0, 0, 0, 0, 0, 1, 0, 1, 1, 0, 1, 0, 1, 1, 1, 0, 1, 0, 1, 0, 1, 1, 0, 1, 1, 0]
--------------- DW_2000Q_6 ---------------
     0  1  2  3  4  5  6  7  8  9  10  11  ...  31  32  33  34  35  36  37  38  39  chain_break_fraction  energy  num_occurrences
0    0  1  1  1  1  1  0  1  1  0   1   0  ...   0   1   1   1   0   0   1   1   1                 0.000 -215.00                1
1    1  0  0  1  1  1  1  1  1  0   0   0  ...   0   1   1   1   0   1   1   1   1                 0.000 -213.00                1
2    1  1  1  1  0  0  1  0  1  1   1   1  ...   0   0   1   1   1   1   1   0   1                 0.000 -211.75                1
3    1  1  1  1  0  1  0  1  1  1   1   0  ...   0   0   0   0   1   0   1   1   1                 0.000 -211.75                1
4    1  1  1  1  0  1  0  1  0  0   0   1  ...   1   1   0   0   1   1   1   0   1                 0.000 -211.00                1
..  .. .. .. .. .. .. .. .. .. ..  ..  ..  ...  ..  ..  ..  ..  ..  ..  ..  ..  ..                   ...     ...              ...
495  1  1  1  1  0  1  0  1  1  1   0   1  ...   0   0   1   0   0   0   1   1   1                 0.075 -198.00                1
496  0  0  1  1  0  1  0  1  1  1   1   1  ...   0   1   1   0   1   0   1   1   1                 0.100 -191.75                1
497  1  1  1  1  0  1  0  1  1  1   0   1  ...   1   0   0   1   1   0   1   1   1                 0.125 -198.00                1
498  1  0  1  0  1  1  0  1  1  1   0   1  ...   0   0   0   0   1   0   1   1   1                 0.100 -187.00                1
499  0  0  1  1  1  0  1  1  1  1   1   1  ...   0   0   0   0   0   0   1   1   1                 0.075 -182.75                1

[500 rows x 43 columns]
Valid partition found with 285 cut edges

Solution:  [0, 1, 1, 1, 1, 1, 0, 1, 1, 0, 1, 0, 0, 1, 0, 0, 0, 1, 1, 1, 0, 1, 0, 0, 0, 0, 0, 0, 0, 1, 0, 0, 1, 1, 1, 0, 0, 1, 1, 1]
--------------- DW_2000Q_6 ---------------
     0  1  2  3  4  5  6  7  8  9  10  11  ...  41  42  43  44  45  46  47  48  49  chain_break_fraction  energy  num_occurrences
0    0  1  0  1  0  1  0  0  0  1   1   0  ...   0   1   0   1   0   0   0   1   1                  0.00 -318.00                1
1    1  0  0  0  0  1  0  0  0  1   1   1  ...   1   1   1   1   1   1   0   1   1                  0.00 -316.25                1
2    1  0  0  0  0  1  1  1  1  1   1   0  ...   1   1   1   0   1   0   1   1   1                  0.00 -316.25                1
3    1  0  0  1  0  1  0  0  0  1   1   0  ...   0   1   0   1   0   0   0   0   1                  0.00 -315.25                1
4    0  1  1  1  0  1  1  0  0  1   0   0  ...   0   0   0   1   0   0   0   0   1                  0.00 -315.00                1
..  .. .. .. .. .. .. .. .. .. ..  ..  ..  ...  ..  ..  ..  ..  ..  ..  ..  ..  ..                   ...     ...              ...
495  1  0  0  1  0  0  0  1  0  1   1   1  ...   1   0   1   0   1   0   1   0   1                  0.08 -300.00                1
496  0  1  0  1  0  0  0  1  0  0   1   0  ...   0   0   0   0   1   1   0   1   0                  0.12 -293.25                1
497  1  1  0  0  1  0  1  1  0  0   1   0  ...   0   1   0   1   0   0   0   1   1                  0.12 -289.00                1
498  1  0  0  1  0  0  0  0  0  0   1   0  ...   1   0   1   0   1   0   1   0   1                  0.08 -290.25                1
499  0  1  0  0  1  0  0  1  0  1   1   0  ...   0   0   0   1   0   1   0   0   0                  0.16 -282.25                1

[500 rows x 53 columns]
No valid partition found
--------------- DW_2000Q_6 ---------------
     0  1  2  3  4  5  6  7  8  9  10  11  ...  51  52  53  54  55  56  57  58  59  chain_break_fraction  energy  num_occurrences
0    1  0  1  1  0  0  0  1  0  1   0   1  ...   1   1   1   1   0   1   1   0   1              0.000000 -457.75                1
1    1  0  1  1  0  0  0  1  1  1   0   0  ...   0   0   0   1   0   0   1   0   1              0.000000 -455.75                1
2    0  0  1  0  0  0  0  0  0  1   1   1  ...   0   1   1   1   1   0   1   1   1              0.000000 -455.00                1
3    1  1  0  1  0  1  0  1  0  1   0   1  ...   0   1   1   1   0   1   1   0   1              0.000000 -454.75                1
4    0  0  1  0  0  0  0  0  0  1   0   1  ...   0   1   1   1   1   1   0   0   1              0.000000 -454.75                1
..  .. .. .. .. .. .. .. .. .. ..  ..  ..  ...  ..  ..  ..  ..  ..  ..  ..  ..  ..                   ...     ...              ...
495  1  0  1  1  1  0  1  0  0  1   1   1  ...   1   0   1   1   1   0   1   0   1              0.133333 -422.00                1
496  0  0  1  0  0  0  1  0  0  1   0   0  ...   1   0   1   1   1   0   1   0   1              0.150000 -419.00                1
497  0  1  0  1  0  1  0  1  1  0   0   0  ...   0   0   1   0   0   1   1   0   0              0.133333 -423.75                1
498  1  0  1  1  1  1  0  0  1  1   0   1  ...   0   1   0   0   0   1   0   1   0              0.150000 -425.00                1
499  0  0  1  0  0  0  1  0  0  1   0   1  ...   1   0   1   1   1   0   1   0   1              0.166667 -424.75                1

[500 rows x 63 columns]
No valid partition found