--------------- DW_2000Q_6 ---------------
   0  1  2  3  4  5  chain_break_fraction  energy  num_occurrences
0  0  1  0  0  1  1              0.000000   -8.25              150
1  1  0  1  1  0  0              0.000000   -8.25              278
2  0  1  0  1  1  1              0.000000   -8.00               41
3  1  0  1  0  0  0              0.000000   -8.00               28
4  1  1  1  1  0  0              0.166667   -6.00                1
5  1  0  1  0  1  0              0.000000   -6.25                1
6  0  1  0  1  1  1              0.166667   -8.00                1
Valid partition found with 3 cut edges

Solution:  [0, 1, 0, 0, 1, 1]
--------------- DW_2000Q_6 ---------------
   0  1  2  3  4  5  chain_break_fraction  energy  num_occurrences
0  0  1  0  0  1  1                   0.0   -8.25              226
1  1  0  1  1  0  0                   0.0   -8.25              184
2  0  1  0  1  1  1                   0.0   -8.00               48
3  1  0  1  0  0  0                   0.0   -8.00               40
4  1  1  0  0  0  1                   0.0   -6.25                1
5  1  0  0  1  0  1                   0.0   -6.25                1
Valid partition found with 3 cut edges

Solution:  [0, 1, 0, 0, 1, 1]
--------------- DW_2000Q_6 ---------------
   0  1  2  3  4  5  chain_break_fraction  energy  num_occurrences
0  1  0  1  1  0  0                   0.0   -8.25              153
1  0  1  0  0  1  1                   0.0   -8.25              285
2  1  0  1  0  0  0                   0.0   -8.00               37
3  0  1  0  1  1  1                   0.0   -8.00               22
4  0  0  1  0  1  1                   0.0   -6.25                1
5  0  1  1  0  1  0                   0.0   -6.25                1
6  1  1  1  0  0  0                   0.0   -6.25                1
Valid partition found with 3 cut edges

Solution:  [1, 0, 1, 1, 0, 0]
--------------- DW_2000Q_6 ---------------
   0  1  2  3  4  5  chain_break_fraction  energy  num_occurrences
0  0  1  0  0  1  1                   0.0   -8.25              215
1  1  0  1  1  0  0                   0.0   -8.25              219
2  0  1  0  1  1  1                   0.0   -8.00               26
3  1  0  1  0  0  0                   0.0   -8.00               39
4  1  0  1  0  1  0                   0.0   -6.25                1
Valid partition found with 3 cut edges

Solution:  [0, 1, 0, 0, 1, 1]
--------------- DW_2000Q_6 ---------------
   0  1  2  3  4  5  chain_break_fraction  energy  num_occurrences
0  1  0  1  1  0  0                   0.0   -8.25              148
1  0  1  0  0  1  1                   0.0   -8.25              267
2  1  0  1  0  0  0                   0.0   -8.00               15
3  0  1  0  1  1  1                   0.0   -8.00               68
4  0  1  1  1  0  0                   0.0   -6.25                1
5  0  1  1  0  1  1                   0.0   -6.00                1
Valid partition found with 3 cut edges

Solution:  [1, 0, 1, 1, 0, 0]
--------------- DW_2000Q_6 ---------------
   0  1  2  3  4  5  chain_break_fraction  energy  num_occurrences
0  1  0  1  1  0  0                   0.0   -8.25              260
1  0  1  0  0  1  1                   0.0   -8.25              157
2  0  1  0  1  1  1                   0.0   -8.00               37
3  1  0  1  0  0  0                   0.0   -8.00               39
4  0  0  1  1  1  0                   0.0   -6.25                1
5  1  1  0  0  0  1                   0.0   -6.25                1
6  1  0  1  0  0  1                   0.0   -6.25                2
7  0  0  1  0  1  1                   0.0   -6.25                1
8  0  1  1  1  0  0                   0.0   -6.25                1
9  1  0  1  1  1  0                   0.0   -6.00                1
Valid partition found with 3 cut edges

Solution:  [1, 0, 1, 1, 0, 0]
--------------- DW_2000Q_6 ---------------
    0  1  2  3  4  5  chain_break_fraction  energy  num_occurrences
0   0  1  0  0  1  1                   0.0   -8.25              204
1   1  0  1  1  0  0                   0.0   -8.25              215
2   0  1  0  1  1  1                   0.0   -8.00               45
3   1  0  1  0  0  0                   0.0   -8.00               19
4   1  0  1  0  0  1                   0.0   -6.25                1
5   1  0  0  1  1  0                   0.0   -6.25                3
6   1  1  0  0  0  1                   0.0   -6.25                2
7   0  1  0  1  1  0                   0.0   -6.25                1
8   1  1  0  1  0  0                   0.0   -6.25                2
9   0  0  1  0  1  1                   0.0   -6.25                1
10  1  0  0  0  1  1                   0.0   -6.25                1
11  0  1  0  1  0  1                   0.0   -6.25                2
12  1  0  1  0  1  0                   0.0   -6.25                1
13  0  1  1  0  1  0                   0.0   -6.25                1
14  0  0  1  1  1  1                   0.0   -6.00                1
15  1  0  0  1  0  0                   0.0   -6.00                1
Valid partition found with 3 cut edges

Solution:  [0, 1, 0, 0, 1, 1]
--------------- DW_2000Q_6 ---------------
   0  1  2  3  4  5  chain_break_fraction  energy  num_occurrences
0  0  1  0  0  1  1                   0.0   -8.25              240
1  1  0  1  1  0  0                   0.0   -8.25              207
2  1  0  1  0  0  0                   0.0   -8.00               24
3  0  1  0  1  1  1                   0.0   -8.00               29
Valid partition found with 3 cut edges

Solution:  [0, 1, 0, 0, 1, 1]
--------------- DW_2000Q_6 ---------------
    0  1  2  3  4  5  chain_break_fraction  energy  num_occurrences
0   0  1  0  0  1  1                   0.0   -8.25              280
1   1  0  1  1  0  0                   0.0   -8.25              142
2   0  1  0  1  1  1                   0.0   -8.00               35
3   1  0  1  0  0  0                   0.0   -8.00               33
4   1  0  0  0  1  1                   0.0   -6.25                1
5   1  0  0  1  0  1                   0.0   -6.25                1
6   0  0  1  1  0  1                   0.0   -6.25                1
7   1  0  1  0  1  0                   0.0   -6.25                1
8   0  1  1  0  0  1                   0.0   -6.25                1
9   0  0  1  1  1  0                   0.0   -6.25                1
10  1  1  0  0  0  1                   0.0   -6.25                1
11  0  1  0  1  1  0                   0.0   -6.25                1
12  0  1  1  1  1  0                   0.0   -6.00                1
13  1  0  0  1  0  0                   0.0   -6.00                1
Valid partition found with 3 cut edges

Solution:  [0, 1, 0, 0, 1, 1]
--------------- DW_2000Q_6 ---------------
    0  1  2  3  4  5  chain_break_fraction  energy  num_occurrences
0   1  0  1  1  0  0                   0.0   -8.25              200
1   0  1  0  0  1  1                   0.0   -8.25              213
2   1  0  1  0  0  0                   0.0   -8.00               42
3   0  1  0  1  1  1                   0.0   -8.00               36
4   0  0  1  1  1  0                   0.0   -6.25                1
5   1  1  0  0  0  1                   0.0   -6.25                1
6   0  1  1  1  0  0                   0.0   -6.25                1
7   1  0  0  0  1  1                   0.0   -6.25                1
8   1  1  0  0  1  0                   0.0   -6.25                1
9   0  1  0  1  1  0                   0.0   -6.25                1
10  1  1  0  0  1  1                   0.0   -6.00                2
11  0  1  1  1  1  0                   0.0   -6.00                1
Valid partition found with 3 cut edges

Solution:  [1, 0, 1, 1, 0, 0]
--------------- DW_2000Q_6 ---------------
   0  1  2  3  4  5  chain_break_fraction  energy  num_occurrences
0  1  0  1  1  0  0                   0.0   -8.25              115
1  0  1  0  0  1  1                   0.0   -8.25              336
2  1  0  1  0  0  0                   0.0   -8.00               11
3  0  1  0  1  1  1                   0.0   -8.00               37
4  1  1  1  0  0  0                   0.0   -6.25                1
Valid partition found with 3 cut edges

Solution:  [1, 0, 1, 1, 0, 0]
--------------- DW_2000Q_6 ---------------
   0  1  2  3  4  5  chain_break_fraction  energy  num_occurrences
0  1  0  1  1  0  0                   0.0   -8.25              196
1  0  1  0  0  1  1                   0.0   -8.25              255
2  1  0  1  0  0  0                   0.0   -8.00               15
3  0  1  0  1  1  1                   0.0   -8.00               34
Valid partition found with 3 cut edges

Solution:  [1, 0, 1, 1, 0, 0]
--------------- DW_2000Q_6 ---------------
    0  1  2  3  4  5  chain_break_fraction  energy  num_occurrences
0   1  0  1  1  0  0                   0.0   -8.25              288
1   0  1  0  0  1  1                   0.0   -8.25              137
2   1  0  1  0  0  0                   0.0   -8.00               23
3   0  1  0  1  1  1                   0.0   -8.00               42
4   0  0  1  1  0  1                   0.0   -6.25                2
5   0  1  1  0  0  1                   0.0   -6.25                1
6   1  1  0  1  0  0                   0.0   -6.25                1
7   0  0  0  1  1  1                   0.0   -6.25                1
8   0  1  0  1  0  1                   0.0   -6.25                1
9   0  0  1  1  1  0                   0.0   -6.25                1
10  1  0  1  0  0  1                   0.0   -6.25                1
11  1  0  0  1  1  0                   0.0   -6.25                1
12  0  0  1  1  1  1                   0.0   -6.00                1
Valid partition found with 3 cut edges

Solution:  [1, 0, 1, 1, 0, 0]
--------------- DW_2000Q_6 ---------------
   0  1  2  3  4  5  chain_break_fraction  energy  num_occurrences
0  0  1  0  0  1  1                   0.0   -8.25              253
1  1  0  1  1  0  0                   0.0   -8.25              179
2  0  1  0  1  1  1                   0.0   -8.00               35
3  1  0  1  0  0  0                   0.0   -8.00               33
Valid partition found with 3 cut edges

Solution:  [0, 1, 0, 0, 1, 1]
--------------- DW_2000Q_6 ---------------
   0  1  2  3  4  5  chain_break_fraction  energy  num_occurrences
0  1  0  1  1  0  0                   0.0   -8.25              200
1  0  1  0  0  1  1                   0.0   -8.25              210
2  0  1  0  1  1  1                   0.0   -8.00               35
3  1  0  1  0  0  0                   0.0   -8.00               52
4  1  0  1  0  1  0                   0.0   -6.25                1
5  0  1  0  1  0  1                   0.0   -6.25                1
6  0  1  1  0  1  1                   0.0   -6.00                1
Valid partition found with 3 cut edges

Solution:  [1, 0, 1, 1, 0, 0]
--------------- DW_2000Q_6 ---------------
    0  1  2  3  4  5  chain_break_fraction  energy  num_occurrences
0   0  1  0  0  1  1                   0.0   -8.25              212
1   1  0  1  1  0  0                   0.0   -8.25              206
2   1  0  1  0  0  0                   0.0   -8.00               31
3   0  1  0  1  1  1                   0.0   -8.00               28
4   0  0  1  1  1  0                   0.0   -6.25                1
5   1  0  1  0  0  1                   0.0   -6.25                1
6   1  1  0  0  1  0                   0.0   -6.25                4
7   0  0  1  0  1  1                   0.0   -6.25                3
8   1  1  0  1  0  0                   0.0   -6.25                2
9   0  0  1  1  0  1                   0.0   -6.25                1
10  0  1  0  1  1  0                   0.0   -6.25                2
11  0  1  1  0  0  1                   0.0   -6.25                1
12  0  1  0  1  0  1                   0.0   -6.25                1
13  1  0  0  0  1  1                   0.0   -6.25                1
14  0  1  1  0  1  0                   0.0   -6.25                1
15  1  1  1  0  0  0                   0.0   -6.25                2
16  0  1  1  1  0  0                   0.0   -6.25                1
17  1  1  0  1  1  0                   0.0   -6.00                1
18  1  1  0  0  1  1                   0.0   -6.00                1
Valid partition found with 3 cut edges

Solution:  [0, 1, 0, 0, 1, 1]
--------------- DW_2000Q_6 ---------------
   0  1  2  3  4  5  chain_break_fraction  energy  num_occurrences
0  0  1  0  0  1  1                   0.0   -8.25              176
1  1  0  1  1  0  0                   0.0   -8.25              264
2  0  1  0  1  1  1                   0.0   -8.00               30
3  1  0  1  0  0  0                   0.0   -8.00               30
Valid partition found with 3 cut edges

Solution:  [0, 1, 0, 0, 1, 1]
--------------- DW_2000Q_6 ---------------
   0  1  2  3  4  5  chain_break_fraction  energy  num_occurrences
0  1  0  1  1  0  0                   0.0   -8.25              341
1  0  1  0  0  1  1                   0.0   -8.25              115
2  1  0  1  0  0  0                   0.0   -8.00               25
3  0  1  0  1  1  1                   0.0   -8.00               14
4  1  0  1  0  0  1                   0.0   -6.25                1
5  1  0  0  1  1  0                   0.0   -6.25                1
6  0  1  1  0  0  1                   0.0   -6.25                1
7  1  1  1  1  0  0                   0.0   -6.00                1
8  1  0  1  1  1  0                   0.0   -6.00                1
Valid partition found with 3 cut edges

Solution:  [1, 0, 1, 1, 0, 0]
--------------- DW_2000Q_6 ---------------
   0  1  2  3  4  5  chain_break_fraction  energy  num_occurrences
0  0  1  0  0  1  1                   0.0   -8.25              113
1  1  0  1  1  0  0                   0.0   -8.25              341
2  1  0  1  0  0  0                   0.0   -8.00               23
3  0  1  0  1  1  1                   0.0   -8.00               20
4  0  0  0  1  1  1                   0.0   -6.25                1
5  1  1  1  0  0  0                   0.0   -6.25                1
6  1  1  0  0  1  0                   0.0   -6.25                1
Valid partition found with 3 cut edges

Solution:  [0, 1, 0, 0, 1, 1]
--------------- DW_2000Q_6 ---------------
   0  1  2  3  4  5  chain_break_fraction  energy  num_occurrences
0  1  0  1  1  0  0                   0.0   -8.25              258
1  0  1  0  0  1  1                   0.0   -8.25              190
2  0  1  0  1  1  1                   0.0   -8.00               33
3  1  0  1  0  0  0                   0.0   -8.00               19
Valid partition found with 3 cut edges

Solution:  [1, 0, 1, 1, 0, 0]