--------------- DW_2000Q_6 ---------------
    0  1  2  3  4  5  chain_break_fraction  energy  num_occurrences
0   1  0  1  1  1  1              0.833333   -3.25                8
1   0  1  1  1  1  1              0.666667   -5.25                6
2   1  1  0  1  0  1              0.666667   -6.00               12
3   1  0  1  1  0  1              0.833333   -6.00                9
4   1  0  1  1  0  1              0.666667   -6.00               16
5   0  1  1  1  1  1              0.833333   -5.25               20
6   0  0  1  1  1  1              0.666667   -6.00               10
7   1  1  1  1  0  1              0.833333   -3.25               12
8   1  1  1  1  0  1              1.000000   -3.25               14
9   1  1  0  1  1  1              0.666667   -5.25               25
10  1  1  0  1  1  1              0.833333   -5.25               20
11  1  0  1  1  1  1              0.833333   -3.25                3
12  1  0  1  1  1  1              0.666667   -3.25                8
13  0  0  1  1  0  1              0.666667   -6.25               37
14  1  1  1  1  0  1              0.666667   -3.25               20
15  1  0  1  1  0  1              0.833333   -6.00               17
16  0  0  1  1  1  1              0.833333   -6.00               25
17  1  0  0  1  1  1              0.666667   -6.00               10
18  0  1  1  1  1  1              0.666667   -5.25               15
19  0  0  1  1  1  1              0.666667   -6.00               16
20  1  1  0  1  1  1              0.666667   -5.25                9
21  1  0  1  1  0  1              0.666667   -6.00               16
22  1  1  1  1  0  1              0.666667   -3.25                9
23  1  1  0  1  0  1              0.833333   -6.00               23
24  1  1  0  1  0  1              0.666667   -6.00               23
25  1  0  0  1  0  1              0.666667   -6.25               14
26  1  0  1  1  1  1              0.833333   -3.25               13
27  1  1  1  1  0  1              0.833333   -3.25               10
28  0  1  1  1  0  1              0.666667   -6.00               29
29  1  0  1  1  1  1              1.000000   -3.25                9
30  1  1  1  1  0  1              0.833333   -3.25               21
31  1  0  1  1  1  1              0.666667   -3.25               21
Valid partition found with 5 cut edges

Solution:  [1, 0, 0, 1, 0, 1]
--------------- DW_2000Q_6 ---------------
    0  1  2  3  4  5  chain_break_fraction  energy  num_occurrences
0   1  0  1  1  1  0              0.333333   -6.00              239
1   1  1  1  0  0  1              0.333333   -4.00              231
2   1  1  1  1  1  0              0.500000   -3.25                7
3   1  1  1  0  0  1              0.500000   -4.00                3
4   1  1  1  0  1  1              0.500000   -1.25                1
5   1  1  1  1  0  1              0.500000   -3.25                3
6   1  1  1  0  0  1              0.500000   -4.00                4
7   1  0  1  1  1  1              0.500000   -3.25                1
8   1  0  1  1  1  0              0.500000   -6.00                3
9   1  0  1  0  1  0              0.500000   -6.25                3
10  1  1  1  0  0  1              0.500000   -4.00                3
11  1  0  1  1  1  0              0.500000   -6.00                2
Valid partition found with 5 cut edges

Solution:  [1, 0, 1, 0, 1, 0]
--------------- DW_2000Q_6 ---------------
    0  1  2  3  4  5  chain_break_fraction  energy  num_occurrences
0   0  1  0  0  1  1                   0.0   -8.25              313
1   1  0  1  1  0  0                   0.0   -8.25              138
2   1  0  1  0  0  0                   0.0   -8.00                6
3   0  1  0  1  1  1                   0.0   -8.00               11
4   0  0  0  1  1  1                   0.5   -6.25                3
5   0  1  1  0  1  1                   0.5   -6.00                3
6   0  1  0  1  1  1                   0.5   -8.00                1
7   0  0  1  1  1  1                   0.5   -6.00                2
8   1  0  0  1  1  1                   0.5   -6.00                1
9   0  1  1  1  1  1                   0.5   -5.25                1
10  0  0  1  1  1  1                   0.5   -6.00                3
11  1  1  0  1  1  1                   0.5   -5.25                1
12  1  0  1  1  1  1                   0.5   -3.25                1
13  1  1  0  1  0  1                   0.5   -6.00                1
14  0  0  1  0  1  1                   0.5   -6.25                2
15  1  1  1  1  0  1                   0.5   -3.25                1
16  1  0  1  0  1  1                   0.5   -4.00                2
17  1  0  0  0  1  1                   0.5   -6.25                1
18  1  0  0  1  0  1                   0.5   -6.25                4
19  1  1  0  1  1  1                   0.5   -5.25                1
20  1  1  0  0  1  1                   0.5   -6.00                2
21  1  0  0  0  0  1                   0.5   -6.00                2
Valid partition found with 3 cut edges

Solution:  [0, 1, 0, 0, 1, 1]
--------------- DW_2000Q_6 ---------------
   0  1  2  3  4  5  chain_break_fraction  energy  num_occurrences
0  1  0  1  1  0  0                   0.0   -8.25              195
1  0  1  0  0  1  1                   0.0   -8.25              227
2  1  0  1  0  0  0                   0.0   -8.00               38
3  0  1  0  1  1  1                   0.0   -8.00               34
4  1  1  0  1  0  0                   0.0   -6.25                1
5  0  1  1  0  0  1                   0.0   -6.25                1
6  1  0  0  1  0  1                   0.0   -6.25                1
7  0  1  1  0  1  0                   0.0   -6.25                1
8  1  0  1  0  1  0                   0.0   -6.25                1
9  1  0  0  0  1  0                   0.0   -6.00                1
Valid partition found with 3 cut edges

Solution:  [1, 0, 1, 1, 0, 0]
--------------- DW_2000Q_6 ---------------
   0  1  2  3  4  5  chain_break_fraction  energy  num_occurrences
0  0  1  0  0  1  1                   0.0   -8.25              191
1  1  0  1  1  0  0                   0.0   -8.25              192
2  1  0  1  0  0  0                   0.0   -8.00               78
3  0  1  0  1  1  1                   0.0   -8.00               34
4  1  1  0  0  0  1                   0.0   -6.25                1
5  1  0  1  0  1  0                   0.0   -6.25                2
6  1  1  0  0  1  1                   0.0   -6.00                1
7  0  1  0  0  1  0                   0.0   -6.00                1
Valid partition found with 3 cut edges

Solution:  [0, 1, 0, 0, 1, 1]
--------------- DW_2000Q_6 ---------------
   0  1  2  3  4  5  chain_break_fraction  energy  num_occurrences
0  0  1  0  0  1  1                   0.0   -8.25              306
1  1  0  1  1  0  0                   0.0   -8.25               80
2  0  1  0  1  1  1                   0.0   -8.00               42
3  1  0  1  0  0  0                   0.0   -8.00               63
4  1  0  0  0  1  1                   0.0   -6.25                2
5  0  1  1  1  0  0                   0.0   -6.25                3
6  1  1  0  0  1  0                   0.0   -6.25                1
7  1  0  1  0  1  0                   0.0   -6.25                1
8  0  1  1  0  0  1                   0.0   -6.25                1
9  0  1  1  0  1  1                   0.0   -6.00                1
Valid partition found with 3 cut edges

Solution:  [0, 1, 0, 0, 1, 1]
--------------- DW_2000Q_6 ---------------
    0  1  2  3  4  5  chain_break_fraction  energy  num_occurrences
0   1  0  1  1  0  0                   0.0   -8.25              208
1   0  1  0  0  1  1                   0.0   -8.25              139
2   1  0  1  0  0  0                   0.0   -8.00               86
3   0  1  0  1  1  1                   0.0   -8.00               52
4   1  0  0  0  1  1                   0.0   -6.25                1
5   1  0  1  0  1  0                   0.0   -6.25                1
6   1  1  0  0  1  0                   0.0   -6.25                1
7   0  1  0  1  0  1                   0.0   -6.25                1
8   0  1  1  0  1  0                   0.0   -6.25                2
9   1  1  0  1  0  0                   0.0   -6.25                1
10  0  0  0  1  1  1                   0.0   -6.25                2
11  0  1  1  1  0  1                   0.0   -6.00                1
12  0  0  1  0  1  0                   0.0   -6.00                1
13  1  0  0  1  0  0                   0.0   -6.00                1
14  0  1  0  0  1  0                   0.0   -6.00                1
15  0  1  1  0  0  0                   0.0   -6.00                1
16  0  0  1  1  1  1                   0.0   -6.00                1
Valid partition found with 3 cut edges

Solution:  [1, 0, 1, 1, 0, 0]
--------------- DW_2000Q_6 ---------------
    0  1  2  3  4  5  chain_break_fraction  energy  num_occurrences
0   1  0  1  1  0  0                   0.0   -8.25              150
1   0  1  0  0  1  1                   0.0   -8.25              199
2   1  0  1  0  0  0                   0.0   -8.00               48
3   0  1  0  1  1  1                   0.0   -8.00               68
4   0  1  1  0  1  0                   0.0   -6.25                1
5   1  0  0  1  1  0                   0.0   -6.25                2
6   1  0  0  1  0  1                   0.0   -6.25                1
7   1  1  0  0  0  1                   0.0   -6.25                1
8   1  0  1  0  1  0                   0.0   -6.25                2
9   0  0  1  1  0  1                   0.0   -6.25                3
10  0  0  0  1  1  1                   0.0   -6.25                1
11  0  1  1  1  0  0                   0.0   -6.25                2
12  0  1  0  1  1  0                   0.0   -6.25                1
13  1  1  1  0  0  0                   0.0   -6.25                1
14  1  0  0  0  1  1                   0.0   -6.25                1
15  0  0  1  1  1  0                   0.0   -6.25                4
16  1  1  0  0  1  0                   0.0   -6.25                1
17  1  0  1  1  1  0                   0.0   -6.00                1
18  0  0  1  1  0  0                   0.0   -6.00                2
19  0  0  1  1  1  1                   0.0   -6.00                3
20  1  0  1  1  0  1                   0.0   -6.00                1
21  1  0  0  0  0  1                   0.0   -6.00                3
22  1  0  0  1  0  0                   0.0   -6.00                1
23  0  0  1  0  0  1                   0.0   -6.00                1
24  0  0  0  0  1  1                   0.0   -6.00                2
Valid partition found with 3 cut edges

Solution:  [1, 0, 1, 1, 0, 0]
--------------- DW_2000Q_6 ---------------
    0  1  2  3  4  5  chain_break_fraction  energy  num_occurrences
0   1  0  1  1  0  0                   0.0   -8.25              171
1   0  1  0  0  1  1                   0.0   -8.25              154
2   1  0  1  0  0  0                   0.0   -8.00               89
3   0  1  0  1  1  1                   0.0   -8.00               66
4   0  1  1  1  0  0                   0.0   -6.25                1
5   1  0  1  0  1  0                   0.0   -6.25                1
6   0  0  1  1  0  1                   0.0   -6.25                1
7   1  1  1  0  0  0                   0.0   -6.25                4
8   0  1  0  1  0  1                   0.0   -6.25                2
9   0  1  1  0  1  0                   0.0   -6.25                2
10  0  0  1  0  1  1                   0.0   -6.25                3
11  1  0  0  1  0  0                   0.0   -6.00                1
12  0  0  1  1  0  0                   0.0   -6.00                1
13  1  0  1  1  1  0                   0.0   -6.00                1
14  0  1  1  0  1  1                   0.0   -6.00                1
15  0  0  1  1  1  1                   0.0   -6.00                2
Valid partition found with 3 cut edges

Solution:  [1, 0, 1, 1, 0, 0]
--------------- DW_2000Q_6 ---------------
    0  1  2  3  4  5  chain_break_fraction  energy  num_occurrences
0   1  0  1  1  0  0                   0.0   -8.25              192
1   0  1  0  0  1  1                   0.0   -8.25              111
2   0  1  0  1  1  1                   0.0   -8.00               52
3   1  0  1  0  0  0                   0.0   -8.00               75
4   0  1  1  0  1  0                   0.0   -6.25                2
5   0  1  1  1  0  0                   0.0   -6.25                1
6   0  1  1  0  0  1                   0.0   -6.25                1
7   1  1  1  0  0  0                   0.0   -6.25                1
8   0  0  1  1  0  1                   0.0   -6.25                2
9   1  0  0  1  0  1                   0.0   -6.25                5
10  1  0  0  0  1  1                   0.0   -6.25                3
11  0  0  1  1  1  0                   0.0   -6.25                1
12  1  1  0  0  0  1                   0.0   -6.25                5
13  1  1  0  0  1  0                   0.0   -6.25                4
14  0  1  0  1  1  0                   0.0   -6.25                2
15  0  1  0  1  0  1                   0.0   -6.25                2
16  0  0  0  1  1  1                   0.0   -6.25                3
17  1  0  0  1  1  0                   0.0   -6.25                4
18  1  1  0  1  0  0                   0.0   -6.25                5
19  0  0  1  0  1  1                   0.0   -6.25                1
20  1  1  0  1  0  1                   0.0   -6.00                3
21  1  1  0  1  1  0                   0.0   -6.00                3
22  1  1  1  1  0  0                   0.0   -6.00                2
23  0  1  0  0  1  0                   0.0   -6.00                2
24  0  0  1  1  0  0                   0.0   -6.00                1
25  0  1  1  1  1  0                   0.0   -6.00                3
26  0  0  1  0  0  1                   0.0   -6.00                1
27  0  1  1  1  0  1                   0.0   -6.00                1
28  1  0  1  1  1  0                   0.0   -6.00                1
29  1  0  0  0  1  0                   0.0   -6.00                2
30  1  0  0  0  0  1                   0.0   -6.00                1
31  1  0  0  1  0  0                   0.0   -6.00                4
32  0  0  1  1  1  1                   0.0   -6.00                1
33  0  1  1  0  1  1                   0.0   -6.00                1
34  1  1  0  0  0  0                   0.0   -6.00                1
35  0  0  0  1  0  1                   0.0   -4.00                1
Valid partition found with 3 cut edges

Solution:  [1, 0, 1, 1, 0, 0]
--------------- DW_2000Q_6 ---------------
    0  1  2  3  4  5  chain_break_fraction  energy  num_occurrences
0   1  0  1  1  0  0              0.000000   -8.25              127
1   0  1  0  0  1  1              0.000000   -8.25              143
2   1  0  1  0  0  0              0.000000   -8.00               41
3   0  1  0  1  1  1              0.000000   -8.00               86
4   1  1  0  0  0  1              0.000000   -6.25                4
5   1  1  1  0  0  0              0.000000   -6.25                6
6   0  0  0  1  1  1              0.000000   -6.25                6
7   0  1  0  1  0  1              0.000000   -6.25               10
8   1  0  1  0  1  0              0.000000   -6.25                2
9   0  1  0  1  1  0              0.000000   -6.25                3
10  0  1  1  0  0  1              0.000000   -6.25                4
11  0  1  1  1  0  0              0.000000   -6.25                3
12  0  1  1  0  1  0              0.000000   -6.25                1
13  1  0  0  1  1  0              0.000000   -6.25                3
14  0  0  1  0  1  1              0.000000   -6.25                1
15  1  1  0  1  0  0              0.000000   -6.25                5
16  1  1  0  0  1  0              0.000000   -6.25                3
17  1  0  0  1  0  1              0.000000   -6.25                2
18  0  0  1  1  0  1              0.000000   -6.25                3
19  1  0  0  0  1  1              0.000000   -6.25                5
20  1  0  1  0  0  1              0.000000   -6.25                3
21  0  0  0  0  1  1              0.000000   -6.00                3
22  1  1  0  1  0  1              0.000000   -6.00                3
23  1  1  0  0  1  1              0.000000   -6.00                1
24  1  0  1  1  1  0              0.000000   -6.00                1
25  1  1  1  1  0  0              0.000000   -6.00                3
26  0  0  1  1  0  0              0.000000   -6.00                1
27  0  1  0  0  0  1              0.000000   -6.00                1
28  0  1  1  0  0  0              0.000000   -6.00                3
29  1  0  0  0  0  1              0.000000   -6.00                2
30  1  1  0  1  1  0              0.000000   -6.00                3
31  0  0  1  0  0  1              0.000000   -6.00                2
32  0  0  1  1  1  1              0.000000   -6.00                1
33  1  0  0  1  1  1              0.000000   -6.00                2
34  1  0  1  1  0  1              0.000000   -6.00                3
35  0  1  1  1  0  1              0.000000   -6.00                2
36  1  1  0  0  0  0              0.000000   -6.00                3
37  1  0  0  1  0  0              0.000000   -6.00                1
38  1  1  0  1  1  1              0.000000   -5.25                1
39  0  1  1  1  1  1              0.000000   -5.25                1
40  1  0  1  0  1  1              0.000000   -4.00                1
41  0  1  1  1  0  0              0.166667   -6.25                1
Valid partition found with 3 cut edges

Solution:  [1, 0, 1, 1, 0, 0]
--------------- DW_2000Q_6 ---------------
    0  1  2  3  4  5  chain_break_fraction  energy  num_occurrences
0   1  0  1  1  0  0                   0.0   -8.25              127
1   0  1  0  0  1  1                   0.0   -8.25              140
2   0  1  0  1  1  1                   0.0   -8.00              100
3   1  0  1  0  0  0                   0.0   -8.00               74
4   1  1  0  0  0  1                   0.0   -6.25                5
5   0  1  1  0  0  1                   0.0   -6.25                7
6   0  1  1  1  0  0                   0.0   -6.25                1
7   0  1  0  1  0  1                   0.0   -6.25                5
8   1  1  0  1  0  0                   0.0   -6.25                1
9   0  0  1  1  0  1                   0.0   -6.25                3
10  1  0  0  1  1  0                   0.0   -6.25                2
11  0  0  1  1  1  0                   0.0   -6.25                2
12  0  1  0  1  1  0                   0.0   -6.25                1
13  0  0  0  1  1  1                   0.0   -6.25                2
14  1  0  1  0  0  1                   0.0   -6.25                2
15  1  0  0  1  0  1                   0.0   -6.25                2
16  1  0  0  0  1  1                   0.0   -6.25                2
17  0  1  1  0  1  0                   0.0   -6.25                1
18  0  1  0  0  0  1                   0.0   -6.00                1
19  0  1  0  0  1  0                   0.0   -6.00                1
20  1  1  0  0  1  1                   0.0   -6.00                1
21  0  0  1  0  0  1                   0.0   -6.00                2
22  0  0  1  0  1  0                   0.0   -6.00                1
23  1  0  0  0  0  1                   0.0   -6.00                3
24  1  0  0  1  1  1                   0.0   -6.00                2
25  0  1  1  0  0  0                   0.0   -6.00                3
26  1  0  1  1  0  1                   0.0   -6.00                2
27  1  0  0  0  1  0                   0.0   -6.00                1
28  0  1  1  0  1  1                   0.0   -6.00                3
29  1  1  0  1  1  0                   0.0   -6.00                1
30  0  0  1  1  0  0                   0.0   -6.00                1
31  0  0  0  0  1  1                   0.0   -6.00                1
Valid partition found with 3 cut edges

Solution:  [1, 0, 1, 1, 0, 0]
--------------- DW_2000Q_6 ---------------
    0  1  2  3  4  5  chain_break_fraction  energy  num_occurrences
0   1  0  1  1  0  0                   0.0   -8.25              137
1   0  1  0  0  1  1                   0.0   -8.25              110
2   1  0  1  0  0  0                   0.0   -8.00               43
3   0  1  0  1  1  1                   0.0   -8.00              103
4   0  0  0  1  1  1                   0.0   -6.25                4
5   1  0  1  0  1  0                   0.0   -6.25                5
6   1  1  0  0  1  0                   0.0   -6.25                8
7   0  1  0  1  0  1                   0.0   -6.25                5
8   0  0  1  1  0  1                   0.0   -6.25                2
9   1  0  1  0  0  1                   0.0   -6.25                1
10  0  1  0  1  1  0                   0.0   -6.25                6
11  1  1  1  0  0  0                   0.0   -6.25                3
12  1  0  0  1  0  1                   0.0   -6.25                4
13  0  1  1  0  1  0                   0.0   -6.25                2
14  0  0  1  1  1  0                   0.0   -6.25                3
15  1  0  0  0  1  1                   0.0   -6.25                3
16  1  0  0  1  1  0                   0.0   -6.25                2
17  0  1  1  1  0  0                   0.0   -6.25                2
18  1  1  0  1  0  0                   0.0   -6.25                3
19  0  0  1  0  1  1                   0.0   -6.25                2
20  1  1  0  0  0  1                   0.0   -6.25                3
21  0  1  1  0  0  1                   0.0   -6.25                3
22  1  1  0  0  1  1                   0.0   -6.00                3
23  0  1  0  0  0  1                   0.0   -6.00                4
24  0  1  0  0  1  0                   0.0   -6.00                2
25  1  0  1  1  0  1                   0.0   -6.00                2
26  0  0  1  1  0  0                   0.0   -6.00                1
27  0  0  0  0  1  1                   0.0   -6.00                1
28  1  1  0  1  1  0                   0.0   -6.00                7
29  1  1  1  1  0  0                   0.0   -6.00                2
30  1  1  0  1  0  1                   0.0   -6.00                2
31  0  1  1  1  0  1                   0.0   -6.00                1
32  1  0  0  0  1  0                   0.0   -6.00                1
33  1  0  0  1  1  1                   0.0   -6.00                4
34  1  0  0  1  0  0                   0.0   -6.00                3
35  0  0  1  0  1  0                   0.0   -6.00                1
36  0  1  1  0  0  0                   0.0   -6.00                1
37  1  1  0  0  0  0                   0.0   -6.00                2
38  0  1  1  1  1  0                   0.0   -6.00                6
39  0  1  1  0  1  1                   0.0   -6.00                2
40  1  1  0  1  1  1                   0.0   -5.25                1
Valid partition found with 3 cut edges

Solution:  [1, 0, 1, 1, 0, 0]
--------------- DW_2000Q_6 ---------------
    0  1  2  3  4  5  chain_break_fraction  energy  num_occurrences
0   1  0  1  1  0  0                   0.0   -8.25              244
1   0  1  0  0  1  1                   0.0   -8.25               29
2   0  1  0  1  1  1                   0.0   -8.00               32
3   1  0  1  0  0  0                   0.0   -8.00               78
4   0  1  1  0  1  0                   0.0   -6.25                5
5   0  1  1  1  0  0                   0.0   -6.25                7
6   1  0  0  0  1  1                   0.0   -6.25                3
7   0  0  1  1  1  0                   0.0   -6.25                8
8   0  1  1  0  0  1                   0.0   -6.25                1
9   0  1  0  1  1  0                   0.0   -6.25                2
10  0  0  0  1  1  1                   0.0   -6.25                3
11  1  1  1  0  0  0                   0.0   -6.25                4
12  1  0  0  1  1  0                   0.0   -6.25                5
13  1  1  0  1  0  0                   0.0   -6.25                9
14  1  0  1  0  1  0                   0.0   -6.25                3
15  0  0  1  1  0  1                   0.0   -6.25                4
16  1  1  0  0  1  0                   0.0   -6.25                4
17  0  0  1  0  1  1                   0.0   -6.25                1
18  0  1  0  1  0  1                   0.0   -6.25                2
19  1  0  0  1  1  1                   0.0   -6.00                2
20  0  1  1  0  0  0                   0.0   -6.00                2
21  1  0  0  0  0  1                   0.0   -6.00                1
22  0  1  1  1  1  0                   0.0   -6.00                4
23  1  0  0  1  0  0                   0.0   -6.00                5
24  0  0  1  0  0  1                   0.0   -6.00                4
25  1  1  0  1  0  1                   0.0   -6.00                2
26  0  0  1  0  1  0                   0.0   -6.00                4
27  1  0  0  0  1  0                   0.0   -6.00                2
28  1  0  1  1  0  1                   0.0   -6.00                2
29  1  1  1  1  0  0                   0.0   -6.00                4
30  0  0  1  1  1  1                   0.0   -6.00                1
31  1  1  0  1  1  0                   0.0   -6.00                1
32  0  0  0  0  1  1                   0.0   -6.00                1
33  1  1  0  0  1  1                   0.0   -6.00                1
34  0  1  0  0  1  0                   0.0   -6.00                1
35  1  0  1  1  1  0                   0.0   -6.00                5
36  0  0  1  1  0  0                   0.0   -6.00               12
37  0  1  1  1  0  1                   0.0   -6.00                2
Valid partition found with 3 cut edges

Solution:  [1, 0, 1, 1, 0, 0]
--------------- DW_2000Q_6 ---------------
    0  1  2  3  4  5  chain_break_fraction  energy  num_occurrences
0   0  1  0  0  1  1                   0.0   -8.25               93
1   1  0  1  1  0  0                   0.0   -8.25              116
2   0  1  0  1  1  1                   0.0   -8.00               55
3   1  0  1  0  0  0                   0.0   -8.00               91
4   1  0  0  0  1  1                   0.0   -6.25               14
5   0  1  1  1  0  0                   0.0   -6.25                2
6   0  0  1  1  1  0                   0.0   -6.25                2
7   0  1  1  0  0  1                   0.0   -6.25                2
8   0  1  1  0  1  0                   0.0   -6.25                4
9   0  1  0  1  0  1                   0.0   -6.25                1
10  0  1  0  1  1  0                   0.0   -6.25                2
11  1  1  0  1  0  0                   0.0   -6.25                3
12  1  1  0  0  1  0                   0.0   -6.25                3
13  1  1  0  0  0  1                   0.0   -6.25                6
14  0  0  0  1  1  1                   0.0   -6.25                5
15  1  0  1  0  0  1                   0.0   -6.25                5
16  1  0  0  1  0  1                   0.0   -6.25                5
17  1  0  1  0  1  0                   0.0   -6.25                8
18  1  0  0  1  1  0                   0.0   -6.25               10
19  0  0  1  1  0  1                   0.0   -6.25                7
20  1  1  1  0  0  0                   0.0   -6.25                1
21  0  0  1  0  1  1                   0.0   -6.25                1
22  0  1  0  0  0  1                   0.0   -6.00                2
23  0  1  0  0  1  0                   0.0   -6.00                5
24  1  0  0  1  1  1                   0.0   -6.00                5
25  1  0  0  0  0  1                   0.0   -6.00                4
26  1  1  0  0  0  0                   0.0   -6.00                2
27  1  1  0  1  0  1                   0.0   -6.00                1
28  0  0  1  0  0  1                   0.0   -6.00                2
29  0  0  1  0  1  0                   0.0   -6.00                1
30  0  0  0  0  1  1                   0.0   -6.00                5
31  0  1  1  0  1  1                   0.0   -6.00                3
32  1  0  0  1  0  0                   0.0   -6.00                3
33  0  0  1  1  1  1                   0.0   -6.00                7
34  0  0  1  1  0  0                   0.0   -6.00                1
35  1  1  1  1  0  0                   0.0   -6.00                1
36  1  0  1  1  1  0                   0.0   -6.00                2
37  1  0  0  0  1  0                   0.0   -6.00                8
38  1  0  1  1  0  1                   0.0   -6.00                5
39  1  1  0  0  1  1                   0.0   -6.00                3
40  1  1  0  1  1  0                   0.0   -6.00                2
41  0  1  1  1  1  1                   0.0   -5.25                1
42  0  0  0  1  1  0                   0.0   -4.00                1
Valid partition found with 3 cut edges

Solution:  [0, 1, 0, 0, 1, 1]
--------------- DW_2000Q_6 ---------------
    0  1  2  3  4  5  chain_break_fraction  energy  num_occurrences
0   0  1  0  0  1  1              0.000000   -8.25              162
1   1  0  1  1  0  0              0.000000   -8.25               47
2   1  0  1  0  0  0              0.000000   -8.00               58
3   0  1  0  1  1  1              0.000000   -8.00               80
4   0  1  1  0  1  0              0.000000   -6.25               12
5   1  0  0  1  1  0              0.000000   -6.25                4
6   0  1  1  1  0  0              0.000000   -6.25                3
7   1  1  0  0  1  0              0.000000   -6.25               18
8   0  1  0  1  0  1              0.000000   -6.25                3
9   1  1  0  0  0  1              0.000000   -6.25                5
10  0  1  1  0  0  1              0.000000   -6.25                4
11  1  0  0  0  1  1              0.000000   -6.25                3
12  0  0  0  1  1  1              0.000000   -6.25                2
13  1  1  0  1  0  0              0.000000   -6.25                5
14  0  0  1  0  1  1              0.000000   -6.25                2
15  1  0  1  0  1  0              0.000000   -6.25                8
16  1  0  0  1  0  1              0.000000   -6.25                2
17  1  1  1  0  0  0              0.000000   -6.25                7
18  0  1  0  1  1  0              0.000000   -6.25                9
19  0  0  1  1  1  0              0.000000   -6.25                3
20  1  0  1  0  0  1              0.000000   -6.25                2
21  1  0  0  0  0  1              0.000000   -6.00                1
22  0  1  0  0  1  0              0.000000   -6.00               10
23  1  0  1  1  0  1              0.000000   -6.00                2
24  1  0  0  0  1  0              0.000000   -6.00                6
25  1  0  1  1  1  0              0.000000   -6.00                3
26  1  0  0  1  1  1              0.000000   -6.00                3
27  0  0  0  0  1  1              0.000000   -6.00                3
28  1  1  0  0  0  0              0.000000   -6.00                2
29  0  1  0  0  0  1              0.000000   -6.00                1
30  1  1  0  1  1  0              0.000000   -6.00                4
31  1  0  0  1  0  0              0.000000   -6.00                1
32  0  1  1  1  0  1              0.000000   -6.00                2
33  1  1  1  1  0  0              0.000000   -6.00                1
34  0  1  1  0  1  1              0.000000   -6.00                3
35  0  0  1  1  1  1              0.000000   -6.00                1
36  0  0  1  0  0  1              0.000000   -6.00                3
37  0  0  1  0  1  0              0.000000   -6.00                1
38  1  1  0  0  1  1              0.000000   -6.00                2
39  0  1  1  1  1  0              0.000000   -6.00                3
40  0  1  1  0  0  0              0.000000   -6.00                4
41  0  0  1  1  0  0              0.000000   -6.00                1
42  1  1  0  1  1  1              0.000000   -5.25                1
43  0  0  1  0  0  0              0.000000   -5.25                1
44  1  1  1  1  1  0              0.000000   -3.25                1
45  1  1  1  1  0  0              0.166667   -6.00                1
Valid partition found with 3 cut edges

Solution:  [0, 1, 0, 0, 1, 1]
--------------- DW_2000Q_6 ---------------
    0  1  2  3  4  5  chain_break_fraction  energy  num_occurrences
0   0  1  0  0  1  1                   0.0   -8.25               95
1   1  0  1  1  0  0                   0.0   -8.25              107
2   1  0  1  0  0  0                   0.0   -8.00               91
3   0  1  0  1  1  1                   0.0   -8.00               39
4   0  0  1  1  1  0                   0.0   -6.25                6
5   1  1  0  1  0  0                   0.0   -6.25                6
6   1  0  0  1  1  0                   0.0   -6.25               11
7   1  1  0  0  1  0                   0.0   -6.25                7
8   0  1  1  0  1  0                   0.0   -6.25                4
9   1  1  0  0  0  1                   0.0   -6.25                4
10  0  1  0  1  0  1                   0.0   -6.25                1
11  1  1  1  0  0  0                   0.0   -6.25                4
12  1  0  0  1  0  1                   0.0   -6.25                4
13  0  0  1  1  0  1                   0.0   -6.25                3
14  0  1  0  1  1  0                   0.0   -6.25                6
15  1  0  1  0  1  0                   0.0   -6.25               14
16  1  0  0  0  1  1                   0.0   -6.25                8
17  0  0  1  0  1  1                   0.0   -6.25                2
18  0  0  0  1  1  1                   0.0   -6.25                6
19  0  1  1  1  0  0                   0.0   -6.25                3
20  1  0  1  0  0  1                   0.0   -6.25                5
21  0  0  1  1  0  0                   0.0   -6.00                1
22  0  0  0  0  1  1                   0.0   -6.00                3
23  1  0  1  1  0  1                   0.0   -6.00                4
24  1  1  1  1  0  0                   0.0   -6.00                2
25  0  1  1  0  1  1                   0.0   -6.00                5
26  0  0  1  0  0  1                   0.0   -6.00                3
27  1  0  1  1  1  0                   0.0   -6.00               10
28  0  1  0  0  0  1                   0.0   -6.00                2
29  1  0  0  0  0  1                   0.0   -6.00                4
30  1  1  0  0  0  0                   0.0   -6.00                5
31  1  0  0  0  1  0                   0.0   -6.00                5
32  1  1  0  1  1  0                   0.0   -6.00                4
33  1  0  0  1  0  0                   0.0   -6.00                4
34  0  1  0  0  1  0                   0.0   -6.00                1
35  0  1  1  0  0  0                   0.0   -6.00                1
36  0  0  1  1  1  1                   0.0   -6.00                2
37  0  1  1  1  0  1                   0.0   -6.00                3
38  0  0  1  0  1  0                   0.0   -6.00                4
39  1  1  0  0  1  1                   0.0   -6.00                2
40  1  0  0  1  1  1                   0.0   -6.00                6
41  1  0  0  0  0  0                   0.0   -5.25                1
42  0  1  1  1  1  1                   0.0   -5.25                1
43  1  0  1  0  1  1                   0.0   -4.00                1
Valid partition found with 3 cut edges

Solution:  [0, 1, 0, 0, 1, 1]
--------------- DW_2000Q_6 ---------------
    0  1  2  3  4  5  chain_break_fraction  energy  num_occurrences
0   1  0  1  1  0  0                   0.0   -8.25              104
1   0  1  0  0  1  1                   0.0   -8.25               85
2   0  1  0  1  1  1                   0.0   -8.00               37
3   1  0  1  0  0  0                   0.0   -8.00               89
4   0  0  1  1  0  1                   0.0   -6.25                3
5   1  1  0  0  0  1                   0.0   -6.25               13
6   0  1  1  0  0  1                   0.0   -6.25               12
7   1  0  0  1  1  0                   0.0   -6.25                5
8   1  1  0  1  0  0                   0.0   -6.25                7
9   0  0  1  1  1  0                   0.0   -6.25                3
10  1  0  1  0  1  0                   0.0   -6.25                7
11  0  1  1  1  0  0                   0.0   -6.25                3
12  0  1  0  1  1  0                   0.0   -6.25                2
13  0  1  1  0  1  0                   0.0   -6.25                7
14  0  1  0  1  0  1                   0.0   -6.25                2
15  0  0  1  0  1  1                   0.0   -6.25                7
16  1  0  1  0  0  1                   0.0   -6.25               10
17  1  1  1  0  0  0                   0.0   -6.25                5
18  0  0  0  1  1  1                   0.0   -6.25                7
19  1  0  0  0  1  1                   0.0   -6.25                4
20  1  0  0  1  0  1                   0.0   -6.25                8
21  1  1  0  0  1  0                   0.0   -6.25                3
22  0  1  1  1  1  0                   0.0   -6.00                4
23  1  0  1  1  1  0                   0.0   -6.00                3
24  1  0  0  1  1  1                   0.0   -6.00                5
25  1  1  1  1  0  0                   0.0   -6.00                2
26  0  1  0  0  0  1                   0.0   -6.00                4
27  1  0  0  0  0  1                   0.0   -6.00                5
28  1  0  0  0  1  0                   0.0   -6.00                1
29  1  1  0  0  1  1                   0.0   -6.00                7
30  1  1  0  1  1  0                   0.0   -6.00                1
31  1  0  1  1  0  1                   0.0   -6.00                1
32  0  0  1  1  1  1                   0.0   -6.00                4
33  0  1  1  1  0  1                   0.0   -6.00                3
34  0  0  1  0  1  0                   0.0   -6.00                5
35  0  0  0  0  1  1                   0.0   -6.00                6
36  1  1  0  0  0  0                   0.0   -6.00                3
37  0  1  1  0  0  0                   0.0   -6.00                6
38  0  0  1  0  0  1                   0.0   -6.00                2
39  0  1  1  0  1  1                   0.0   -6.00                3
40  1  1  0  1  0  1                   0.0   -6.00                3
41  1  0  0  1  0  0                   0.0   -6.00                3
42  1  0  0  0  0  0                   0.0   -5.25                1
43  0  1  1  1  1  1                   0.0   -5.25                1
44  1  1  0  1  1  1                   0.0   -5.25                1
45  0  0  0  1  0  1                   0.0   -4.00                2
46  0  1  0  0  0  0                   0.0   -3.25                1
Valid partition found with 3 cut edges

Solution:  [1, 0, 1, 1, 0, 0]
--------------- DW_2000Q_6 ---------------
    0  1  2  3  4  5  chain_break_fraction  energy  num_occurrences
0   1  0  1  1  0  0                   0.0   -8.25               75
1   0  1  0  0  1  1                   0.0   -8.25              101
2   1  0  1  0  0  0                   0.0   -8.00               67
3   0  1  0  1  1  1                   0.0   -8.00               48
4   0  0  1  1  1  0                   0.0   -6.25               14
5   0  0  1  0  1  1                   0.0   -6.25                6
6   1  1  0  1  0  0                   0.0   -6.25                6
7   0  1  0  1  1  0                   0.0   -6.25                4
8   0  1  1  0  1  0                   0.0   -6.25               11
9   0  1  1  1  0  0                   0.0   -6.25                7
10  0  1  1  0  0  1                   0.0   -6.25                7
11  1  0  0  1  1  0                   0.0   -6.25                6
12  1  0  0  1  0  1                   0.0   -6.25                3
13  1  0  0  0  1  1                   0.0   -6.25                6
14  0  0  1  1  0  1                   0.0   -6.25                6
15  1  1  0  0  1  0                   0.0   -6.25                2
16  1  1  1  0  0  0                   0.0   -6.25                7
17  1  0  1  0  0  1                   0.0   -6.25                2
18  0  1  0  1  0  1                   0.0   -6.25                1
19  0  0  0  1  1  1                   0.0   -6.25                3
20  1  1  0  0  0  1                   0.0   -6.25                2
21  1  0  1  0  1  0                   0.0   -6.25                3
22  0  0  1  0  1  0                   0.0   -6.00               13
23  0  1  1  1  0  1                   0.0   -6.00                6
24  0  1  0  0  0  1                   0.0   -6.00                7
25  1  0  0  1  1  1                   0.0   -6.00                1
26  0  0  1  0  0  1                   0.0   -6.00                7
27  1  1  0  1  1  0                   0.0   -6.00                2
28  0  1  1  0  1  1                   0.0   -6.00                4
29  1  1  0  1  0  1                   0.0   -6.00                6
30  1  0  0  1  0  0                   0.0   -6.00                3
31  1  0  1  1  0  1                   0.0   -6.00                2
32  0  0  0  0  1  1                   0.0   -6.00                2
33  1  1  0  0  1  1                   0.0   -6.00                4
34  0  1  1  0  0  0                   0.0   -6.00                7
35  1  1  0  0  0  0                   0.0   -6.00                1
36  0  0  1  1  0  0                   0.0   -6.00                8
37  1  0  0  0  0  1                   0.0   -6.00                5
38  0  0  1  1  1  1                   0.0   -6.00                5
39  1  0  0  0  1  0                   0.0   -6.00                3
40  0  1  1  1  1  0                   0.0   -6.00                4
41  0  1  0  0  1  0                   0.0   -6.00                6
42  1  1  1  1  0  0                   0.0   -6.00                1
43  0  0  1  0  0  0                   0.0   -5.25                4
44  1  0  0  0  0  0                   0.0   -5.25                2
45  1  1  0  1  1  1                   0.0   -5.25                2
46  0  1  1  1  1  1                   0.0   -5.25                4
47  0  0  0  1  0  1                   0.0   -4.00                1
48  1  1  1  0  1  0                   0.0   -4.00                1
49  1  0  1  0  1  1                   0.0   -4.00                1
50  0  1  0  1  0  0                   0.0   -4.00                1
Valid partition found with 3 cut edges

Solution:  [1, 0, 1, 1, 0, 0]
--------------- DW_2000Q_6 ---------------
    0  1  2  3  4  5  chain_break_fraction  energy  num_occurrences
0   0  1  0  0  1  1                   0.0   -8.25              117
1   1  0  1  1  0  0                   0.0   -8.25               54
2   0  1  0  1  1  1                   0.0   -8.00               53
3   1  0  1  0  0  0                   0.0   -8.00               37
4   0  0  1  1  1  0                   0.0   -6.25                5
5   1  1  0  1  0  0                   0.0   -6.25                9
6   1  0  1  0  1  0                   0.0   -6.25                5
7   0  1  0  1  0  1                   0.0   -6.25                2
8   1  1  1  0  0  0                   0.0   -6.25                9
9   1  0  0  1  1  0                   0.0   -6.25                8
10  0  0  1  0  1  1                   0.0   -6.25                6
11  0  1  0  1  1  0                   0.0   -6.25                2
12  0  1  1  0  1  0                   0.0   -6.25                4
13  1  0  0  0  1  1                   0.0   -6.25               12
14  0  1  1  0  0  1                   0.0   -6.25                4
15  0  0  0  1  1  1                   0.0   -6.25               10
16  1  0  1  0  0  1                   0.0   -6.25               10
17  1  0  0  1  0  1                   0.0   -6.25                9
18  1  1  0  0  1  0                   0.0   -6.25               17
19  1  1  0  0  0  1                   0.0   -6.25               20
20  1  1  0  1  1  0                   0.0   -6.00               11
21  1  0  0  1  1  1                   0.0   -6.00                5
22  0  1  1  1  1  0                   0.0   -6.00                2
23  0  0  1  0  0  1                   0.0   -6.00                2
24  1  0  0  1  0  0                   0.0   -6.00                3
25  1  0  0  0  1  0                   0.0   -6.00                8
26  0  0  1  0  1  0                   0.0   -6.00                3
27  1  0  0  0  0  1                   0.0   -6.00                7
28  1  1  0  1  0  1                   0.0   -6.00                8
29  0  0  0  0  1  1                   0.0   -6.00                7
30  0  0  1  1  1  1                   0.0   -6.00                1
31  1  0  1  1  0  1                   0.0   -6.00                1
32  1  1  0  0  0  0                   0.0   -6.00                4
33  1  1  0  0  1  1                   0.0   -6.00               14
34  1  1  1  1  0  0                   0.0   -6.00                2
35  0  1  0  0  0  1                   0.0   -6.00                4
36  0  1  0  0  1  0                   0.0   -6.00                4
37  0  1  1  1  0  1                   0.0   -6.00                1
38  0  1  1  0  1  1                   0.0   -6.00                4
39  0  0  1  1  0  0                   0.0   -6.00                3
40  0  0  1  0  0  0                   0.0   -5.25                1
41  1  1  0  1  1  1                   0.0   -5.25                4
42  1  0  0  0  0  0                   0.0   -5.25                4
43  0  1  1  1  1  1                   0.0   -5.25                1
44  1  1  1  1  1  0                   0.0   -3.25                1
45  1  1  1  1  0  1                   0.0   -3.25                2
Valid partition found with 3 cut edges

Solution:  [0, 1, 0, 0, 1, 1]