--------------- DW_2000Q_6 ---------------
    0  1  2  3  4  5  chain_break_fraction  energy  num_occurrences
0   1  1  1  1  1  0              0.666667   -3.25                1
1   1  1  1  0  1  1              0.666667   -1.25               18
2   0  1  0  1  1  1              0.666667   -8.00               33
3   1  1  0  0  1  1              0.833333   -6.00               10
4   0  1  1  0  1  1              0.666667   -6.00               18
5   1  1  1  1  1  0              0.833333   -3.25               14
6   1  1  0  0  1  0              0.666667   -6.25               15
7   1  1  1  0  1  0              0.666667   -4.00               13
8   0  1  1  1  1  1              0.666667   -5.25               10
9   1  1  0  1  1  1              0.833333   -5.25                8
10  1  1  0  1  1  1              1.000000   -5.25                9
11  1  1  1  0  1  1              0.833333   -1.25                9
12  1  1  1  0  1  1              0.833333   -1.25                5
13  1  1  1  0  1  0              0.666667   -4.00               15
14  1  1  1  0  1  1              0.666667   -1.25               12
15  1  1  0  1  1  1              0.666667   -5.25               12
16  1  1  0  0  1  1              0.666667   -6.00               19
17  1  1  1  0  1  0              0.833333   -4.00               26
18  0  1  1  1  1  1              0.833333   -5.25               13
19  1  1  0  1  1  0              0.666667   -6.00                9
20  0  1  1  1  1  1              0.666667   -5.25               13
21  1  1  0  0  1  1              0.666667   -6.00               16
22  1  1  0  1  1  1              0.833333   -5.25               13
23  0  1  0  1  1  1              0.833333   -8.00               16
24  1  1  1  1  1  0              0.666667   -3.25               14
25  0  1  0  1  1  1              0.666667   -8.00               15
26  0  1  0  0  1  1              0.666667   -8.25               35
27  1  1  0  0  1  1              0.833333   -6.00               16
28  1  1  1  0  1  1              0.833333   -1.25               32
29  1  1  0  1  1  1              0.833333   -5.25                9
30  1  1  0  1  1  1              0.666667   -5.25               23
31  1  1  1  0  1  1              1.000000   -1.25               17
32  0  1  1  1  1  1              0.833333   -5.25                1
33  1  1  1  1  1  1              1.000000    0.00                1
34  0  1  0  0  1  1              0.833333   -8.25                2
35  1  1  1  0  1  1              0.833333   -1.25                1
36  1  1  0  1  1  1              0.500000   -5.25                1
37  1  1  0  1  1  1              0.833333   -5.25                1
38  0  1  0  1  1  1              0.500000   -8.00                1
39  0  1  1  1  1  1              0.666667   -5.25                4
Valid partition found with 3 cut edges

Solution:  [0, 1, 0, 0, 1, 1]
--------------- DW_2000Q_6 ---------------
    0  1  2  3  4  5  chain_break_fraction  energy  num_occurrences
0   1  1  0  1  1  1              0.500000   -5.25               55
1   1  0  1  0  1  0              0.500000   -6.25              127
2   1  0  1  0  1  1              0.500000   -4.00               88
3   1  1  1  1  1  0              0.500000   -3.25               28
4   1  1  0  1  1  0              0.500000   -6.00               67
5   1  0  1  0  1  1              0.500000   -4.00              115
6   1  1  0  0  1  1              0.666667   -6.00                1
7   1  0  1  1  1  0              0.666667   -6.00                2
8   1  0  1  1  1  1              0.666667   -3.25                2
9   1  0  1  0  1  0              0.666667   -6.25                1
10  1  1  1  0  1  0              0.666667   -4.00                2
11  1  1  0  0  1  0              0.666667   -6.25                1
12  1  0  1  1  1  1              0.666667   -3.25                2
13  1  1  0  1  1  1              0.666667   -5.25                1
14  1  1  0  1  1  0              0.666667   -6.00                1
15  1  0  1  0  1  1              0.666667   -4.00                1
16  1  1  1  0  1  1              0.666667   -1.25                1
17  1  1  1  0  1  1              0.666667   -1.25                1
18  1  1  0  1  1  0              0.666667   -6.00                1
19  1  1  1  1  1  0              0.666667   -3.25                1
20  1  0  1  0  0  1              0.333333   -6.25                1
21  1  0  1  0  1  1              0.666667   -4.00                1
Valid partition found with 5 cut edges

Solution:  [1, 0, 1, 0, 1, 0]
--------------- DW_2000Q_6 ---------------
    0  1  2  3  4  5  chain_break_fraction  energy  num_occurrences
0   0  1  1  0  1  1              0.166667   -6.00               48
1   0  0  1  1  0  0              0.166667   -6.00              101
2   1  0  1  1  0  0              0.166667   -8.25               53
3   1  1  0  0  1  1              0.166667   -6.00               24
4   0  1  0  0  1  1              0.166667   -8.25              151
5   1  0  1  1  0  0              0.166667   -8.25               73
6   0  1  0  0  1  1              0.000000   -8.25               15
7   1  0  1  1  0  0              0.000000   -8.25                2
8   0  1  1  1  1  1              0.166667   -5.25                3
9   0  0  1  0  0  0              0.166667   -5.25               10
10  1  0  1  0  0  0              0.166667   -8.00                5
11  1  0  1  0  0  0              0.166667   -8.00                7
12  0  1  0  1  1  1              0.166667   -8.00                6
13  1  0  1  0  0  0              0.000000   -8.00                1
14  0  0  1  1  0  0              0.333333   -6.00                1
Valid partition found with 3 cut edges

Solution:  [1, 0, 1, 1, 0, 0]
--------------- DW_2000Q_6 ---------------
   0  1  2  3  4  5  chain_break_fraction  energy  num_occurrences
0  1  0  1  1  0  0                   0.0   -8.25              184
1  0  1  0  0  1  1                   0.0   -8.25              229
2  0  1  0  1  1  1                   0.0   -8.00               48
3  1  0  1  0  0  0                   0.0   -8.00               39
Valid partition found with 3 cut edges

Solution:  [1, 0, 1, 1, 0, 0]
--------------- DW_2000Q_6 ---------------
   0  1  2  3  4  5  chain_break_fraction  energy  num_occurrences
0  1  0  1  1  0  0                   0.0   -8.25               99
1  0  1  0  0  1  1                   0.0   -8.25              300
2  1  0  1  0  0  0                   0.0   -8.00               49
3  0  1  0  1  1  1                   0.0   -8.00               50
4  0  1  1  1  0  0                   0.0   -6.25                1
5  1  1  0  0  1  0                   0.0   -6.25                1
Valid partition found with 3 cut edges

Solution:  [1, 0, 1, 1, 0, 0]
--------------- DW_2000Q_6 ---------------
    0  1  2  3  4  5  chain_break_fraction  energy  num_occurrences
0   1  0  1  1  0  0                   0.0   -8.25              198
1   0  1  0  0  1  1                   0.0   -8.25              164
2   1  0  1  0  0  0                   0.0   -8.00               63
3   0  1  0  1  1  1                   0.0   -8.00               56
4   1  1  0  0  0  1                   0.0   -6.25                1
5   0  0  0  1  1  1                   0.0   -6.25                3
6   0  1  0  1  0  1                   0.0   -6.25                1
7   1  1  0  0  1  0                   0.0   -6.25                2
8   0  1  1  0  1  0                   0.0   -6.25                1
9   0  0  1  1  0  1                   0.0   -6.25                1
10  1  0  1  0  0  1                   0.0   -6.25                1
11  0  1  1  0  0  1                   0.0   -6.25                1
12  1  1  1  0  0  0                   0.0   -6.25                1
13  1  0  0  1  0  1                   0.0   -6.25                1
14  1  0  0  0  1  1                   0.0   -6.25                2
15  1  1  1  1  0  0                   0.0   -6.00                1
16  0  0  1  0  0  1                   0.0   -6.00                1
17  0  0  0  0  1  1                   0.0   -6.00                1
18  1  0  0  0  0  1                   0.0   -6.00                1
Valid partition found with 3 cut edges

Solution:  [1, 0, 1, 1, 0, 0]
--------------- DW_2000Q_6 ---------------
   0  1  2  3  4  5  chain_break_fraction  energy  num_occurrences
0  0  1  0  0  1  1              0.000000   -8.25              231
1  1  0  1  1  0  0              0.000000   -8.25              109
2  1  0  1  0  0  0              0.000000   -8.00              134
3  0  1  0  1  1  1              0.000000   -8.00               20
4  1  0  1  0  1  0              0.000000   -6.25                2
5  1  0  1  0  0  1              0.000000   -6.25                1
6  0  1  0  0  1  1              0.166667   -8.25                1
7  1  0  1  1  1  0              0.000000   -6.00                1
8  0  0  0  0  1  1              0.000000   -6.00                1
Valid partition found with 3 cut edges

Solution:  [0, 1, 0, 0, 1, 1]
--------------- DW_2000Q_6 ---------------
    0  1  2  3  4  5  chain_break_fraction  energy  num_occurrences
0   0  1  0  0  1  1                   0.0   -8.25              223
1   1  0  1  1  0  0                   0.0   -8.25               88
2   0  1  0  1  1  1                   0.0   -8.00              143
3   1  0  1  0  0  0                   0.0   -8.00               24
4   1  1  0  0  0  1                   0.0   -6.25                1
5   0  1  0  1  0  1                   0.0   -6.25                4
6   0  1  1  0  0  1                   0.0   -6.25                1
7   0  0  1  1  0  1                   0.0   -6.25                2
8   0  1  0  1  1  0                   0.0   -6.25                2
9   1  0  0  0  1  1                   0.0   -6.25                1
10  0  0  0  1  1  1                   0.0   -6.25                3
11  1  0  0  1  0  1                   0.0   -6.25                1
12  1  0  1  0  1  0                   0.0   -6.25                2
13  1  0  1  1  1  0                   0.0   -6.00                1
14  0  1  0  0  0  1                   0.0   -6.00                1
15  1  1  0  0  1  1                   0.0   -6.00                1
16  0  1  1  0  1  1                   0.0   -6.00                1
17  1  0  1  1  0  1                   0.0   -6.00                1
Valid partition found with 3 cut edges

Solution:  [0, 1, 0, 0, 1, 1]
--------------- DW_2000Q_6 ---------------
    0  1  2  3  4  5  chain_break_fraction  energy  num_occurrences
0   1  0  1  1  0  0                   0.0   -8.25              151
1   0  1  0  0  1  1                   0.0   -8.25              159
2   1  0  1  0  0  0                   0.0   -8.00               89
3   0  1  0  1  1  1                   0.0   -8.00               63
4   0  1  0  1  1  0                   0.0   -6.25                2
5   1  1  1  0  0  0                   0.0   -6.25                1
6   1  0  0  1  0  1                   0.0   -6.25                3
7   0  1  1  0  1  0                   0.0   -6.25                2
8   0  0  1  1  0  1                   0.0   -6.25                1
9   1  1  0  0  1  0                   0.0   -6.25                3
10  1  1  0  0  0  1                   0.0   -6.25                2
11  0  1  1  1  0  0                   0.0   -6.25                1
12  1  0  1  0  1  0                   0.0   -6.25                2
13  1  0  0  0  1  1                   0.0   -6.25                2
14  1  1  0  1  0  0                   0.0   -6.25                1
15  0  1  1  0  0  1                   0.0   -6.25                1
16  0  0  0  1  1  1                   0.0   -6.25                1
17  0  0  1  1  1  0                   0.0   -6.25                3
18  1  0  1  1  0  1                   0.0   -6.00                1
19  0  1  1  1  1  0                   0.0   -6.00                1
20  0  1  1  0  1  1                   0.0   -6.00                2
21  0  1  0  0  1  0                   0.0   -6.00                1
22  1  1  1  1  0  0                   0.0   -6.00                1
23  1  0  1  1  1  0                   0.0   -6.00                1
24  0  1  1  0  0  0                   0.0   -6.00                2
25  1  1  0  0  0  0                   0.0   -6.00                1
26  1  0  0  1  1  1                   0.0   -6.00                1
27  0  0  1  0  1  0                   0.0   -6.00                1
28  0  0  0  0  1  1                   0.0   -6.00                1
Valid partition found with 3 cut edges

Solution:  [1, 0, 1, 1, 0, 0]
--------------- DW_2000Q_6 ---------------
    0  1  2  3  4  5  chain_break_fraction  energy  num_occurrences
0   0  1  0  0  1  1              0.000000   -8.25               80
1   1  0  1  1  0  0              0.000000   -8.25              194
2   0  1  0  1  1  1              0.000000   -8.00               23
3   1  0  1  0  0  0              0.000000   -8.00              152
4   0  1  0  1  0  1              0.000000   -6.25                1
5   1  0  0  1  0  1              0.000000   -6.25                1
6   1  0  1  0  1  0              0.000000   -6.25                1
7   0  1  1  1  0  0              0.000000   -6.25                1
8   1  1  0  1  0  0              0.000000   -6.25                2
9   0  0  1  1  1  0              0.000000   -6.25                3
10  1  0  0  0  1  1              0.000000   -6.25                3
11  0  1  1  0  0  1              0.000000   -6.25                2
12  1  0  1  0  0  1              0.000000   -6.25                4
13  0  0  1  0  1  1              0.000000   -6.25                5
14  1  1  1  0  0  0              0.000000   -6.25                1
15  1  1  0  0  0  1              0.000000   -6.25                1
16  0  1  1  0  1  0              0.000000   -6.25                1
17  1  0  1  1  0  1              0.000000   -6.00                2
18  1  1  0  0  1  1              0.000000   -6.00                2
19  1  1  1  1  0  0              0.000000   -6.00                1
20  1  0  0  1  1  1              0.000000   -6.00                3
21  0  1  1  1  0  1              0.000000   -6.00                1
22  0  0  1  1  1  1              0.000000   -6.00                1
23  0  1  1  0  1  1              0.000000   -6.00                1
24  1  0  1  1  1  0              0.000000   -6.00                3
25  0  0  1  0  0  1              0.000000   -6.00                3
26  0  1  1  1  1  0              0.000000   -6.00                2
27  1  0  0  1  0  0              0.000000   -6.00                1
28  1  0  0  0  0  1              0.000000   -6.00                3
29  0  0  1  1  0  0              0.000000   -6.00                1
30  1  0  1  0  0  0              0.166667   -8.00                1
Valid partition found with 3 cut edges

Solution:  [0, 1, 0, 0, 1, 1]
--------------- DW_2000Q_6 ---------------
    0  1  2  3  4  5  chain_break_fraction  energy  num_occurrences
0   1  0  1  1  0  0                   0.0   -8.25               55
1   0  1  0  0  1  1                   0.0   -8.25              262
2   0  1  0  1  1  1                   0.0   -8.00               98
3   1  0  1  0  0  0                   0.0   -8.00               32
4   1  0  1  0  0  1                   0.0   -6.25                1
5   0  0  0  1  1  1                   0.0   -6.25                1
6   0  1  1  0  1  0                   0.0   -6.25                3
7   0  1  0  1  1  0                   0.0   -6.25                7
8   1  1  1  0  0  0                   0.0   -6.25                2
9   0  0  1  1  1  0                   0.0   -6.25                3
10  1  1  0  0  0  1                   0.0   -6.25                1
11  1  1  0  1  0  0                   0.0   -6.25                2
12  0  0  1  0  1  1                   0.0   -6.25                4
13  1  0  1  0  1  0                   0.0   -6.25                1
14  0  1  1  1  0  0                   0.0   -6.25                2
15  1  1  0  0  1  0                   0.0   -6.25                2
16  0  0  1  1  0  1                   0.0   -6.25                1
17  1  0  0  1  1  0                   0.0   -6.25                2
18  0  1  1  0  0  1                   0.0   -6.25                1
19  0  1  1  1  1  0                   0.0   -6.00                1
20  1  0  0  0  0  1                   0.0   -6.00                1
21  0  0  0  0  1  1                   0.0   -6.00                1
22  0  1  1  0  1  1                   0.0   -6.00                1
23  1  1  0  1  0  1                   0.0   -6.00                1
24  0  1  1  1  0  1                   0.0   -6.00                1
25  1  0  1  1  0  1                   0.0   -6.00                1
26  1  1  0  0  0  0                   0.0   -6.00                2
27  0  0  1  1  1  1                   0.0   -6.00                1
28  0  1  0  0  0  1                   0.0   -6.00                3
29  1  1  0  0  1  1                   0.0   -6.00                1
30  1  0  0  0  1  0                   0.0   -6.00                1
31  1  0  1  1  1  0                   0.0   -6.00                1
32  0  1  0  0  1  0                   0.0   -6.00                1
33  1  1  0  1  1  0                   0.0   -6.00                3
Valid partition found with 3 cut edges

Solution:  [1, 0, 1, 1, 0, 0]
--------------- DW_2000Q_6 ---------------
    0  1  2  3  4  5  chain_break_fraction  energy  num_occurrences
0   1  0  1  1  0  0              0.000000   -8.25               23
1   0  1  0  0  1  1              0.000000   -8.25              320
2   1  0  1  0  0  0              0.000000   -8.00               33
3   0  1  0  1  1  1              0.000000   -8.00               65
4   0  0  1  1  0  1              0.000000   -6.25                1
5   1  0  0  0  1  1              0.000000   -6.25                3
6   1  0  1  0  0  1              0.000000   -6.25                1
7   1  1  0  0  0  1              0.000000   -6.25                4
8   1  1  0  0  1  0              0.000000   -6.25                5
9   1  0  0  1  0  1              0.000000   -6.25                2
10  0  1  0  1  1  0              0.000000   -6.25                5
11  0  1  1  1  0  0              0.000000   -6.25                1
12  0  0  0  1  1  1              0.000000   -6.25                1
13  0  1  0  1  0  1              0.000000   -6.25                3
14  1  1  1  0  0  0              0.000000   -6.25                1
15  0  1  1  0  1  0              0.000000   -6.25                5
16  0  1  1  0  0  1              0.000000   -6.25                2
17  0  1  0  0  0  1              0.000000   -6.00                2
18  0  1  1  0  0  0              0.000000   -6.00                1
19  0  1  1  0  1  1              0.000000   -6.00                2
20  1  1  1  1  0  0              0.000000   -6.00                2
21  0  0  1  0  0  1              0.000000   -6.00                1
22  1  1  0  1  1  0              0.000000   -6.00                1
23  0  0  0  0  1  1              0.000000   -6.00                1
24  1  1  0  1  0  1              0.000000   -6.00                3
25  1  1  0  0  0  0              0.000000   -6.00                3
26  0  1  1  1  0  1              0.000000   -6.00                1
27  1  1  0  0  1  1              0.000000   -6.00                2
28  0  1  0  0  1  0              0.000000   -6.00                2
29  1  0  0  0  0  1              0.000000   -6.00                1
30  0  0  1  0  1  0              0.000000   -6.00                1
31  1  0  0  0  0  0              0.000000   -5.25                1
32  1  0  1  1  0  0              0.166667   -8.25                1
Valid partition found with 3 cut edges

Solution:  [1, 0, 1, 1, 0, 0]
--------------- DW_2000Q_6 ---------------
    0  1  2  3  4  5  chain_break_fraction  energy  num_occurrences
0   0  1  0  0  1  1                   0.0   -8.25               96
1   1  0  1  1  0  0                   0.0   -8.25              100
2   1  0  1  0  0  0                   0.0   -8.00              203
3   0  1  0  1  1  1                   0.0   -8.00               22
4   1  1  0  0  1  0                   0.0   -6.25                6
5   1  0  0  1  0  1                   0.0   -6.25                2
6   1  0  0  1  1  0                   0.0   -6.25                3
7   1  1  0  1  0  0                   0.0   -6.25                1
8   1  0  0  0  1  1                   0.0   -6.25                5
9   1  0  1  0  0  1                   0.0   -6.25                6
10  0  1  1  1  0  0                   0.0   -6.25                3
11  0  0  0  1  1  1                   0.0   -6.25                1
12  0  1  1  0  1  0                   0.0   -6.25                4
13  0  0  1  1  0  1                   0.0   -6.25                1
14  0  0  1  1  1  0                   0.0   -6.25                2
15  1  1  1  0  0  0                   0.0   -6.25                4
16  0  1  1  0  0  1                   0.0   -6.25                4
17  0  0  1  0  1  1                   0.0   -6.25                1
18  1  1  0  0  0  1                   0.0   -6.25                6
19  1  0  1  0  1  0                   0.0   -6.25                2
20  1  1  0  1  0  1                   0.0   -6.00                1
21  0  0  1  1  1  1                   0.0   -6.00                1
22  0  0  0  0  1  1                   0.0   -6.00                1
23  0  1  1  0  0  0                   0.0   -6.00                3
24  1  0  0  0  1  0                   0.0   -6.00                1
25  1  1  0  0  0  0                   0.0   -6.00                7
26  0  1  1  1  1  0                   0.0   -6.00                1
27  1  0  0  1  0  0                   0.0   -6.00                1
28  0  1  0  0  1  0                   0.0   -6.00                2
29  1  0  0  0  0  1                   0.0   -6.00                4
30  0  0  1  0  0  1                   0.0   -6.00                1
31  1  1  1  1  0  0                   0.0   -6.00                3
32  1  1  0  0  1  1                   0.0   -6.00                1
33  0  1  0  0  0  1                   0.0   -6.00                1
Valid partition found with 3 cut edges

Solution:  [0, 1, 0, 0, 1, 1]
--------------- DW_2000Q_6 ---------------
    0  1  2  3  4  5  chain_break_fraction  energy  num_occurrences
0   0  1  0  0  1  1              0.000000   -8.25               97
1   1  0  1  1  0  0              0.000000   -8.25              138
2   0  1  0  1  1  1              0.000000   -8.00               56
3   1  0  1  0  0  0              0.000000   -8.00               69
4   0  1  1  0  1  0              0.000000   -6.25                7
5   0  0  0  1  1  1              0.000000   -6.25                2
6   1  0  0  1  0  1              0.000000   -6.25                4
7   1  0  0  0  1  1              0.000000   -6.25                5
8   0  1  1  1  0  0              0.000000   -6.25                5
9   1  1  1  0  0  0              0.000000   -6.25                5
10  0  0  1  1  1  0              0.000000   -6.25                6
11  1  1  0  0  1  0              0.000000   -6.25                8
12  0  0  1  1  0  1              0.000000   -6.25                6
13  1  1  0  0  0  1              0.000000   -6.25                2
14  1  0  1  0  0  1              0.000000   -6.25                4
15  0  1  0  1  1  0              0.000000   -6.25                7
16  1  0  0  1  1  0              0.000000   -6.25                3
17  0  0  1  0  1  1              0.000000   -6.25                9
18  1  1  0  1  0  0              0.000000   -6.25                2
19  1  0  1  0  1  0              0.000000   -6.25                3
20  0  1  1  1  1  0              0.000000   -6.00                9
21  0  1  1  0  0  0              0.000000   -6.00                3
22  1  1  1  1  0  0              0.000000   -6.00                1
23  0  0  0  0  1  1              0.000000   -6.00                2
24  1  0  0  0  0  1              0.000000   -6.00                2
25  1  0  0  1  1  1              0.000000   -6.00                2
26  0  0  1  0  1  0              0.000000   -6.00                3
27  0  1  0  0  1  0              0.000000   -6.00                6
28  1  1  0  1  1  0              0.000000   -6.00                3
29  0  1  1  0  1  1              0.000000   -6.00                2
30  1  1  0  1  0  1              0.000000   -6.00                1
31  0  0  1  1  0  0              0.000000   -6.00                5
32  1  0  0  1  0  0              0.000000   -6.00                2
33  1  1  0  0  1  1              0.000000   -6.00                3
34  0  1  1  1  0  1              0.000000   -6.00                1
35  1  0  0  0  1  0              0.000000   -6.00                3
36  1  0  1  1  1  0              0.000000   -6.00                5
37  0  0  1  1  1  1              0.000000   -6.00                5
38  0  0  1  0  0  0              0.000000   -5.25                1
39  0  0  0  1  1  0              0.000000   -4.00                1
40  1  1  1  0  0  1              0.000000   -4.00                1
41  1  0  0  0  1  0              0.166667   -6.00                1
Valid partition found with 3 cut edges

Solution:  [0, 1, 0, 0, 1, 1]
--------------- DW_2000Q_6 ---------------
    0  1  2  3  4  5  chain_break_fraction  energy  num_occurrences
0   1  0  1  1  0  0                   0.0   -8.25               95
1   0  1  0  0  1  1                   0.0   -8.25              115
2   0  1  0  1  1  1                   0.0   -8.00               80
3   1  0  1  0  0  0                   0.0   -8.00               52
4   0  1  1  0  0  1                   0.0   -6.25                5
5   1  0  1  0  0  1                   0.0   -6.25                9
6   0  0  1  1  0  1                   0.0   -6.25                8
7   0  0  1  1  1  0                   0.0   -6.25                4
8   1  0  1  0  1  0                   0.0   -6.25                1
9   1  0  0  1  0  1                   0.0   -6.25               10
10  1  0  0  0  1  1                   0.0   -6.25                5
11  1  1  0  1  0  0                   0.0   -6.25                3
12  1  0  0  1  1  0                   0.0   -6.25                1
13  0  1  1  1  0  0                   0.0   -6.25                2
14  1  1  0  0  0  1                   0.0   -6.25                4
15  0  1  0  1  0  1                   0.0   -6.25                6
16  0  0  0  1  1  1                   0.0   -6.25               12
17  0  1  1  0  1  0                   0.0   -6.25                3
18  1  1  1  0  0  0                   0.0   -6.25                4
19  0  0  1  0  1  1                   0.0   -6.25                6
20  0  1  0  1  1  0                   0.0   -6.25                2
21  1  1  0  0  1  0                   0.0   -6.25                5
22  0  1  1  0  0  0                   0.0   -6.00                5
23  0  1  1  0  1  1                   0.0   -6.00                7
24  1  1  0  0  1  1                   0.0   -6.00                1
25  0  0  1  1  1  1                   0.0   -6.00                2
26  0  0  1  0  0  1                   0.0   -6.00                4
27  1  0  0  1  0  0                   0.0   -6.00                1
28  0  1  0  0  1  0                   0.0   -6.00                4
29  1  1  0  1  1  0                   0.0   -6.00                2
30  0  1  0  0  0  1                   0.0   -6.00                3
31  1  0  1  1  0  1                   0.0   -6.00                2
32  0  0  1  1  0  0                   0.0   -6.00                3
33  1  0  0  1  1  1                   0.0   -6.00                3
34  1  0  0  0  1  0                   0.0   -6.00                2
35  0  0  1  0  1  0                   0.0   -6.00                2
36  1  1  0  0  0  0                   0.0   -6.00                1
37  1  0  0  0  0  1                   0.0   -6.00               10
38  1  1  1  1  0  0                   0.0   -6.00                1
39  0  1  1  1  1  0                   0.0   -6.00                2
40  0  1  1  1  0  1                   0.0   -6.00                4
41  1  1  0  1  0  1                   0.0   -6.00                1
42  0  0  0  0  1  1                   0.0   -6.00                6
43  0  1  1  1  1  1                   0.0   -5.25                2
Valid partition found with 3 cut edges

Solution:  [1, 0, 1, 1, 0, 0]
--------------- DW_2000Q_6 ---------------
    0  1  2  3  4  5  chain_break_fraction  energy  num_occurrences
0   0  1  0  0  1  1                   0.0   -8.25               88
1   1  0  1  1  0  0                   0.0   -8.25              112
2   1  0  1  0  0  0                   0.0   -8.00               72
3   0  1  0  1  1  1                   0.0   -8.00               44
4   1  0  1  0  0  1                   0.0   -6.25                5
5   1  1  0  0  0  1                   0.0   -6.25                3
6   0  1  1  1  0  0                   0.0   -6.25                2
7   0  0  1  1  1  0                   0.0   -6.25                7
8   1  1  0  0  1  0                   0.0   -6.25                8
9   0  1  0  1  0  1                   0.0   -6.25                3
10  1  1  1  0  0  0                   0.0   -6.25                1
11  1  0  0  0  1  1                   0.0   -6.25               15
12  1  0  1  0  1  0                   0.0   -6.25                5
13  0  0  1  1  0  1                   0.0   -6.25                4
14  0  0  0  1  1  1                   0.0   -6.25                6
15  0  1  0  1  1  0                   0.0   -6.25                2
16  1  0  0  1  0  1                   0.0   -6.25               12
17  0  1  1  0  0  1                   0.0   -6.25                3
18  1  0  0  1  1  0                   0.0   -6.25               18
19  0  1  1  0  1  0                   0.0   -6.25                1
20  0  0  1  0  1  1                   0.0   -6.25               14
21  1  1  0  1  0  1                   0.0   -6.00                2
22  1  0  0  1  0  0                   0.0   -6.00                5
23  0  1  1  0  1  1                   0.0   -6.00                2
24  0  1  1  1  1  0                   0.0   -6.00                3
25  1  0  0  0  1  0                   0.0   -6.00                4
26  0  1  0  0  0  1                   0.0   -6.00                2
27  1  1  0  0  1  1                   0.0   -6.00                4
28  1  0  1  1  1  0                   0.0   -6.00                4
29  1  0  0  0  0  1                   0.0   -6.00                4
30  0  0  1  1  1  1                   0.0   -6.00                2
31  0  0  1  0  0  1                   0.0   -6.00                3
32  1  1  0  1  1  0                   0.0   -6.00                1
33  1  1  1  1  0  0                   0.0   -6.00                2
34  0  1  1  0  0  0                   0.0   -6.00                3
35  0  0  1  0  1  0                   0.0   -6.00                4
36  0  0  0  0  1  1                   0.0   -6.00                5
37  1  0  1  1  0  1                   0.0   -6.00                2
38  0  1  1  1  0  1                   0.0   -6.00                2
39  1  0  0  1  1  1                   0.0   -6.00                6
40  0  0  1  1  0  0                   0.0   -6.00                2
41  0  1  0  0  1  0                   0.0   -6.00                4
42  1  1  0  0  0  0                   0.0   -6.00                4
43  0  1  1  1  1  1                   0.0   -5.25                1
44  1  1  0  1  1  1                   0.0   -5.25                2
45  1  0  0  0  0  0                   0.0   -5.25                1
46  0  0  1  0  0  0                   0.0   -5.25                1
Valid partition found with 3 cut edges

Solution:  [0, 1, 0, 0, 1, 1]
--------------- DW_2000Q_6 ---------------
    0  1  2  3  4  5  chain_break_fraction  energy  num_occurrences
0   1  0  1  1  0  0                   0.0   -8.25               48
1   0  1  0  0  1  1                   0.0   -8.25              135
2   1  0  1  0  0  0                   0.0   -8.00               38
3   0  1  0  1  1  1                   0.0   -8.00               75
4   1  0  1  0  1  0                   0.0   -6.25                4
5   0  0  1  0  1  1                   0.0   -6.25               21
6   0  1  1  0  0  1                   0.0   -6.25                9
7   0  1  0  1  1  0                   0.0   -6.25                7
8   0  1  1  1  0  0                   0.0   -6.25                7
9   1  1  0  1  0  0                   0.0   -6.25                1
10  0  0  1  1  0  1                   0.0   -6.25               10
11  1  1  0  0  0  1                   0.0   -6.25                2
12  1  0  1  0  0  1                   0.0   -6.25                5
13  0  1  0  1  0  1                   0.0   -6.25                3
14  0  1  1  0  1  0                   0.0   -6.25                7
15  0  0  0  1  1  1                   0.0   -6.25                9
16  0  0  1  1  1  0                   0.0   -6.25                8
17  1  1  1  0  0  0                   0.0   -6.25                1
18  1  1  0  0  1  0                   0.0   -6.25                2
19  1  0  0  1  1  0                   0.0   -6.25                3
20  1  1  0  0  0  0                   0.0   -6.00                1
21  0  1  1  1  0  1                   0.0   -6.00                6
22  0  0  1  0  1  0                   0.0   -6.00               11
23  1  0  0  0  0  1                   0.0   -6.00                3
24  1  1  1  1  0  0                   0.0   -6.00                2
25  0  0  1  0  0  1                   0.0   -6.00               10
26  1  0  1  1  1  0                   0.0   -6.00                1
27  1  0  1  1  0  1                   0.0   -6.00                1
28  0  1  1  0  1  1                   0.0   -6.00                6
29  0  1  0  0  1  0                   0.0   -6.00                7
30  1  1  0  1  0  1                   0.0   -6.00                1
31  0  1  1  0  0  0                   0.0   -6.00               11
32  0  1  0  0  0  1                   0.0   -6.00                7
33  0  0  1  1  0  0                   0.0   -6.00                5
34  0  0  1  1  1  1                   0.0   -6.00                7
35  0  1  1  1  1  0                   0.0   -6.00                6
36  1  1  0  1  1  0                   0.0   -6.00                1
37  0  0  0  0  1  1                   0.0   -6.00                7
38  1  0  0  1  0  0                   0.0   -6.00                1
39  1  0  0  0  1  0                   0.0   -6.00                1
40  1  0  0  1  1  1                   0.0   -6.00                1
41  0  0  1  0  0  0                   0.0   -5.25                5
42  0  1  1  1  1  1                   0.0   -5.25                3
43  1  0  0  0  0  0                   0.0   -5.25                1
Valid partition found with 3 cut edges

Solution:  [1, 0, 1, 1, 0, 0]
--------------- DW_2000Q_6 ---------------
    0  1  2  3  4  5  chain_break_fraction  energy  num_occurrences
0   1  0  1  1  0  0              0.000000   -8.25              122
1   0  1  0  0  1  1              0.000000   -8.25               66
2   1  0  1  0  0  0              0.000000   -8.00               67
3   0  1  0  1  1  1              0.000000   -8.00               58
4   1  0  0  1  0  1              0.000000   -6.25                6
5   0  1  1  0  0  1              0.000000   -6.25                4
6   1  1  0  0  0  1              0.000000   -6.25                7
7   0  1  0  1  1  0              0.000000   -6.25                9
8   1  1  0  0  1  0              0.000000   -6.25                9
9   0  0  1  1  1  0              0.000000   -6.25                4
10  0  0  1  1  0  1              0.000000   -6.25                3
11  0  0  1  0  1  1              0.000000   -6.25                2
12  1  1  1  0  0  0              0.000000   -6.25                3
13  0  1  1  0  1  0              0.000000   -6.25                6
14  0  1  0  1  0  1              0.000000   -6.25                3
15  0  1  1  1  0  0              0.000000   -6.25                3
16  1  0  1  0  0  1              0.000000   -6.25                1
17  1  0  1  0  1  0              0.000000   -6.25                9
18  1  0  0  1  1  0              0.000000   -6.25               12
19  0  0  0  1  1  1              0.000000   -6.25                6
20  1  1  0  1  0  0              0.000000   -6.25                8
21  1  0  0  0  1  1              0.000000   -6.25                6
22  1  0  0  0  1  0              0.000000   -6.00                3
23  1  1  0  0  0  0              0.000000   -6.00                6
24  0  1  1  1  0  1              0.000000   -6.00                1
25  0  1  1  0  1  1              0.000000   -6.00                2
26  0  1  1  1  1  0              0.000000   -6.00                3
27  1  1  0  1  1  0              0.000000   -6.00               10
28  0  1  1  0  0  0              0.000000   -6.00                1
29  1  0  1  1  1  0              0.000000   -6.00                8
30  1  0  1  1  0  1              0.000000   -6.00                3
31  0  0  0  0  1  1              0.000000   -6.00                2
32  1  1  1  1  0  0              0.000000   -6.00                2
33  1  0  0  0  0  1              0.000000   -6.00                3
34  1  1  0  0  1  1              0.000000   -6.00                9
35  1  1  0  1  0  1              0.000000   -6.00                7
36  0  0  1  1  0  0              0.000000   -6.00                4
37  0  0  1  0  0  1              0.000000   -6.00                1
38  1  0  0  1  1  1              0.000000   -6.00                4
39  1  0  0  1  0  0              0.000000   -6.00                4
40  0  1  0  0  0  1              0.000000   -6.00                3
41  1  0  0  0  0  0              0.000000   -5.25                3
42  0  1  1  1  1  1              0.000000   -5.25                2
43  1  1  0  1  1  1              0.000000   -5.25                2
44  1  0  1  0  1  1              0.000000   -4.00                1
45  1  1  1  1  0  1              0.000000   -3.25                1
46  1  0  1  0  0  0              0.166667   -8.00                1
Valid partition found with 3 cut edges

Solution:  [1, 0, 1, 1, 0, 0]
--------------- DW_2000Q_6 ---------------
    0  1  2  3  4  5  chain_break_fraction  energy  num_occurrences
0   0  1  0  0  1  1                   0.0   -8.25               89
1   1  0  1  1  0  0                   0.0   -8.25               74
2   1  0  1  0  0  0                   0.0   -8.00               39
3   0  1  0  1  1  1                   0.0   -8.00               83
4   1  0  0  0  1  1                   0.0   -6.25                1
5   0  1  1  1  0  0                   0.0   -6.25               22
6   1  0  0  1  0  1                   0.0   -6.25                2
7   0  1  0  1  0  1                   0.0   -6.25               11
8   0  0  1  1  0  1                   0.0   -6.25                6
9   1  1  0  0  1  0                   0.0   -6.25                5
10  1  0  1  0  0  1                   0.0   -6.25                3
11  0  1  1  0  0  1                   0.0   -6.25               11
12  1  1  1  0  0  0                   0.0   -6.25                6
13  0  0  0  1  1  1                   0.0   -6.25                4
14  0  1  1  0  1  0                   0.0   -6.25                7
15  1  0  1  0  1  0                   0.0   -6.25                1
16  0  0  1  1  1  0                   0.0   -6.25                5
17  0  1  0  1  1  0                   0.0   -6.25               21
18  1  1  0  0  0  1                   0.0   -6.25                6
19  0  0  1  0  1  1                   0.0   -6.25                3
20  1  1  0  1  0  0                   0.0   -6.25                5
21  1  0  0  1  1  0                   0.0   -6.25                4
22  1  1  0  1  0  1                   0.0   -6.00                5
23  0  0  0  0  1  1                   0.0   -6.00                3
24  1  1  0  1  1  0                   0.0   -6.00                2
25  1  0  1  1  0  1                   0.0   -6.00                3
26  0  1  1  1  0  1                   0.0   -6.00                7
27  1  0  0  1  1  1                   0.0   -6.00                2
28  1  1  0  0  0  0                   0.0   -6.00                1
29  1  0  0  0  0  1                   0.0   -6.00                2
30  0  1  0  0  1  0                   0.0   -6.00                6
31  0  1  1  0  0  0                   0.0   -6.00                9
32  0  0  1  1  1  1                   0.0   -6.00                2
33  0  0  1  0  1  0                   0.0   -6.00                2
34  0  1  1  1  1  0                   0.0   -6.00                8
35  0  1  0  0  0  1                   0.0   -6.00                2
36  0  0  1  1  0  0                   0.0   -6.00                9
37  1  1  0  0  1  1                   0.0   -6.00                3
38  0  1  1  0  1  1                   0.0   -6.00                4
39  1  0  0  1  0  0                   0.0   -6.00                3
40  0  0  1  0  0  1                   0.0   -6.00                5
41  1  0  1  1  1  0                   0.0   -6.00                2
42  1  1  1  1  0  0                   0.0   -6.00                5
43  1  0  0  0  0  0                   0.0   -5.25                1
44  0  0  1  0  0  0                   0.0   -5.25                1
45  1  1  0  1  1  1                   0.0   -5.25                1
46  0  1  1  1  1  1                   0.0   -5.25                3
47  0  0  0  0  0  1                   0.0   -3.25                1
Valid partition found with 3 cut edges

Solution:  [0, 1, 0, 0, 1, 1]
--------------- DW_2000Q_6 ---------------
    0  1  2  3  4  5  chain_break_fraction  energy  num_occurrences
0   1  0  1  1  0  0                   0.0   -8.25               62
1   0  1  0  0  1  1                   0.0   -8.25              111
2   0  1  0  1  1  1                   0.0   -8.00               85
3   1  0  1  0  0  0                   0.0   -8.00               33
4   0  1  1  0  1  0                   0.0   -6.25               10
5   0  1  0  1  1  0                   0.0   -6.25               18
6   1  0  1  0  1  0                   0.0   -6.25                9
7   0  1  1  0  0  1                   0.0   -6.25                1
8   1  1  1  0  0  0                   0.0   -6.25                3
9   1  1  0  0  0  1                   0.0   -6.25                2
10  1  0  0  0  1  1                   0.0   -6.25                2
11  0  0  1  1  0  1                   0.0   -6.25                5
12  1  1  0  0  1  0                   0.0   -6.25               11
13  0  0  0  1  1  1                   0.0   -6.25                7
14  1  0  1  0  0  1                   0.0   -6.25                3
15  1  0  0  1  1  0                   0.0   -6.25                6
16  0  0  1  1  1  0                   0.0   -6.25               14
17  1  1  0  1  0  0                   0.0   -6.25                5
18  1  0  0  1  0  1                   0.0   -6.25                4
19  0  1  0  1  0  1                   0.0   -6.25                5
20  0  1  1  1  0  0                   0.0   -6.25                5
21  0  0  1  0  1  1                   0.0   -6.25                2
22  1  0  0  1  0  0                   0.0   -6.00                5
23  0  1  1  0  1  1                   0.0   -6.00                3
24  0  0  1  0  0  1                   0.0   -6.00                1
25  1  0  0  0  0  1                   0.0   -6.00                2
26  1  1  0  0  0  0                   0.0   -6.00                1
27  0  0  1  1  0  0                   0.0   -6.00                4
28  0  0  1  0  1  0                   0.0   -6.00                5
29  0  0  1  1  1  1                   0.0   -6.00                5
30  0  1  1  1  1  0                   0.0   -6.00               12
31  1  0  1  1  0  1                   0.0   -6.00                2
32  1  1  0  1  1  0                   0.0   -6.00                9
33  0  1  1  0  0  0                   0.0   -6.00                4
34  0  1  0  0  0  1                   0.0   -6.00                2
35  0  0  0  0  1  1                   0.0   -6.00                7
36  1  1  0  1  0  1                   0.0   -6.00                1
37  1  0  0  1  1  1                   0.0   -6.00                2
38  1  1  0  0  1  1                   0.0   -6.00                2
39  1  0  0  0  1  0                   0.0   -6.00                6
40  1  0  1  1  1  0                   0.0   -6.00                5
41  0  1  0  0  1  0                   0.0   -6.00               12
42  1  1  0  1  1  1                   0.0   -5.25                2
43  0  1  1  1  1  1                   0.0   -5.25                2
44  0  0  1  0  0  0                   0.0   -5.25                1
45  0  1  0  1  0  0                   0.0   -4.00                1
46  1  0  1  1  1  1                   0.0   -3.25                1
Valid partition found with 3 cut edges

Solution:  [1, 0, 1, 1, 0, 0]