--------------- DW_2000Q_6 ---------------
   0  1  2  3  4  5  6  7  chain_break_fraction  energy  num_occurrences
0  0  1  0  1  0  1  0  1                 0.750  -14.00               80
1  1  0  1  0  1  1  1  0                 0.875  -13.75               59
2  0  1  0  1  0  1  1  1                 0.875  -13.75               78
3  1  0  1  0  1  0  1  0                 0.750  -14.00               55
4  0  1  0  1  0  1  0  1                 0.875  -14.00               55
5  0  1  0  1  0  1  1  1                 1.000  -13.75               51
6  1  0  1  0  1  0  1  0                 0.875  -14.00               48
7  1  0  1  0  1  1  1  0                 1.000  -13.75               74
Valid partition found with 6 cut edges

Solution:  [0, 1, 0, 1, 0, 1, 0, 1]

--------------- DW_2000Q_6 ---------------
    0  1  2  3  4  5  6  7  chain_break_fraction  energy  num_occurrences
0   1  0  0  1  0  0  1  0                 0.500  -15.75              123
1   0  1  1  0  1  1  0  1                 0.500  -15.75               40
2   1  0  0  1  0  1  1  0                 0.500  -16.00               94
3   0  1  1  0  1  0  0  1                 0.500  -16.00               26
4   0  0  0  1  0  1  1  1                 0.500  -17.00                6
5   1  0  0  1  0  1  1  0                 0.500  -16.00               75
6   0  1  1  0  1  1  0  1                 0.500  -15.75               58
7   1  0  0  1  0  1  0  0                 0.625  -13.75               16
8   0  1  1  0  1  1  1  1                 0.625  -13.00                4
9   1  0  0  1  0  1  0  0                 0.625  -13.75               16
10  1  0  0  1  0  0  0  0                 0.625  -13.00               13
11  0  1  1  0  1  0  1  1                 0.625  -13.75                2
12  0  1  1  0  1  1  1  1                 0.625  -13.00                3
13  1  0  0  1  0  1  1  1                 0.625  -15.75                4
14  0  1  1  0  1  1  0  0                 0.625  -16.00                1
15  1  0  0  1  0  0  1  1                 0.625  -16.00                2
16  1  0  0  1  0  1  1  1                 0.500  -15.75                1
17  1  0  0  1  0  1  0  0                 0.500  -13.75                2
18  1  0  0  1  0  0  0  0                 0.500  -13.00                3
19  1  0  0  1  0  0  1  1                 0.500  -16.00                2
20  0  1  1  0  1  1  0  0                 0.500  -16.00                1
21  1  0  0  1  0  1  0  1                 0.750  -16.00                1
22  1  0  0  1  0  0  0  1                 0.750  -15.75                2
23  1  0  0  1  0  1  0  1                 0.625  -16.00                1
24  1  0  0  1  0  1  0  1                 0.500  -16.00                1
25  1  1  1  1  1  0  0  0                 0.500  -17.75                1
26  0  0  0  0  1  1  1  1                 0.500  -19.00                1
27  1  0  0  1  0  1  0  0                 0.500  -13.75                1
Valid partition found with 1 cut edges

Solution:  [0, 0, 0, 0, 1, 1, 1, 1]

--------------- DW_2000Q_6 ---------------
   0  1  2  3  4  5  6  7  chain_break_fraction  energy  num_occurrences
0  1  1  1  1  1  0  0  0                 0.375  -17.75               82
1  0  0  0  0  0  1  1  1                 0.375  -17.75              231
2  1  1  0  0  0  0  1  1                 0.375  -16.00              146
3  0  0  1  1  1  1  0  1                 0.375  -15.75               32
4  0  1  0  0  0  1  1  1                 0.375  -17.00                2
5  1  0  0  0  0  1  1  1                 0.375  -17.00                3
6  1  1  0  0  0  0  1  1                 0.250  -16.00                1
7  0  0  0  0  0  1  0  1                 0.500  -13.00                1
8  0  0  0  0  0  1  1  1                 0.500  -17.75                1
9  0  0  0  0  0  1  1  1                 0.500  -17.75                1
No valid partition found

--------------- DW_2000Q_6 ---------------
    0  1  2  3  4  5  6  7  chain_break_fraction  energy  num_occurrences
0   0  0  0  0  1  1  1  1                 0.000  -19.00              376
1   1  1  1  1  0  0  0  0                 0.000  -19.00               29
2   1  1  0  1  0  0  0  1                 0.250  -17.00               11
3   0  0  0  0  1  1  1  1                 0.250  -19.00               45
4   0  0  1  0  1  1  1  0                 0.250  -17.00               21
5   1  1  1  1  0  0  0  0                 0.250  -19.00                7
6   1  1  0  1  0  0  0  0                 0.125  -16.75                2
7   0  0  1  0  1  1  1  1                 0.125  -16.75                5
8   0  0  0  0  1  1  1  1                 0.125  -19.00                2
9   1  1  1  0  0  0  1  0                 0.250  -16.00                1
10  0  0  0  0  1  1  1  1                 0.125  -19.00                1
Valid partition found with 1 cut edges

Solution:  [0, 0, 0, 0, 1, 1, 1, 1]

--------------- DW_2000Q_6 ---------------
   0  1  2  3  4  5  6  7  chain_break_fraction  energy  num_occurrences
0  1  1  1  1  0  0  0  0                   0.0  -19.00              274
1  0  0  0  0  1  1  1  1                   0.0  -19.00              216
2  0  0  0  0  0  1  1  1                   0.0  -17.75                6
3  0  0  0  1  0  1  1  1                   0.0  -17.00                1
4  1  1  0  1  0  0  0  1                   0.0  -17.00                1
5  1  1  1  1  0  0  1  0                   0.0  -16.75                1
6  0  0  1  0  1  1  1  1                   0.0  -16.75                1
Valid partition found with 1 cut edges

Solution:  [1, 1, 1, 1, 0, 0, 0, 0]

--------------- DW_2000Q_6 ---------------
    0  1  2  3  4  5  6  7  chain_break_fraction  energy  num_occurrences
0   0  0  0  0  1  1  1  1                 0.000  -19.00              164
1   1  1  1  1  0  0  0  0                 0.000  -19.00              265
2   0  0  0  0  0  1  1  1                 0.000  -17.75                9
3   1  1  1  1  1  0  0  0                 0.000  -17.75               16
4   0  0  0  1  0  1  1  1                 0.000  -17.00                1
5   0  1  0  0  0  1  1  1                 0.000  -17.00                3
6   0  0  1  0  1  1  1  0                 0.000  -17.00                6
7   1  0  0  0  0  1  1  1                 0.000  -17.00                2
8   0  0  1  0  1  1  0  1                 0.000  -17.00                2
9   1  1  0  1  0  0  1  0                 0.000  -17.00                5
10  1  1  1  0  1  0  0  0                 0.000  -17.00                4
11  0  1  1  1  1  0  0  0                 0.000  -17.00                1
12  1  1  0  1  0  0  0  1                 0.000  -17.00                2
13  1  0  1  1  1  0  0  0                 0.000  -17.00                2
14  0  0  0  0  1  1  1  0                 0.000  -16.75                2
15  1  1  1  1  0  0  0  1                 0.000  -16.75                1
16  1  1  1  1  0  0  1  0                 0.000  -16.75                2
17  0  0  1  0  1  1  1  1                 0.000  -16.75                2
18  0  1  1  1  0  0  0  1                 0.000  -16.00                1
19  1  0  1  1  0  0  1  0                 0.000  -16.00                2
20  1  0  1  1  0  0  0  1                 0.000  -16.00                1
21  0  1  0  0  1  1  1  0                 0.000  -16.00                1
22  0  1  0  0  1  1  0  1                 0.000  -16.00                1
23  0  1  1  0  1  0  1  0                 0.000  -16.00                1
24  1  0  0  1  0  1  0  1                 0.000  -16.00                1
25  1  0  1  1  0  0  0  0                 0.000  -15.75                1
26  1  0  0  1  0  0  1  0                 0.000  -15.75                1
27  1  1  1  1  0  0  0  1                 0.125  -16.75                1
Valid partition found with 1 cut edges

Solution:  [0, 0, 0, 0, 1, 1, 1, 1]

--------------- DW_2000Q_6 ---------------
    0  1  2  3  4  5  6  7  chain_break_fraction  energy  num_occurrences
0   0  0  0  0  1  1  1  1                   0.0  -19.00              121
1   1  1  1  1  0  0  0  0                   0.0  -19.00              303
2   1  1  1  1  1  0  0  0                   0.0  -17.75               17
3   0  0  0  0  0  1  1  1                   0.0  -17.75               11
4   0  0  1  0  1  1  1  0                   0.0  -17.00                3
5   1  1  0  1  0  0  1  0                   0.0  -17.00                5
6   0  0  1  0  1  1  0  1                   0.0  -17.00                3
7   1  1  0  1  0  0  0  1                   0.0  -17.00                8
8   1  0  1  1  1  0  0  0                   0.0  -17.00                2
9   1  0  0  0  0  1  1  1                   0.0  -17.00                4
10  1  1  1  0  1  0  0  0                   0.0  -17.00                1
11  0  1  0  0  0  1  1  1                   0.0  -17.00                1
12  0  0  0  1  0  1  1  1                   0.0  -17.00                1
13  1  1  0  1  0  0  0  0                   0.0  -16.75                5
14  1  1  1  1  0  0  0  1                   0.0  -16.75                4
15  0  0  0  0  1  1  1  0                   0.0  -16.75                1
16  0  0  0  0  1  1  0  1                   0.0  -16.75                2
17  1  0  1  1  0  0  0  1                   0.0  -16.00                1
18  0  0  0  1  1  1  1  0                   0.0  -16.00                1
19  1  0  0  0  1  1  1  0                   0.0  -16.00                1
20  0  0  1  1  1  0  0  1                   0.0  -16.00                1
21  1  0  0  1  0  0  0  1                   0.0  -15.75                2
22  0  0  1  1  1  0  0  0                   0.0  -15.75                1
23  0  0  0  0  1  0  1  1                   0.0  -14.75                1
Valid partition found with 1 cut edges

Solution:  [0, 0, 0, 0, 1, 1, 1, 1]

--------------- DW_2000Q_6 ---------------
    0  1  2  3  4  5  6  7  chain_break_fraction  energy  num_occurrences
0   0  0  0  0  1  1  1  1                   0.0  -19.00               36
1   1  1  1  1  0  0  0  0                   0.0  -19.00              386
2   1  1  1  1  1  0  0  0                   0.0  -17.75               15
3   0  0  0  0  0  1  1  1                   0.0  -17.75                1
4   1  0  1  1  1  0  0  0                   0.0  -17.00                2
5   1  1  1  0  1  0  0  0                   0.0  -17.00                9
6   0  1  0  0  0  1  1  1                   0.0  -17.00                2
7   1  1  0  1  0  0  0  1                   0.0  -17.00                6
8   0  0  0  1  0  1  1  1                   0.0  -17.00                1
9   1  1  0  1  0  0  1  0                   0.0  -17.00                2
10  0  0  1  0  1  1  0  1                   0.0  -17.00                6
11  1  0  0  0  0  1  1  1                   0.0  -17.00                1
12  0  1  1  1  1  0  0  0                   0.0  -17.00               10
13  1  1  0  1  0  0  0  0                   0.0  -16.75                3
14  0  0  1  0  1  1  1  1                   0.0  -16.75                1
15  1  1  1  1  0  0  0  1                   0.0  -16.75                3
16  1  1  1  1  0  0  1  0                   0.0  -16.75                3
17  0  0  0  0  1  1  1  0                   0.0  -16.75                1
18  1  1  1  0  0  0  0  1                   0.0  -16.00                1
19  0  1  1  0  1  0  0  1                   0.0  -16.00                1
20  0  0  0  1  1  1  0  1                   0.0  -16.00                1
21  0  1  1  0  1  0  1  0                   0.0  -16.00                1
22  0  1  0  0  1  1  1  0                   0.0  -16.00                1
23  0  1  0  0  1  1  0  1                   0.0  -16.00                2
24  1  1  0  0  0  0  1  1                   0.0  -16.00                1
25  0  1  1  0  1  1  1  0                   0.0  -15.75                1
26  0  1  1  0  1  0  0  0                   0.0  -15.75                1
27  0  0  1  1  1  0  0  0                   0.0  -15.75                1
28  1  1  1  0  1  1  0  0                   0.0  -14.75                1
Valid partition found with 1 cut edges

Solution:  [0, 0, 0, 0, 1, 1, 1, 1]

--------------- DW_2000Q_6 ---------------
    0  1  2  3  4  5  6  7  chain_break_fraction  energy  num_occurrences
0   1  1  1  1  0  0  0  0                   0.0  -19.00              162
1   0  0  0  0  1  1  1  1                   0.0  -19.00              218
2   1  1  1  1  1  0  0  0                   0.0  -17.75                7
3   0  0  0  0  0  1  1  1                   0.0  -17.75               13
4   0  1  1  1  1  0  0  0                   0.0  -17.00                6
5   1  0  0  0  0  1  1  1                   0.0  -17.00                5
6   1  1  0  1  0  0  0  1                   0.0  -17.00               11
7   1  1  0  1  0  0  1  0                   0.0  -17.00                4
8   0  0  1  0  1  1  0  1                   0.0  -17.00                2
9   0  0  1  0  1  1  1  0                   0.0  -17.00                5
10  0  0  0  1  0  1  1  1                   0.0  -17.00                2
11  1  1  1  0  1  0  0  0                   0.0  -17.00                2
12  1  0  1  1  1  0  0  0                   0.0  -17.00                1
13  0  1  0  0  0  1  1  1                   0.0  -17.00                4
14  1  1  0  1  0  0  0  0                   0.0  -16.75                3
15  1  1  1  1  0  0  1  0                   0.0  -16.75                2
16  0  0  1  0  1  1  1  1                   0.0  -16.75                3
17  1  1  1  1  0  0  0  1                   0.0  -16.75                5
18  0  0  0  0  1  1  0  1                   0.0  -16.75                1
19  0  0  0  0  1  1  1  0                   0.0  -16.75                8
20  0  1  1  1  0  0  1  0                   0.0  -16.00                1
21  0  0  1  1  1  0  0  1                   0.0  -16.00                1
22  1  0  1  1  0  0  0  1                   0.0  -16.00                2
23  1  0  0  1  0  0  1  1                   0.0  -16.00                2
24  1  0  1  1  0  0  1  0                   0.0  -16.00                1
25  1  1  0  0  0  1  1  0                   0.0  -16.00                2
26  0  1  1  0  1  1  0  0                   0.0  -16.00                1
27  1  0  0  1  0  1  1  0                   0.0  -16.00                4
28  1  1  1  0  0  0  0  1                   0.0  -16.00                1
29  0  0  0  1  1  1  0  1                   0.0  -16.00                1
30  1  1  1  0  0  0  1  0                   0.0  -16.00                1
31  1  0  0  1  0  1  0  1                   0.0  -16.00                4
32  0  1  1  1  0  0  0  0                   0.0  -15.75                1
33  1  0  0  0  1  1  1  1                   0.0  -15.75                1
34  1  0  0  1  0  0  0  1                   0.0  -15.75                2
35  0  1  1  0  1  1  0  1                   0.0  -15.75                1
36  0  1  1  0  1  0  0  0                   0.0  -15.75                1
37  1  1  0  0  0  1  1  1                   0.0  -15.75                1
38  1  0  0  1  1  0  0  1                   0.0  -15.00                1
39  1  1  0  1  0  0  1  1                   0.0  -14.75                2
40  0  1  1  1  1  1  0  0                   0.0  -14.75                1
41  0  1  1  0  0  0  1  0                   0.0  -14.75                1
42  0  1  1  0  0  1  1  1                   0.0  -14.75                1
43  0  1  0  1  0  1  1  0                   0.0  -14.00                1
44  0  1  1  1  0  0  1  1                   0.0  -13.75                1
Valid partition found with 1 cut edges

Solution:  [1, 1, 1, 1, 0, 0, 0, 0]

--------------- DW_2000Q_6 ---------------
    0  1  2  3  4  5  6  7  chain_break_fraction  energy  num_occurrences
0   1  1  1  1  0  0  0  0                 0.000  -19.00              229
1   0  0  0  0  1  1  1  1                 0.000  -19.00              113
2   0  0  0  0  0  1  1  1                 0.000  -17.75               16
3   1  1  1  1  1  0  0  0                 0.000  -17.75               12
4   1  1  1  0  1  0  0  0                 0.000  -17.00                3
5   0  0  0  1  0  1  1  1                 0.000  -17.00                5
6   0  1  0  0  0  1  1  1                 0.000  -17.00                2
7   1  0  1  1  1  0  0  0                 0.000  -17.00                9
8   1  1  0  1  0  0  0  1                 0.000  -17.00                9
9   0  0  1  0  1  1  1  0                 0.000  -17.00                5
10  1  1  0  1  0  0  1  0                 0.000  -17.00               18
11  0  1  1  1  1  0  0  0                 0.000  -17.00                1
12  1  0  0  0  0  1  1  1                 0.000  -17.00                3
13  0  0  1  0  1  1  0  1                 0.000  -17.00                4
14  0  0  0  0  1  1  1  0                 0.000  -16.75                2
15  1  1  1  1  0  0  0  1                 0.000  -16.75                2
16  0  0  0  0  1  1  0  1                 0.000  -16.75                1
17  1  1  1  1  0  0  1  0                 0.000  -16.75                5
18  0  0  1  0  1  1  1  1                 0.000  -16.75                4
19  1  1  0  1  0  0  0  0                 0.000  -16.75                6
20  1  0  1  1  0  0  0  1                 0.000  -16.00                1
21  0  1  0  0  1  1  0  1                 0.000  -16.00                1
22  0  0  0  1  1  1  0  1                 0.000  -16.00                3
23  1  1  1  0  0  0  1  0                 0.000  -16.00                1
24  0  0  0  1  1  1  1  0                 0.000  -16.00                3
25  0  0  1  0  0  1  1  1                 0.000  -16.00                1
26  0  0  1  1  1  0  0  1                 0.000  -16.00                1
27  1  1  0  1  1  0  0  0                 0.000  -16.00                1
28  1  0  0  1  0  0  1  1                 0.000  -16.00                2
29  0  1  1  0  1  0  0  1                 0.000  -16.00                2
30  1  0  0  0  1  1  1  0                 0.000  -16.00                2
31  0  1  1  1  0  0  0  1                 0.000  -16.00                1
32  1  0  0  1  0  1  1  0                 0.000  -16.00                4
33  1  1  0  0  0  0  1  1                 0.000  -16.00                3
34  1  0  0  1  0  1  0  1                 0.000  -16.00                3
35  1  1  0  0  0  1  0  1                 0.000  -16.00                1
36  0  0  1  1  1  0  1  0                 0.000  -16.00                2
37  1  1  0  0  0  1  1  0                 0.000  -16.00                1
38  1  1  1  0  0  0  0  0                 0.000  -15.75                1
39  0  0  0  1  1  1  1  1                 0.000  -15.75                1
40  1  1  0  0  0  0  1  0                 0.000  -15.75                1
41  1  0  0  1  0  1  1  1                 0.000  -15.75                2
42  0  1  1  0  1  1  1  0                 0.000  -15.75                1
43  1  0  0  1  0  0  1  0                 0.000  -15.75                1
44  0  0  1  1  1  0  0  0                 0.000  -15.75                1
45  0  1  1  0  0  1  1  0                 0.000  -15.00                1
46  1  0  0  1  1  1  0  0                 0.000  -15.00                1
47  0  0  0  0  1  0  1  1                 0.000  -14.75                2
48  1  0  0  1  1  0  0  0                 0.000  -14.75                1
49  0  0  1  0  1  1  0  0                 0.000  -14.75                1
50  1  1  1  0  0  0  1  1                 0.000  -13.75                2
51  1  0  0  0  1  1  0  0                 0.000  -13.75                1
52  0  1  0  0  0  1  1  1                 0.125  -17.00                1
Valid partition found with 1 cut edges

Solution:  [1, 1, 1, 1, 0, 0, 0, 0]

--------------- DW_2000Q_6 ---------------
    0  1  2  3  4  5  6  7  chain_break_fraction  energy  num_occurrences
0   0  0  0  0  1  1  1  1                 0.000  -19.00              185
1   1  1  1  1  0  0  0  0                 0.000  -19.00              102
2   1  1  1  1  1  0  0  0                 0.000  -17.75                7
3   0  0  0  0  0  1  1  1                 0.000  -17.75               16
4   1  1  0  1  0  0  1  0                 0.000  -17.00                2
.. .. .. .. .. .. .. .. ..                   ...     ...              ...
65  0  0  0  0  1  0  1  1                 0.000  -14.75                1
66  0  1  1  1  1  1  0  0                 0.000  -14.75                1
67  0  0  1  1  0  0  1  0                 0.000  -14.75                1
68  0  0  1  0  0  1  1  0                 0.000  -13.75                1
69  1  1  1  1  0  0  0  0                 0.125  -19.00                1

[70 rows x 11 columns]
Valid partition found with 1 cut edges

Solution:  [0, 0, 0, 0, 1, 1, 1, 1]

--------------- DW_2000Q_6 ---------------
    0  1  2  3  4  5  6  7  chain_break_fraction  energy  num_occurrences
0   0  0  0  0  1  1  1  1                   0.0  -19.00               66
1   1  1  1  1  0  0  0  0                   0.0  -19.00              153
2   0  0  0  0  0  1  1  1                   0.0  -17.75                9
3   1  1  1  1  1  0  0  0                   0.0  -17.75               57
4   1  1  0  1  0  0  0  1                   0.0  -17.00                6
.. .. .. .. .. .. .. .. ..                   ...     ...              ...
59  1  0  1  1  1  0  0  1                   0.0  -14.75                1
60  0  0  1  1  0  0  1  0                   0.0  -14.75                1
61  1  0  0  1  1  1  0  1                   0.0  -14.75                1
62  1  1  0  1  1  1  0  0                   0.0  -13.75                1
63  1  0  1  0  1  1  1  0                   0.0  -13.75                1

[64 rows x 11 columns]
Valid partition found with 1 cut edges

Solution:  [0, 0, 0, 0, 1, 1, 1, 1]

--------------- DW_2000Q_6 ---------------
    0  1  2  3  4  5  6  7  chain_break_fraction  energy  num_occurrences
0   0  0  0  0  1  1  1  1                 0.000  -19.00              124
1   1  1  1  1  0  0  0  0                 0.000  -19.00               73
2   1  1  1  1  1  0  0  0                 0.000  -17.75               31
3   0  0  0  0  0  1  1  1                 0.000  -17.75               10
4   1  0  0  0  0  1  1  1                 0.000  -17.00                2
.. .. .. .. .. .. .. .. ..                   ...     ...              ...
74  0  0  0  1  1  1  0  0                 0.000  -13.75                1
75  0  0  0  1  1  0  0  1                 0.000  -13.75                1
76  1  0  1  0  1  0  0  0                 0.000  -13.75                1
77  1  0  1  0  1  1  0  1                 0.000  -13.75                1
78  1  1  1  1  1  0  0  0                 0.125  -17.75                1

[79 rows x 11 columns]
Valid partition found with 1 cut edges

Solution:  [0, 0, 0, 0, 1, 1, 1, 1]

--------------- DW_2000Q_6 ---------------
    0  1  2  3  4  5  6  7  chain_break_fraction  energy  num_occurrences
0   0  0  0  0  1  1  1  1                   0.0  -19.00               87
1   1  1  1  1  0  0  0  0                   0.0  -19.00               88
2   1  1  1  1  1  0  0  0                   0.0  -17.75               14
3   0  0  0  0  0  1  1  1                   0.0  -17.75               22
4   1  0  1  1  1  0  0  0                   0.0  -17.00                6
.. .. .. .. .. .. .. .. ..                   ...     ...              ...
83  0  0  1  0  0  1  0  1                   0.0  -13.75                1
84  1  0  1  1  0  1  0  1                   0.0  -13.75                1
85  1  1  1  0  0  0  1  1                   0.0  -13.75                1
86  1  1  0  0  0  1  0  0                   0.0  -13.75                1
87  1  1  0  0  0  0  0  0                   0.0  -13.00                2

[88 rows x 11 columns]
Valid partition found with 1 cut edges

Solution:  [0, 0, 0, 0, 1, 1, 1, 1]

--------------- DW_2000Q_6 ---------------
    0  1  2  3  4  5  6  7  chain_break_fraction  energy  num_occurrences
0   0  0  0  0  1  1  1  1                   0.0  -19.00              115
1   1  1  1  1  0  0  0  0                   0.0  -19.00               69
2   1  1  1  1  1  0  0  0                   0.0  -17.75               16
3   0  0  0  0  0  1  1  1                   0.0  -17.75               19
4   0  0  1  0  1  1  0  1                   0.0  -17.00               23
.. .. .. .. .. .. .. .. ..                   ...     ...              ...
85  1  1  1  0  0  0  1  1                   0.0  -13.75                1
86  1  0  0  1  0  1  0  0                   0.0  -13.75                1
87  0  1  0  1  0  1  1  1                   0.0  -13.75                1
88  0  0  1  1  1  1  1  1                   0.0  -13.00                1
89  0  1  0  1  0  1  0  0                   0.0  -11.75                1

[90 rows x 11 columns]
Valid partition found with 1 cut edges

Solution:  [0, 0, 0, 0, 1, 1, 1, 1]

--------------- DW_2000Q_6 ---------------
     0  1  2  3  4  5  6  7  chain_break_fraction  energy  num_occurrences
0    0  0  0  0  1  1  1  1                   0.0  -19.00               84
1    1  1  1  1  0  0  0  0                   0.0  -19.00               49
2    0  0  0  0  0  1  1  1                   0.0  -17.75               19
3    1  1  1  1  1  0  0  0                   0.0  -17.75               17
4    0  1  0  0  0  1  1  1                   0.0  -17.00                5
..  .. .. .. .. .. .. .. ..                   ...     ...              ...
109  0  1  1  1  0  1  0  1                   0.0  -13.75                1
110  0  0  1  0  0  0  1  1                   0.0  -13.75                1
111  1  0  0  1  0  0  0  0                   0.0  -13.00                1
112  1  0  1  0  0  0  1  1                   0.0  -13.00                1
113  1  0  0  0  0  0  1  0                   0.0  -12.00                1

[114 rows x 11 columns]
Valid partition found with 1 cut edges

Solution:  [0, 0, 0, 0, 1, 1, 1, 1]

--------------- DW_2000Q_6 ---------------
    0  1  2  3  4  5  6  7  chain_break_fraction  energy  num_occurrences
0   1  1  1  1  0  0  0  0                   0.0  -19.00               90
1   0  0  0  0  1  1  1  1                   0.0  -19.00               31
2   1  1  1  1  1  0  0  0                   0.0  -17.75               33
3   0  0  0  0  0  1  1  1                   0.0  -17.75               14
4   0  0  0  1  0  1  1  1                   0.0  -17.00                5
.. .. .. .. .. .. .. .. ..                   ...     ...              ...
91  1  0  0  0  1  0  1  0                   0.0  -13.75                1
92  1  1  1  1  1  1  0  0                   0.0  -13.00                1
93  1  0  0  1  0  0  0  0                   0.0  -13.00                1
94  1  0  1  0  0  1  1  0                   0.0  -13.00                1
95  1  0  0  1  1  0  1  1                   0.0  -12.75                2

[96 rows x 11 columns]
Valid partition found with 1 cut edges

Solution:  [1, 1, 1, 1, 0, 0, 0, 0]
--------------- DW_2000Q_6 ---------------
     0  1  2  3  4  5  6  7  chain_break_fraction  energy  num_occurrences
0    0  0  0  0  1  1  1  1                 0.000  -19.00               98
1    1  1  1  1  0  0  0  0                 0.000  -19.00               16
2    0  0  0  0  0  1  1  1                 0.000  -17.75               26
3    1  1  1  1  1  0  0  0                 0.000  -17.75                5
4    1  1  0  1  0  0  1  0                 0.000  -17.00               10
..  .. .. .. .. .. .. .. ..                   ...     ...              ...
110  1  1  1  1  1  0  0  1                 0.000  -13.00                1
111  1  0  1  0  0  1  1  1                 0.000  -12.75                1
112  0  0  0  0  1  0  1  0                 0.000  -12.00                1
113  1  0  0  0  1  0  0  0                 0.000  -11.00                1
114  0  0  0  0  1  1  1  0                 0.125  -16.75                1

[115 rows x 11 columns]
Valid partition found with 1 cut edges

Solution:  [0, 0, 0, 0, 1, 1, 1, 1]

--------------- DW_2000Q_6 ---------------
     0  1  2  3  4  5  6  7  chain_break_fraction  energy  num_occurrences
0    1  1  1  1  0  0  0  0                 0.000  -19.00               97
1    0  0  0  0  1  1  1  1                 0.000  -19.00               25
2    0  0  0  0  0  1  1  1                 0.000  -17.75               13
3    1  1  1  1  1  0  0  0                 0.000  -17.75               12
4    1  1  0  1  0  0  1  0                 0.000  -17.00               11
..  .. .. .. .. .. .. .. ..                   ...     ...              ...
107  0  1  0  1  1  0  0  0                 0.000  -12.75                1
108  0  1  1  0  0  1  0  0                 0.000  -12.75                1
109  0  1  1  0  0  0  0  0                 0.000  -12.00                1
110  0  1  1  1  0  1  1  1                 0.000  -11.00                1
111  1  1  0  0  0  1  1  1                 0.125  -15.75                1

[112 rows x 11 columns]
Valid partition found with 1 cut edges

Solution:  [1, 1, 1, 1, 0, 0, 0, 0]

--------------- DW_2000Q_6 ---------------
     0  1  2  3  4  5  6  7  chain_break_fraction  energy  num_occurrences
0    0  0  0  0  1  1  1  1                 0.000  -19.00               30
1    1  1  1  1  0  0  0  0                 0.000  -19.00               69
2    0  0  0  0  0  1  1  1                 0.000  -17.75                8
3    1  1  1  1  1  0  0  0                 0.000  -17.75               35
4    1  0  0  0  0  1  1  1                 0.000  -17.00                1
..  .. .. .. .. .. .. .. ..                   ...     ...              ...
114  0  1  0  1  1  1  0  0                 0.000  -13.00                1
115  0  1  0  1  1  1  1  0                 0.000  -12.75                1
116  0  0  1  0  1  0  0  0                 0.000  -12.00                1
117  1  1  0  0  0  1  1  0                 0.125  -16.00                1
118  0  0  1  0  1  0  0  0                 0.125  -12.00                1

[119 rows x 11 columns]
Valid partition found with 1 cut edges

Solution:  [0, 0, 0, 0, 1, 1, 1, 1]