--------------- DW_2000Q_6 ---------------
    0  1  2  3  4  5  6  7  chain_break_fraction  energy  num_occurrences
0   1  0  1  0  1  1  0  1                 1.000  -13.75               10
1   1  0  1  0  1  1  0  1                 0.875  -13.75               12
2   1  1  0  0  1  1  1  0                 0.875  -14.75               15
3   1  1  0  1  0  1  1  0                 0.750  -14.75               17
4   0  1  0  0  1  1  1  0                 1.000  -16.00               22
5   0  1  0  1  0  1  1  0                 0.750  -14.00               16
6   1  1  0  1  0  1  1  0                 0.750  -14.75               17
7   0  1  0  1  0  1  1  0                 0.875  -14.00               15
8   0  1  0  1  0  1  1  0                 0.875  -14.00               10
9   1  0  1  1  1  1  0  1                 0.875  -12.00                8
10  1  1  0  1  1  1  1  0                 0.875  -11.00                8
11  1  1  0  0  1  1  1  0                 0.875  -14.75                6
12  1  1  0  1  0  1  1  0                 0.750  -14.75               11
13  0  0  1  1  1  0  0  1                 0.750  -16.00               12
14  1  1  0  0  1  1  1  0                 0.750  -14.75               18
15  1  0  1  1  1  1  0  1                 1.000  -12.00               15
16  0  0  1  1  1  0  0  1                 0.750  -16.00               17
17  0  1  0  1  1  1  1  0                 1.000  -12.75               27
18  0  1  0  1  0  1  1  0                 0.875  -14.00               20
19  1  0  1  0  1  1  0  1                 0.750  -13.75               18
20  0  1  0  1  1  1  1  0                 1.000  -12.75               25
21  0  1  0  1  1  1  1  0                 1.000  -12.75               13
22  0  0  1  1  1  0  0  1                 0.875  -16.00                8
23  0  0  1  1  1  0  0  1                 0.750  -16.00               26
24  1  0  1  1  1  1  0  1                 1.000  -12.00                6
25  0  0  1  1  1  0  0  1                 0.750  -16.00               11
26  0  0  1  0  1  0  0  1                 0.750  -14.75               23
27  0  0  1  1  1  0  0  1                 0.875  -16.00               25
28  1  0  1  0  1  1  0  1                 0.875  -13.75               14
29  0  0  1  1  1  0  0  1                 0.875  -16.00               23
30  1  1  0  0  0  1  1  0                 0.750  -16.00               24
31  1  0  1  1  1  1  0  1                 1.000  -12.00                8
Valid partition found with 4 cut edges

Solution:  [0, 0, 1, 1, 1, 0, 0, 1]

--------------- DW_2000Q_6 ---------------
   0  1  2  3  4  5  6  7  chain_break_fraction  energy  num_occurrences
0  1  0  1  0  1  0  0  1                 0.750  -14.00              234
1  0  1  0  1  0  1  1  0                 0.750  -14.00              260
2  1  1  0  1  0  1  1  1                 0.625  -12.00                1
3  0  0  1  0  1  0  0  1                 0.625  -14.75                2
4  1  0  1  0  1  1  1  1                 0.625  -11.00                1
5  0  0  0  0  0  1  1  0                 0.625  -13.00                1
6  1  1  0  1  0  1  1  0                 0.500  -14.75                1
No valid partition found

--------------- DW_2000Q_6 ---------------
    0  1  2  3  4  5  6  7  chain_break_fraction  energy  num_occurrences
0   1  1  1  1  0  0  0  0                 0.000  -19.00               14
1   0  0  0  0  1  1  1  1                 0.000  -19.00               42
2   0  0  0  0  0  1  1  1                 0.125  -17.75                6
3   1  1  1  1  1  0  0  0                 0.125  -17.75                2
4   1  0  1  0  1  0  0  0                 0.625  -13.75               84
5   0  1  0  1  0  1  1  1                 0.625  -13.75               25
6   0  1  0  1  0  1  0  1                 0.625  -14.00               29
7   0  1  0  1  0  1  1  1                 0.625  -13.75               25
8   1  0  1  0  1  0  1  0                 0.625  -14.00              121
9   1  0  1  0  1  0  1  0                 0.625  -14.00              103
10  1  0  1  0  1  0  0  0                 0.500  -13.75                6
11  0  1  0  1  0  1  1  1                 0.500  -13.75                3
12  0  0  1  0  1  0  1  0                 0.500  -14.75                7
13  0  1  0  1  0  1  1  1                 0.500  -13.75                2
14  1  0  1  0  1  0  1  0                 0.500  -14.00                5
15  1  0  1  0  1  0  1  0                 0.500  -14.00                5
16  1  0  1  0  1  0  0  0                 0.500  -13.75                1
17  0  1  0  1  0  1  1  1                 0.500  -13.75                1
18  0  1  0  1  0  1  0  1                 0.500  -14.00                1
19  1  0  1  0  1  0  0  0                 0.500  -13.75                2
20  1  0  1  0  1  0  1  0                 0.500  -14.00                3
21  1  0  1  0  1  0  1  0                 0.500  -14.00                2
22  1  0  1  0  1  0  1  0                 0.500  -14.00                4
23  1  0  1  0  1  0  1  0                 0.500  -14.00                2
24  0  0  1  0  1  0  1  0                 0.375  -14.75                1
25  0  1  0  1  0  1  0  1                 0.375  -14.00                1
26  1  0  1  0  1  0  1  0                 0.500  -14.00                1
27  0  1  0  1  0  1  0  1                 0.375  -14.00                1
28  1  0  1  0  1  0  1  0                 0.500  -14.00                1
Valid partition found with 1 cut edges

Solution:  [1, 1, 1, 1, 0, 0, 0, 0]

--------------- DW_2000Q_6 ---------------
    0  1  2  3  4  5  6  7  chain_break_fraction  energy  num_occurrences
0   1  1  1  1  0  0  0  0                 0.000  -19.00              198
1   0  0  0  0  1  1  1  1                 0.000  -19.00              269
2   0  0  1  0  1  1  1  0                 0.000  -17.00                1
3   1  0  0  0  0  1  1  1                 0.000  -17.00                1
4   1  1  1  0  1  0  0  0                 0.000  -17.00                1
5   1  1  0  1  0  0  1  0                 0.000  -17.00                1
6   1  1  1  1  0  0  1  0                 0.000  -16.75                1
7   1  1  1  0  0  0  0  1                 0.250  -16.00                2
8   1  0  0  0  1  1  0  1                 0.250  -16.00                1
9   1  1  1  0  0  0  1  1                 0.250  -13.75                3
10  1  0  0  1  1  1  0  1                 0.250  -14.75                2
11  1  0  0  1  1  1  1  0                 0.250  -14.75                6
12  0  1  1  0  1  0  0  1                 0.250  -16.00                4
13  0  1  1  0  0  1  0  1                 0.250  -15.00                3
14  0  1  1  1  0  0  0  1                 0.250  -16.00                2
15  0  0  0  1  1  1  1  0                 0.250  -16.00                1
16  0  0  0  0  1  1  1  1                 0.125  -19.00                1
17  1  0  0  1  0  1  0  1                 0.375  -16.00                1
18  1  0  0  1  1  1  1  0                 0.125  -14.75                1
19  1  0  0  0  1  1  1  0                 0.000  -16.00                1
Valid partition found with 1 cut edges

Solution:  [1, 1, 1, 1, 0, 0, 0, 0]

--------------- DW_2000Q_6 ---------------
    0  1  2  3  4  5  6  7  chain_break_fraction  energy  num_occurrences
0   0  0  0  0  1  1  1  1                 0.000  -19.00              247
1   1  1  1  1  0  0  0  0                 0.000  -19.00              218
2   0  0  0  0  0  1  1  1                 0.125  -17.75                9
3   1  1  1  1  1  0  0  0                 0.125  -17.75                8
4   1  1  0  1  0  0  0  1                 0.125  -17.00                1
5   0  0  1  0  1  1  1  1                 0.125  -16.75                4
6   0  0  1  0  1  1  0  1                 0.125  -17.00                5
7   1  1  0  1  0  0  1  0                 0.125  -17.00                4
8   0  0  1  0  1  1  0  1                 0.000  -17.00                1
9   1  1  0  1  0  0  1  0                 0.000  -17.00                1
10  1  1  1  0  0  0  1  0                 0.000  -16.00                1
11  1  0  0  0  1  1  1  1                 0.125  -15.75                1
Valid partition found with 1 cut edges

Solution:  [0, 0, 0, 0, 1, 1, 1, 1]

--------------- DW_2000Q_6 ---------------
    0  1  2  3  4  5  6  7  chain_break_fraction  energy  num_occurrences
0   0  0  0  0  1  1  1  1                   0.0  -19.00              204
1   1  1  1  1  0  0  0  0                   0.0  -19.00              249
2   0  0  0  0  0  1  1  1                   0.0  -17.75                2
3   1  1  1  1  1  0  0  0                   0.0  -17.75               15
4   0  1  1  1  1  0  0  0                   0.0  -17.00                1
5   0  1  0  0  0  1  1  1                   0.0  -17.00                4
6   1  1  0  1  0  0  1  0                   0.0  -17.00                1
7   0  0  1  0  1  1  0  1                   0.0  -17.00                5
8   1  0  1  1  1  0  0  0                   0.0  -17.00                3
9   1  0  0  0  0  1  1  1                   0.0  -17.00                2
10  1  1  0  1  0  0  0  1                   0.0  -17.00                3
11  0  0  1  0  1  1  1  0                   0.0  -17.00                1
12  1  1  0  1  0  0  0  0                   0.0  -16.75                3
13  1  1  1  1  0  0  1  0                   0.0  -16.75                1
14  0  0  0  0  1  1  1  0                   0.0  -16.75                2
15  0  0  1  0  1  1  1  1                   0.0  -16.75                1
16  0  1  1  0  1  1  1  0                   0.0  -15.75                1
17  0  1  1  0  1  1  0  1                   0.0  -15.75                1
18  1  0  1  1  1  1  0  0                   0.0  -14.75                1
Valid partition found with 1 cut edges

Solution:  [0, 0, 0, 0, 1, 1, 1, 1]

--------------- DW_2000Q_6 ---------------
    0  1  2  3  4  5  6  7  chain_break_fraction  energy  num_occurrences
0   0  0  0  0  1  1  1  1                 0.000  -19.00              204
1   1  1  1  1  0  0  0  0                 0.000  -19.00              194
2   1  1  1  1  1  0  0  0                 0.000  -17.75               18
3   0  0  0  0  0  1  1  1                 0.000  -17.75               22
4   0  0  1  0  1  1  0  1                 0.000  -17.00                3
5   1  1  0  1  0  0  1  0                 0.000  -17.00                4
6   1  0  1  1  1  0  0  0                 0.000  -17.00                3
7   1  1  0  1  0  0  0  1                 0.000  -17.00                4
8   1  1  1  0  1  0  0  0                 0.000  -17.00                1
9   0  0  0  1  0  1  1  1                 0.000  -17.00                3
10  0  0  1  0  1  1  1  0                 0.000  -17.00                3
11  0  1  1  1  1  0  0  0                 0.000  -17.00                2
12  1  0  0  0  0  1  1  1                 0.000  -17.00                3
13  0  1  0  0  0  1  1  1                 0.000  -17.00                1
14  1  1  0  1  0  0  0  0                 0.000  -16.75                1
15  1  1  1  1  0  0  0  1                 0.000  -16.75                3
16  0  0  0  0  1  1  1  0                 0.000  -16.75                1
17  0  0  1  0  1  1  1  1                 0.000  -16.75                4
18  0  0  0  0  1  1  0  1                 0.000  -16.75                1
19  1  1  1  1  0  0  1  0                 0.000  -16.75                4
20  0  1  1  0  1  0  1  0                 0.000  -16.00                1
21  1  0  1  1  0  0  0  1                 0.000  -16.00                2
22  1  0  0  0  1  1  0  1                 0.000  -16.00                1
23  1  0  0  1  0  1  0  1                 0.000  -16.00                1
24  1  1  0  0  0  1  1  0                 0.000  -16.00                2
25  1  1  1  0  0  0  1  0                 0.000  -16.00                3
26  0  1  1  0  1  1  0  0                 0.000  -16.00                1
27  1  0  0  1  0  1  1  0                 0.000  -16.00                1
28  1  0  0  0  1  1  1  0                 0.000  -16.00                3
29  1  1  0  0  0  0  1  1                 0.000  -16.00                1
30  0  1  1  0  1  1  0  1                 0.000  -15.75                1
31  1  0  0  1  0  1  1  1                 0.000  -15.75                1
32  0  0  1  0  1  0  1  1                 0.000  -15.00                1
33  1  0  0  1  0  1  1  1                 0.125  -15.75                1
34  1  1  0  1  0  1  0  1                 0.000  -14.75                1
Valid partition found with 1 cut edges

Solution:  [0, 0, 0, 0, 1, 1, 1, 1]

--------------- DW_2000Q_6 ---------------
    0  1  2  3  4  5  6  7  chain_break_fraction  energy  num_occurrences
0   1  1  1  1  0  0  0  0                 0.000  -19.00              289
1   0  0  0  0  1  1  1  1                 0.000  -19.00              114
2   1  1  1  1  1  0  0  0                 0.000  -17.75               29
3   0  0  0  0  0  1  1  1                 0.000  -17.75                5
4   0  0  1  0  1  1  0  1                 0.000  -17.00                3
5   1  1  0  1  0  0  1  0                 0.000  -17.00                2
6   1  0  0  0  0  1  1  1                 0.000  -17.00                1
7   1  1  1  0  1  0  0  0                 0.000  -17.00                5
8   0  1  1  1  1  0  0  0                 0.000  -17.00                7
9   1  0  1  1  1  0  0  0                 0.000  -17.00                1
10  1  1  0  1  0  0  0  1                 0.000  -17.00                4
11  0  0  1  0  1  1  1  0                 0.000  -17.00                4
12  0  1  0  0  0  1  1  1                 0.000  -17.00                2
13  0  0  0  0  1  1  0  1                 0.000  -16.75                5
14  1  1  1  1  0  0  1  0                 0.000  -16.75                4
15  0  0  0  0  1  1  1  0                 0.000  -16.75                1
16  1  1  1  1  0  0  0  1                 0.000  -16.75                1
17  0  0  1  0  1  1  1  1                 0.000  -16.75                2
18  1  1  0  1  0  0  0  0                 0.000  -16.75                4
19  0  1  0  0  1  1  0  1                 0.000  -16.00                1
20  0  1  1  0  1  0  1  0                 0.000  -16.00                1
21  0  1  0  0  1  1  1  0                 0.000  -16.00                1
22  1  0  1  1  0  0  0  1                 0.000  -16.00                1
23  1  0  0  1  0  1  1  0                 0.000  -16.00                1
24  0  1  1  1  0  0  1  0                 0.000  -16.00                1
25  1  1  0  0  0  0  1  1                 0.000  -16.00                1
26  1  0  0  0  1  1  1  0                 0.000  -16.00                1
27  0  0  1  1  1  1  0  1                 0.000  -15.75                1
28  1  0  0  1  0  1  1  1                 0.000  -15.75                1
29  0  1  1  0  1  1  1  0                 0.000  -15.75                1
30  1  0  1  1  0  0  0  0                 0.000  -15.75                1
31  0  1  0  0  1  1  1  1                 0.000  -15.75                1
32  0  1  1  0  1  1  0  1                 0.000  -15.75                2
33  1  1  1  1  0  1  0  0                 0.000  -14.75                1
34  1  1  1  1  1  0  0  1                 0.125  -13.00                1
Valid partition found with 1 cut edges

Solution:  [1, 1, 1, 1, 0, 0, 0, 0]

--------------- DW_2000Q_6 ---------------
    0  1  2  3  4  5  6  7  chain_break_fraction  energy  num_occurrences
0   1  1  1  1  0  0  0  0                 0.000  -19.00               79
1   0  0  0  0  1  1  1  1                 0.000  -19.00              271
2   0  0  0  0  0  1  1  1                 0.000  -17.75               19
3   1  1  1  1  1  0  0  0                 0.000  -17.75               17
4   1  0  0  0  0  1  1  1                 0.000  -17.00                7
5   0  1  1  1  1  0  0  0                 0.000  -17.00                1
6   1  1  1  0  1  0  0  0                 0.000  -17.00                5
7   0  0  0  1  0  1  1  1                 0.000  -17.00                2
8   1  1  0  1  0  0  0  1                 0.000  -17.00                1
9   1  1  0  1  0  0  1  0                 0.000  -17.00                7
10  0  0  1  0  1  1  0  1                 0.000  -17.00                9
11  0  0  1  0  1  1  1  0                 0.000  -17.00               10
12  0  1  0  0  0  1  1  1                 0.000  -17.00                3
13  1  0  1  1  1  0  0  0                 0.000  -17.00                4
14  0  0  0  0  1  1  0  1                 0.000  -16.75               13
15  0  0  1  0  1  1  1  1                 0.000  -16.75                5
16  0  0  0  0  1  1  1  0                 0.000  -16.75                7
17  1  1  1  1  0  0  1  0                 0.000  -16.75                2
18  1  1  1  1  0  0  0  1                 0.000  -16.75                1
19  1  1  0  1  0  0  0  0                 0.000  -16.75                2
20  0  1  1  0  1  0  0  1                 0.000  -16.00                1
21  1  0  0  1  0  1  1  0                 0.000  -16.00                1
22  1  0  0  1  0  0  1  1                 0.000  -16.00                1
23  1  0  1  1  0  0  1  0                 0.000  -16.00                1
24  1  0  0  0  1  1  0  1                 0.000  -16.00                2
25  0  1  0  0  1  1  0  1                 0.000  -16.00                2
26  0  1  0  0  1  1  1  0                 0.000  -16.00                2
27  1  1  0  0  0  1  1  0                 0.000  -16.00                1
28  1  0  0  1  0  1  0  1                 0.000  -16.00                1
29  0  1  1  1  0  0  1  0                 0.000  -16.00                1
30  1  0  0  0  1  1  1  0                 0.000  -16.00                2
31  0  1  1  1  0  0  0  1                 0.000  -16.00                1
32  0  0  0  1  1  1  0  1                 0.000  -16.00                2
33  0  0  1  1  1  0  1  0                 0.000  -16.00                1
34  1  1  1  0  0  0  0  0                 0.000  -15.75                1
35  1  0  0  1  0  1  1  1                 0.000  -15.75                1
36  1  0  0  1  0  0  0  1                 0.000  -15.75                1
37  0  0  1  1  1  1  0  1                 0.000  -15.75                1
38  1  1  0  0  0  0  0  1                 0.000  -15.75                1
39  0  0  1  1  1  1  1  0                 0.000  -15.75                1
40  1  0  0  1  1  1  0  0                 0.000  -15.00                1
41  0  1  1  0  0  1  0  1                 0.000  -15.00                1
42  1  1  0  0  1  0  0  1                 0.000  -15.00                1
43  1  1  0  0  1  1  1  0                 0.000  -14.75                1
44  1  0  0  1  1  1  0  1                 0.000  -14.75                1
45  0  1  0  0  0  0  1  1                 0.000  -14.75                2
46  1  1  1  0  0  1  0  1                 0.000  -13.75                1
47  0  0  0  0  1  1  0  0                 0.000  -12.00                1
48  0  0  0  0  1  1  1  1                 0.125  -19.00                1
Valid partition found with 1 cut edges

Solution:  [1, 1, 1, 1, 0, 0, 0, 0]

--------------- DW_2000Q_6 ---------------
    0  1  2  3  4  5  6  7  chain_break_fraction  energy  num_occurrences
0   1  1  1  1  0  0  0  0                   0.0  -19.00              188
1   0  0  0  0  1  1  1  1                   0.0  -19.00              112
2   0  0  0  0  0  1  1  1                   0.0  -17.75               19
3   1  1  1  1  1  0  0  0                   0.0  -17.75                7
4   1  0  1  1  1  0  0  0                   0.0  -17.00                5
5   0  1  0  0  0  1  1  1                   0.0  -17.00                4
6   0  1  1  1  1  0  0  0                   0.0  -17.00                2
7   1  1  1  0  1  0  0  0                   0.0  -17.00                4
8   1  0  0  0  0  1  1  1                   0.0  -17.00               20
9   0  0  0  1  0  1  1  1                   0.0  -17.00                9
10  1  1  0  1  0  0  1  0                   0.0  -17.00                5
11  0  0  1  0  1  1  0  1                   0.0  -17.00                3
12  0  0  1  0  1  1  1  0                   0.0  -17.00                6
13  1  1  0  1  0  0  0  1                   0.0  -17.00               15
14  0  0  0  0  1  1  1  0                   0.0  -16.75                1
15  0  0  1  0  1  1  1  1                   0.0  -16.75                7
16  1  1  1  1  0  0  0  1                   0.0  -16.75               12
17  1  1  0  1  0  0  0  0                   0.0  -16.75                9
18  0  0  0  0  1  1  0  1                   0.0  -16.75                3
19  1  1  1  1  0  0  1  0                   0.0  -16.75                6
20  1  1  1  0  0  0  0  1                   0.0  -16.00                2
21  1  1  0  0  0  0  1  1                   0.0  -16.00                1
22  0  0  1  1  1  1  0  0                   0.0  -16.00                3
23  0  0  1  0  0  1  1  1                   0.0  -16.00                2
24  0  0  1  1  1  0  1  0                   0.0  -16.00                1
25  1  0  1  1  0  0  1  0                   0.0  -16.00                1
26  0  1  1  0  1  1  0  0                   0.0  -16.00                3
27  0  0  0  1  1  1  0  1                   0.0  -16.00                5
28  1  0  1  1  0  0  0  1                   0.0  -16.00                1
29  0  1  0  0  1  1  0  1                   0.0  -16.00                2
30  1  0  0  1  0  0  1  1                   0.0  -16.00                1
31  1  0  0  0  1  1  0  1                   0.0  -16.00                4
32  1  1  0  0  0  1  0  1                   0.0  -16.00                4
33  1  1  0  0  0  1  1  0                   0.0  -16.00                3
34  1  0  0  1  0  1  0  1                   0.0  -16.00                2
35  0  1  1  0  1  0  0  1                   0.0  -16.00                1
36  0  1  1  1  0  0  0  1                   0.0  -16.00                2
37  1  1  1  0  0  0  0  0                   0.0  -15.75                1
38  1  0  1  1  0  0  0  0                   0.0  -15.75                1
39  0  0  0  1  1  1  1  1                   0.0  -15.75                1
40  1  1  0  0  0  0  0  1                   0.0  -15.75                2
41  1  0  0  1  0  1  1  1                   0.0  -15.75                5
42  0  0  1  1  1  1  1  0                   0.0  -15.75                1
43  1  0  0  1  0  0  0  1                   0.0  -15.75                2
44  1  0  0  1  1  1  0  0                   0.0  -15.00                2
45  1  0  0  1  1  0  0  1                   0.0  -15.00                1
46  0  0  1  1  0  0  1  1                   0.0  -15.00                1
47  0  0  1  1  0  1  0  1                   0.0  -15.00                1
48  1  0  0  0  0  0  1  1                   0.0  -14.75                1
49  0  0  0  1  0  0  1  1                   0.0  -14.75                2
50  1  1  0  1  0  0  1  1                   0.0  -14.75                1
51  1  1  0  0  1  1  0  1                   0.0  -14.75                1
52  1  0  0  0  0  1  1  0                   0.0  -14.75                1
53  1  0  1  1  0  1  1  0                   0.0  -13.75                1
Valid partition found with 1 cut edges

Solution:  [1, 1, 1, 1, 0, 0, 0, 0]

--------------- DW_2000Q_6 ---------------
    0  1  2  3  4  5  6  7  chain_break_fraction  energy  num_occurrences
0   0  0  0  0  1  1  1  1                   0.0  -19.00              172
1   1  1  1  1  0  0  0  0                   0.0  -19.00              112
2   0  0  0  0  0  1  1  1                   0.0  -17.75               12
3   1  1  1  1  1  0  0  0                   0.0  -17.75                9
4   1  0  0  0  0  1  1  1                   0.0  -17.00                7
.. .. .. .. .. .. .. .. ..                   ...     ...              ...
58  0  1  0  0  0  1  1  0                   0.0  -14.75                1
59  1  0  1  1  0  1  0  0                   0.0  -14.00                1
60  0  0  1  1  1  0  1  1                   0.0  -13.75                1
61  1  0  1  1  0  0  1  1                   0.0  -13.75                1
62  0  1  0  1  0  0  1  0                   0.0  -13.75                1

[63 rows x 11 columns]
Valid partition found with 1 cut edges

Solution:  [0, 0, 0, 0, 1, 1, 1, 1]
--------------- DW_2000Q_6 ---------------
    0  1  2  3  4  5  6  7  chain_break_fraction  energy  num_occurrences
0   1  1  1  1  0  0  0  0                   0.0  -19.00              126
1   0  0  0  0  1  1  1  1                   0.0  -19.00              126
2   0  0  0  0  0  1  1  1                   0.0  -17.75               22
3   1  1  1  1  1  0  0  0                   0.0  -17.75               17
4   0  1  0  0  0  1  1  1                   0.0  -17.00               10
.. .. .. .. .. .. .. .. ..                   ...     ...              ...
62  1  0  1  1  1  1  0  0                   0.0  -14.75                1
63  0  0  0  1  0  0  1  1                   0.0  -14.75                2
64  0  1  0  0  0  1  0  1                   0.0  -14.75                1
65  1  1  0  1  1  0  1  0                   0.0  -13.75                1
66  0  1  1  1  0  1  0  1                   0.0  -13.75                1

[67 rows x 11 columns]
Valid partition found with 1 cut edges

Solution:  [1, 1, 1, 1, 0, 0, 0, 0]

--------------- DW_2000Q_6 ---------------
    0  1  2  3  4  5  6  7  chain_break_fraction  energy  num_occurrences
0   1  1  1  1  0  0  0  0                 0.000  -19.00               73
1   0  0  0  0  1  1  1  1                 0.000  -19.00              112
2   1  1  1  1  1  0  0  0                 0.000  -17.75               16
3   0  0  0  0  0  1  1  1                 0.000  -17.75               21
4   0  0  1  0  1  1  1  0                 0.000  -17.00                7
.. .. .. .. .. .. .. .. ..                   ...     ...              ...
84  0  1  0  1  1  1  0  1                 0.000  -12.75                1
85  0  1  0  1  1  1  1  0                 0.000  -12.75                1
86  0  1  0  1  1  0  0  0                 0.000  -12.75                1
87  0  1  0  1  0  1  0  0                 0.000  -11.75                1
88  0  0  0  0  1  1  1  1                 0.125  -19.00                1

[89 rows x 11 columns]
Valid partition found with 1 cut edges

Solution:  [1, 1, 1, 1, 0, 0, 0, 0]

--------------- DW_2000Q_6 ---------------
    0  1  2  3  4  5  6  7  chain_break_fraction  energy  num_occurrences
0   0  0  0  0  1  1  1  1                 0.000  -19.00              143
1   1  1  1  1  0  0  0  0                 0.000  -19.00               49
2   1  1  1  1  1  0  0  0                 0.000  -17.75                8
3   0  0  0  0  0  1  1  1                 0.000  -17.75               30
4   1  0  0  0  0  1  1  1                 0.000  -17.00                5
.. .. .. .. .. .. .. .. ..                   ...     ...              ...
88  1  0  0  0  1  0  1  1                 0.000  -14.00                1
89  0  1  0  0  1  0  0  1                 0.000  -13.75                1
90  1  0  1  1  0  1  1  0                 0.000  -13.75                1
91  1  0  1  0  1  0  0  0                 0.000  -13.75                1
92  0  1  1  1  0  0  1  0                 0.125  -16.00                1

[93 rows x 11 columns]
Valid partition found with 1 cut edges

Solution:  [0, 0, 0, 0, 1, 1, 1, 1]

--------------- DW_2000Q_6 ---------------
    0  1  2  3  4  5  6  7  chain_break_fraction  energy  num_occurrences
0   0  0  0  0  1  1  1  1                   0.0  -19.00              118
1   1  1  1  1  0  0  0  0                   0.0  -19.00               59
2   0  0  0  0  0  1  1  1                   0.0  -17.75               19
3   1  1  1  1  1  0  0  0                   0.0  -17.75               20
4   1  1  0  1  0  0  1  0                   0.0  -17.00                5
.. .. .. .. .. .. .. .. ..                   ...     ...              ...
88  0  0  1  0  0  1  1  0                   0.0  -13.75                1
89  1  1  0  0  0  1  0  0                   0.0  -13.75                1
90  1  1  1  0  0  1  0  1                   0.0  -13.75                1
91  1  0  0  1  1  0  1  1                   0.0  -12.75                1
92  0  1  0  1  1  0  0  0                   0.0  -12.75                1

[93 rows x 11 columns]
Valid partition found with 1 cut edges

Solution:  [0, 0, 0, 0, 1, 1, 1, 1]

--------------- DW_2000Q_6 ---------------
    0  1  2  3  4  5  6  7  chain_break_fraction  energy  num_occurrences
0   0  0  0  0  1  1  1  1                 0.000  -19.00               80
1   1  1  1  1  0  0  0  0                 0.000  -19.00               48
2   1  1  1  1  1  0  0  0                 0.000  -17.75                8
3   0  0  0  0  0  1  1  1                 0.000  -17.75               26
4   1  0  1  1  1  0  0  0                 0.000  -17.00                5
.. .. .. .. .. .. .. .. ..                   ...     ...              ...
89  0  0  0  0  0  0  1  1                 0.000  -13.00                1
90  0  0  1  1  0  1  0  0                 0.000  -12.75                1
91  0  1  0  1  1  1  1  0                 0.000  -12.75                1
92  1  0  0  1  1  1  1  1                 0.000  -12.00                1
93  0  1  1  0  1  0  0  1                 0.125  -16.00                1

[94 rows x 11 columns]
Valid partition found with 1 cut edges

Solution:  [0, 0, 0, 0, 1, 1, 1, 1]

--------------- DW_2000Q_6 ---------------
    0  1  2  3  4  5  6  7  chain_break_fraction  energy  num_occurrences
0   0  0  0  0  1  1  1  1                   0.0  -19.00              122
1   1  1  1  1  0  0  0  0                   0.0  -19.00               24
2   1  1  1  1  1  0  0  0                   0.0  -17.75                1
3   0  0  0  0  0  1  1  1                   0.0  -17.75               30
4   0  0  1  0  1  1  1  0                   0.0  -17.00                9
.. .. .. .. .. .. .. .. ..                   ...     ...              ...
93  0  1  1  0  1  0  1  1                   0.0  -13.75                1
94  1  0  0  1  0  0  0  0                   0.0  -13.00                1
95  0  0  0  0  0  1  1  0                   0.0  -13.00                1
96  0  0  0  0  0  1  0  1                   0.0  -13.00                1
97  0  1  1  0  0  0  0  0                   0.0  -12.00                1

[98 rows x 11 columns]
Valid partition found with 1 cut edges

Solution:  [0, 0, 0, 0, 1, 1, 1, 1]

--------------- DW_2000Q_6 ---------------
    0  1  2  3  4  5  6  7  chain_break_fraction  energy  num_occurrences
0   0  0  0  0  1  1  1  1                   0.0  -19.00              140
1   1  1  1  1  0  0  0  0                   0.0  -19.00                4
2   0  0  0  0  0  1  1  1                   0.0  -17.75               28
3   1  1  1  1  1  0  0  0                   0.0  -17.75                5
4   1  1  1  0  1  0  0  0                   0.0  -17.00                5
.. .. .. .. .. .. .. .. ..                   ...     ...              ...
92  0  0  1  0  0  0  1  1                   0.0  -13.75                1
93  0  0  0  0  0  0  1  1                   0.0  -13.00                1
94  1  1  0  0  0  0  0  0                   0.0  -13.00                1
95  0  1  0  1  1  1  1  0                   0.0  -12.75                2
96  0  0  1  0  0  0  0  1                   0.0  -11.00                1

[97 rows x 11 columns]
Valid partition found with 1 cut edges

Solution:  [0, 0, 0, 0, 1, 1, 1, 1]

--------------- DW_2000Q_6 ---------------
     0  1  2  3  4  5  6  7  chain_break_fraction  energy  num_occurrences
0    1  1  1  1  0  0  0  0                   0.0  -19.00               40
1    0  0  0  0  1  1  1  1                   0.0  -19.00               35
2    1  1  1  1  1  0  0  0                   0.0  -17.75               16
3    0  0  0  0  0  1  1  1                   0.0  -17.75               10
4    0  1  1  1  1  0  0  0                   0.0  -17.00                5
..  .. .. .. .. .. .. .. ..                   ...     ...              ...
109  0  1  0  1  1  0  0  1                   0.0  -13.00                1
110  1  0  1  0  0  0  0  1                   0.0  -12.75                1
111  0  0  1  1  0  0  0  0                   0.0  -12.00                1
112  1  1  0  1  1  1  0  1                   0.0  -11.00                1
113  0  1  0  0  0  1  0  0                   0.0  -10.00                1

[114 rows x 11 columns]
Valid partition found with 1 cut edges

Solution:  [1, 1, 1, 1, 0, 0, 0, 0]

--------------- DW_2000Q_6 ---------------
     0  1  2  3  4  5  6  7  chain_break_fraction  energy  num_occurrences
0    0  0  0  0  1  1  1  1                   0.0  -19.00               53
1    1  1  1  1  0  0  0  0                   0.0  -19.00               50
2    1  1  1  1  1  0  0  0                   0.0  -17.75                9
3    0  0  0  0  0  1  1  1                   0.0  -17.75               13
4    1  0  1  1  1  0  0  0                   0.0  -17.00               14
..  .. .. .. .. .. .. .. ..                   ...     ...              ...
113  0  0  0  0  1  0  1  0                   0.0  -12.00                1
114  1  0  0  0  0  0  1  0                   0.0  -12.00                1
115  0  0  0  0  1  1  0  0                   0.0  -12.00                2
116  1  0  0  1  1  1  1  1                   0.0  -12.00                1
117  1  1  0  0  1  1  1  1                   0.0  -12.00                1

[118 rows x 11 columns]
Valid partition found with 1 cut edges

Solution:  [0, 0, 0, 0, 1, 1, 1, 1]