%%%%%% graph file %%%%%%
20 101
6 15 8 3 12 5 7 16 18 2 20 4 13 
1 15 8 17 19 5 14 7 
1 12 11 20 4 13 6 15 8 17 
1 3 14 7 16 18 11 15 17 10 
1 2 10 19 12 14 16 9 18 13 15 8 17 
1 3 20 15 19 12 7 16 9 
1 2 4 6 12 14 9 18 20 15 17 
1 2 3 5 11 20 15 17 19 14 9 
5 6 7 8 14 18 11 13 17 
4 5 12 16 
3 4 8 9 18 20 15 17 12 14 
1 3 5 6 7 10 11 20 
1 3 5 9 19 14 16 20 15 
2 4 5 7 8 9 11 13 18 20 15 17 
1 2 3 4 5 6 7 8 11 13 14 18 19 
1 4 5 6 10 13 17 19 20 
2 3 4 5 7 8 9 11 14 16 20 19 
1 4 5 7 9 11 14 15 20 
2 5 6 8 13 15 16 17 20 
1 3 6 7 8 11 12 13 14 16 17 18 19 
