%%%%%% graph file %%%%%%
60 336
15 59 40 58 35 39 7 11 
58 44 53 48 34 52 20 29 24 5 14 41 18 40 12 21 7 
51 18 4 31 40 49 26 53 21 48 20 24 
3 38 15 52 28 32 50 18 45 13 53 48 57 
2 45 40 44 48 16 57 43 28 46 55 23 22 17 
60 37 55 32 59 27 13 31 17 54 30 39 16 20 
1 2 58 57 52 19 28 55 17 26 54 
36 31 53 39 48 20 60 41 
55 45 35 34 11 29 
58 35 44 53 30 39 25 15 60 13 
1 9 28 37 45 52 42 
2 24 38 28 55 14 32 17 45 
4 6 10 45 40 21 52 55 36 
2 12 47 56 49 35 53 57 
1 4 10 34 56 51 60 55 23 32 50 17 59 40 
5 6 26 49 58 30 52 33 37 41 50 27 45 
5 6 7 12 15 52 47 42 41 45 49 39 48 
2 3 4 26 35 20 29 28 22 
7 40 49 53 39 34 20 47 37 41 
2 3 6 8 18 19 47 60 26 34 52 
2 3 13 58 30 57 38 60 46 
5 18 37 55 27 49 58 35 39 43 29 24 
5 15 47 28 37 55 27 54 48 52 
2 3 12 22 49 39 57 28 32 41 
10 47 37 41 27 26 
3 7 16 18 20 25 48 34 60 28 46 36 49 
6 16 22 23 25 54 49 35 30 57 52 33 37 55 
4 5 7 11 12 18 23 24 26 46 41 36 31 44 43 52 
2 9 18 22 57 56 33 60 50 45 31 
6 10 16 21 27 37 40 58 53 39 34 
3 6 8 28 29 60 37 55 50 59 45 48 57 34 
4 6 12 15 24 33 50 59 
16 27 29 32 42 41 59 40 43 
2 9 15 19 20 26 30 31 43 37 55 
1 9 10 14 18 22 27 59 53 60 55 
8 13 26 28 46 50 59 44 57 
6 11 16 19 22 23 25 27 30 31 34 58 56 60 45 
4 12 21 45 40 44 47 
1 6 8 10 17 19 22 24 30 41 45 
1 2 3 5 13 15 19 30 33 38 49 43 47 42 56 46 59 
2 8 16 17 19 24 25 28 33 39 60 46 48 52 56 
11 17 33 40 60 46 50 54 49 53 
5 22 28 33 34 40 56 46 
2 5 10 28 36 38 46 45 47 
4 5 9 11 12 13 16 17 29 31 37 38 39 44 51 59 
5 21 26 28 36 40 41 42 43 44 47 
14 17 19 20 23 25 38 40 44 46 56 54 49 57 
2 3 4 5 8 17 23 26 31 41 53 55 
3 14 16 17 19 22 24 26 27 40 42 47 60 
4 15 16 29 31 32 36 42 60 59 53 
3 15 45 59 55 
2 4 7 11 13 16 17 20 23 27 28 41 
2 3 4 8 10 14 19 30 35 42 48 50 56 58 
6 7 23 27 42 47 
5 6 7 9 12 13 15 22 23 27 31 34 35 48 51 
14 15 29 37 40 41 43 47 53 60 
4 5 7 14 21 24 27 29 31 36 47 60 
1 2 7 10 16 21 22 30 37 53 
1 6 15 31 32 33 35 36 40 45 50 51 
6 8 10 15 20 21 26 29 31 35 37 41 42 49 50 56 57 
