%%%%%% graph file %%%%%%
50 269
47 31 49 3 33 44 12 48 7 18 50 
27 45 33 17 49 3 12 7 48 23 
1 2 49 12 5 37 48 4 45 
3 43 11 47 40 28 21 
3 10 31 37 14 23 25 18 11 13 6 15 45 8 
5 20 29 13 8 26 10 42 14 37 39 16 25 34 36 
1 2 49 48 23 9 11 47 22 24 
5 6 36 20 22 45 17 33 41 25 34 
7 12 26 30 48 50 36 11 20 29 15 
5 6 11 29 50 31 24 12 41 16 
4 5 7 9 10 44 28 30 41 29 
1 2 3 9 10 45 30 23 16 25 43 18 27 20 31 
5 6 26 44 37 21 30 48 14 23 16 43 33 42 
5 6 13 43 27 45 15 47 46 48 23 
5 9 14 17 47 49 42 48 21 30 
6 10 12 13 50 27 45 
2 8 15 32 27 40 49 33 44 28 
1 5 12 49 44 46 25 27 
20 29 40 33 26 21 30 43 
6 8 9 12 19 44 28 37 32 34 27 36 45 22 24 
4 13 15 19 34 27 47 44 28 
7 8 20 40 49 33 46 39 25 34 43 
2 5 7 12 13 14 36 45 29 47 26 
7 10 20 48 43 45 
5 6 8 12 18 22 29 40 37 
6 9 13 19 23 44 48 27 47 
2 12 14 16 17 18 20 21 26 28 30 39 50 34 43 29 47 
4 11 17 20 21 27 30 33 
6 9 10 11 19 23 25 27 48 32 34 45 
9 11 12 13 15 19 27 28 44 39 48 43 45 
1 5 10 12 49 43 36 45 
17 20 29 36 47 35 37 46 
1 2 8 13 17 19 22 28 46 41 34 43 
6 8 20 21 22 27 29 33 37 46 48 41 36 49 
32 47 46 48 
6 8 9 20 23 31 32 34 43 45 49 48 50 
3 5 6 13 20 25 32 34 44 50 40 43 
43 42 
6 22 27 30 45 40 
4 17 19 22 25 37 39 43 44 
8 10 11 33 34 45 49 
6 13 15 38 43 47 44 
4 12 13 14 19 22 24 27 30 31 33 36 37 38 40 42 49 46 
1 11 13 17 18 20 21 26 30 37 40 42 
2 3 5 8 12 14 16 20 23 24 29 30 31 36 39 41 46 48 47 
14 18 22 32 33 34 35 43 45 50 
1 4 7 14 15 21 23 26 27 32 35 42 45 
1 2 3 7 9 13 14 15 24 26 29 30 34 35 36 45 49 50 
1 2 3 7 15 17 18 22 31 34 36 41 43 48 50 
1 9 10 16 27 36 37 46 48 49 
