%%%%%% graph file %%%%%%
40 349
24 10 19 37 14 23 4 22 8 31 40 26 35 12 21 7 25 2 11 
1 16 25 11 20 6 15 24 33 10 5 37 23 18 27 13 31 40 3 21 
2 37 14 9 18 27 36 8 17 12 40 21 39 25 34 20 29 38 6 24 19 
1 7 16 11 38 6 15 24 19 5 14 27 13 31 8 26 12 40 30 
2 4 31 40 26 12 21 7 11 29 15 10 18 27 36 13 
2 3 4 28 37 9 18 13 22 8 26 7 35 39 34 38 15 10 19 14 
1 4 5 6 30 16 34 11 29 19 28 18 27 22 8 26 
1 3 4 6 7 18 13 22 31 21 16 25 19 14 32 
3 6 19 32 18 27 36 22 31 17 12 40 26 21 30 39 25 29 38 24 
1 2 5 6 35 39 25 20 29 19 28 37 23 18 27 36 13 22 
1 2 4 5 7 28 37 32 18 27 13 40 12 35 34 29 38 14 
1 3 4 5 9 11 15 33 19 28 37 14 23 32 22 31 17 40 26 21 30 39 16 
2 4 5 6 8 10 11 35 21 30 39 38 33 28 14 27 36 22 17 
1 3 4 6 8 11 12 13 28 18 17 40 35 21 16 25 34 38 24 19 
2 4 5 6 12 29 19 28 32 18 27 36 22 31 17 26 39 
2 4 7 8 12 14 22 40 35 29 33 37 
3 9 12 13 14 15 38 33 18 27 36 22 21 30 39 34 24 
2 3 5 6 7 8 9 10 11 14 15 17 40 35 21 30 39 25 24 33 19 28 36 
1 3 4 6 7 8 9 10 12 14 15 18 27 22 40 26 35 38 37 32 
2 3 10 28 27 22 26 21 30 34 29 38 24 
1 2 3 5 8 9 12 13 14 17 18 20 40 24 23 32 27 36 22 
1 6 7 8 9 10 12 13 15 16 17 19 20 21 33 23 36 40 26 35 39 25 34 29 
1 2 10 12 21 22 32 27 30 34 
1 2 3 4 9 14 17 18 20 21 26 30 39 34 32 31 
1 2 3 8 9 10 14 18 22 33 32 31 40 
1 4 5 6 7 9 12 15 19 20 22 24 30 28 27 
2 3 4 5 7 9 10 11 13 15 17 19 20 21 23 26 35 39 34 28 
6 7 10 11 12 13 14 15 18 20 26 27 30 
3 5 7 9 10 11 15 16 20 22 34 33 37 32 31 
4 7 9 12 13 17 18 20 23 24 26 28 37 32 31 40 35 34 
1 2 4 5 8 9 12 15 24 25 29 30 37 36 40 39 34 38 33 
8 9 11 12 15 19 21 23 24 25 29 30 39 34 33 
2 12 13 16 17 18 22 25 29 31 32 36 40 35 34 38 
3 6 7 11 14 17 20 22 23 24 27 29 30 31 32 33 39 40 35 
1 6 10 11 13 14 16 18 19 22 27 30 33 34 40 36 
3 5 9 10 13 15 17 18 21 22 31 33 35 37 39 
1 2 3 6 10 11 12 16 19 29 30 31 36 39 
3 4 6 9 11 13 14 17 19 20 31 33 40 39 
3 6 9 10 12 13 15 17 18 22 24 27 31 32 34 36 37 38 40 
1 2 3 4 5 9 11 12 14 16 18 19 21 22 25 30 31 33 34 35 38 39 
