%%%%%% graph file %%%%%%
20 153
6 15 10 3 19 12 5 14 16 9 2 11 13 
1 16 9 18 11 20 6 15 8 10 19 3 12 5 14 7 
1 2 12 5 14 7 9 18 11 20 4 13 6 15 8 17 10 19 
3 7 16 9 18 11 13 15 8 19 5 
1 2 3 4 10 19 12 14 7 16 9 18 11 20 13 6 15 8 17 
1 2 3 5 11 20 13 8 17 10 19 14 7 9 18 
2 3 4 5 6 19 12 14 16 9 20 13 8 17 10 
2 3 4 5 6 7 18 20 13 15 17 10 12 19 14 16 
1 2 3 4 5 6 7 10 19 14 18 20 13 17 
1 2 3 5 6 7 8 9 18 20 13 15 17 19 12 14 16 
1 2 3 4 5 6 16 18 20 15 19 12 14 
1 2 3 5 7 8 10 11 15 17 19 14 16 18 13 
1 3 4 5 6 7 8 9 10 12 19 14 16 18 15 
1 2 3 5 6 7 8 9 10 11 12 13 18 20 15 17 19 
1 2 3 4 5 8 10 11 12 13 14 16 18 20 17 19 
1 2 4 5 7 8 10 11 12 13 15 19 18 20 
3 5 6 7 8 9 10 12 14 15 20 19 
2 3 4 5 6 8 9 10 11 12 13 14 15 16 19 20 
1 2 3 4 5 6 7 8 9 10 11 12 13 14 15 16 17 18 20 
2 3 5 6 7 8 9 10 11 14 15 16 17 18 19 
