--------------- DW_2000Q_6 ---------------
    0  1  2  3  4  5  6  7  8  9 10 11 12 13 14 15 16 17 18 19 20 21 22 23 24 25 26 27 28 29  energy num_oc. chain_b.
0    0  1  0  1  1  0  0  0  1  0  0  0  1  1  1  1  0  0  0  1  1  1  0  1  1  0  1  0  1  0 -252.25       1      0.0
1    0  1  1  1  1  0  0  0  1  0  0  0  1  1  1  0  0  0  0  1  1  1  0  1  1  0  1  0  1  0 -252.25       1      0.0
2    0  1  0  0  1  0  0  0  0  0  0  1  1  0  1  1  0  0  1  1  1  1  0  1  0  1  1  1  1  0 -251.25       1      0.0
3    0  1  0  0  1  0  0  1  0  1  1  0  1  1  1  0  0  0  0  1  1  1  0  1  1  0  0  1  1  0 -251.25       1      0.0
4    0  1  0  0  0  1  0  0  0  1  0  1  1  0  1  0  0  0  1  1  1  1  0  1  0  0  0  1  1  0 -251.25       1      0.0
202  0  1  0  0  0  0  0  0  0  1  1  1  1  0  0  0  0  0  1  1  1  1  1  1  1  1  0  1  1  0 -251.25       1 0.033333
396  0  1  0  0  1  1  0  1  0  0  1  0  1  1  1  0  0  0  0  1  1  1  0  1  1  0  0  1  1  0 -251.25       1 0.066667
5    0  1  0  0  1  1  0  0  0  0  1  1  1  0  1  0  0  0  1  1  1  1  0  1  0  0  0  1  1  0  -251.0       1      0.0
97   1  0  0  1  0  1  1  0  1  1  0  1  0  0  0  1  1  1  1  0  0  0  1  1  0  1  1  0  0  1  -251.0       1 0.033333
6    0  1  0  0  1  0  0  0  1  0  1  1  1  1  1  0  0  0  1  1  1  1  0  1  0  0  0  1  1  0 -250.25       1      0.0
7    0  1  0  0  0  1  0  0  0  0  1  1  1  1  1  0  0  0  1  1  1  1  0  1  0  1  0  1  1  0 -250.25       1      0.0
8    0  1  0  0  0  1  0  0  1  1  0  1  1  1  0  1  0  0  0  1  1  1  0  1  0  0  0  1  1  0  -250.0       1      0.0
211  0  1  1  0  0  1  0  0  0  0  0  1  1  1  1  0  0  1  1  1  1  1  0  1  1  0  0  1  1  0  -250.0       1 0.033333
280  0  1  0  0  1  0  0  0  0  1  1  0  1  1  1  1  0  0  0  1  1  1  0  0  1  0  0  1  1  0  -250.0       1 0.033333
232  0  1  1  1  1  0  0  0  0  0  0  0  1  1  1  0  0  0  1  1  1  1  0  1  1  0  0  1  1  0 -249.25       1 0.033333
324  0  1  0  0  1  0  0  0  1  0  0  1  0  1  1  1  0  0  0  1  1  1  0  1  0  1  1  1  0  1 -249.25       1 0.033333
411  0  1  0  0  1  1  0  0  0  0  1  0  1  1  1  0  0  0  1  1  1  1  0  1  1  0  0  1  1  0 -249.25       1 0.066667
9    0  1  0  0  1  0  0  0  0  0  1  1  1  0  0  0  0  0  1  1  1  1  0  1  0  1  1  1  1  0  -249.0       1      0.0
10   0  1  1  0  0  0  0  0  1  1  0  0  1  1  1  0  0  0  1  1  1  1  0  1  1  0  1  1  1  0  -249.0       1      0.0
11   0  1  0  0  1  0  0  0  0  1  1  1  1  1  1  0  0  0  0  1  1  1  0  0  0  1  0  1  1  0  -249.0       1      0.0
12   0  1  1  1  1  0  0  0  0  0  0  1  1  1  1  0  0  0  1  1  1  1  0  1  1  0  0  0  1  0 -248.25       1      0.0
13   0  1  0  0  1  0  0  0  0  0  1  1  1  0  1  1  0  0  1  1  1  1  1  0  1  0  0  1  1  0 -248.25       1      0.0
14   0  1  0  0  1  1  0  0  0  0  1  1  1  0  0  1  0  0  1  1  1  1  1  1  0  0  0  1  1  0 -248.25       1      0.0
15   0  1  0  0  0  1  0  0  0  0  1  1  1  0  1  0  0  1  1  1  1  1  0  1  1  0  0  1  1  0 -248.25       1      0.0
16   0  1  1  0  0  0  0  0  0  0  0  1  1  1  0  0  0  0  1  1  1  1  0  1  1  1  1  1  1  0 -248.25       1      0.0
17   0  1  0  1  1  0  0  1  0  1  1  0  1  0  1  0  0  0  1  1  1  1  0  1  0  0  0  1  1  0 -248.25       1      0.0
453  0  1  0  0  0  0  0  0  0  1  1  1  1  0  0  0  0  0  1  1  1  1  1  1  1  0  0  1  1  1 -248.25       1 0.066667
18   0  1  0  0  1  1  0  0  0  0  1  0  1  1  1  0  0  0  0  1  1  1  0  1  1  0  0  1  1  0  -248.0       1      0.0
19   0  1  0  0  1  1  0  0  1  0  1  1  1  1  1  0  0  0  1  1  1  1  0  1  0  0  0  1  1  0  -248.0       1      0.0
20   0  1  0  1  1  0  0  1  0  1  1  0  1  1  1  0  0  0  0  1  1  1  0  1  1  0  0  1  1  0  -248.0       1      0.0
21   0  1  1  1  0  1  0  0  1  0  0  0  0  1  1  0  0  1  0  1  1  1  0  1  1  0  0  0  1  0  -248.0       1      0.0
22   0  1  0  0  0  1  0  0  1  0  0  0  1  1  0  0  0  0  0  1  1  1  0  1  1  0  1  1  1  1  -248.0       1      0.0
23   0  1  1  0  0  1  0  0  1  1  0  1  0  1  0  0  0  1  1  1  1  1  0  1  1  0  0  1  1  0  -248.0       1      0.0
170  0  1  1  0  1  1  0  0  1  0  1  0  1  1  1  0  0  1  0  1  1  0  0  0  1  0  0  0  1  0  -248.0       1 0.033333
24   0  1  0  0  0  1  0  0  0  0  1  1  1  0  1  1  0  0  1  1  1  1  0  1  1  0  0  1  1  0 -247.25       1      0.0
25   0  1  0  1  1  0  0  0  1  0  0  1  1  1  1  1  0  0  0  1  1  1  0  1  1  1  1  0  1  0 -247.25       1      0.0
26   0  1  1  0  1  0  0  0  1  1  0  0  1  1  1  0  0  0  0  1  1  1  0  1  1  0  0  1  1  0 -247.25       1      0.0
27   0  1  1  1  1  1  1  0  0  0  1  0  0  1  1  0  0  1  0  1  1  0  0  0  1  0  0  1  1  0 -247.25       1      0.0
28   0  1  0  0  1  1  0  0  0  0  1  1  1  0  1  0  0  0  1  1  1  1  0  1  0  0  1  0  1  1 -247.25       1      0.0
29   0  1  0  0  1  1  1  0  0  0  0  0  1  0  1  0  0  1  1  1  1  1  0  1  1  0  0  1  1  0 -247.25       1      0.0
30   0  1  0  0  1  1  0  0  0  0  1  1  1  0  1  0  0  0  1  1  1  1  0  1  1  0  0  1  1  0 -247.25       1      0.0
31   0  1  0  1  1  0  0  0  0  1  1  0  1  1  1  0  0  0  0  1  1  1  0  1  1  0  0  1  1  0 -247.25       1      0.0
32   0  1  0  1  0  1  0  1  1  0  0  0  1  1  1  0  0  0  0  1  1  1  0  1  1  0  0  1  1  0 -247.25       1      0.0
33   0  1  0  1  0  1  0  1  1  0  0  0  0  1  1  0  0  1  0  1  1  1  0  1  1  0  0  1  0  1 -247.25       1      0.0
34   0  1  0  1  1  0  0  0  0  1  1  0  1  0  1  0  0  0  1  1  1  1  0  1  1  0  0  1  1  0 -247.25       1      0.0
138  0  1  0  0  1  1  0  1  0  0  1  0  1  0  1  0  0  0  1  1  1  1  0  1  1  0  0  1  1  0 -247.25       1 0.033333
224  0  1  0  0  1  1  1  0  1  0  0  0  1  1  1  0  0  1  0  1  1  1  0  1  1  0  0  0  1  0 -247.25       1 0.033333
288  0  1  1  0  1  0  0  0  0  1  1  0  1  0  1  0  0  0  1  1  1  1  0  1  1  0  0  1  1  0 -247.25       1 0.033333
319  0  1  0  0  1  1  0  1  0  0  0  1  1  1  0  0  0  0  0  1  1  1  0  1  1  0  0  1  1  1 -247.25       1 0.033333
363  0  1  1  1  1  1  0  0  1  0  0  0  0  1  1  0  0  1  0  1  1  0  0  1  1  0  0  1  1  0 -247.25       1 0.066667
393  0  1  1  0  0  1  0  0  1  0  0  0  0  1  1  0  0  1  0  1  1  1  0  1  1  0  1  1  1  0 -247.25       1 0.066667
483  0  1  1  0  1  1  0  0  1  0  0  1  1  1  1  0  0  1  0  1  1  0  0  0  1  0  0  1  1  0 -247.25       1      0.1
35   0  1  0  0  0  1  0  0  0  1  1  1  0  0  0  0  0  1  1  1  1  1  0  1  0  1  0  1  1  0  -247.0       1      0.0
36   0  1  1  1  0  1  0  0  1  0  0  0  0  1  0  1  0  0  0  1  1  0  0  1  1  0  1  1  0  1  -247.0       1      0.0
37   0  1  0  0  0  1  0  1  1  0  0  1  0  1  0  1  0  0  0  1  1  1  0  1  1  1  1  1  1  0  -247.0       1      0.0
38   0  1  0  0  0  0  0  1  1  0  0  1  0  1  0  0  0  0  0  1  1  1  1  1  1  1  1  1  1  1  -247.0       1      0.0
137  0  1  0  0  1  1  1  0  0  0  1  0  1  0  1  0  0  1  1  1  1  1  0  1  1  0  0  1  1  0  -247.0       1 0.033333
252  0  1  1  1  0  1  0  1  1  0  0  0  0  1  1  0  0  1  0  1  1  0  0  1  1  0  0  0  1  0  -247.0       1 0.033333
253  0  1  0  1  1  1  0  0  1  0  0  0  1  1  0  1  0  0  0  1  1  1  0  1  1  0  0  0  1  0  -247.0       1 0.033333
294  0  1  1  0  0  0  0  1  0  0  1  1  1  1  0  0  0  0  1  1  1  1  0  1  1  1  0  1  1  0  -247.0       1 0.033333
433  0  1  1  0  1  1  0  0  0  0  1  1  1  0  1  0  0  1  1  1  1  1  0  0  1  0  0  1  1  0  -247.0       1 0.066667
39   0  1  1  1  1  0  0  1  1  1  0  1  0  1  0  1  0  1  0  0  0  0  0  0  1  0  1  1  0  1 -246.25       1      0.0
40   0  1  0  1  1  1  0  1  1  0  0  0  0  1  0  0  0  0  0  1  1  1  0  1  1  0  0  1  1  1 -246.25       1      0.0
41   0  1  1  1  1  1  0  0  1  0  0  1  1  1  1  0  0  1  0  1  1  1  0  1  1  0  0  0  1  0 -246.25       1      0.0
42   0  1  1  1  1  1  0  0  1  0  1  0  0  1  1  1  0  0  0  1  1  0  0  1  1  0  0  0  1  0 -246.25       1      0.0
43   0  1  0  0  0  1  0  0  1  1  0  1  1  1  0  1  0  0  0  1  1  1  0  0  0  1  0  1  1  1 -246.25       1      0.0
44   1  1  0  0  0  1  0  0  0  0  0  1  1  0  0  0  0  0  1  1  1  1  0  1  1  1  1  1  1  0 -246.25       1      0.0
45   0  1  1  0  1  0  0  0  1  0  0  0  0  1  1  0  0  1  0  1  1  1  0  1  1  0  1  1  1  0 -246.25       1      0.0
46   0  1  1  1  1  0  0  0  1  0  0  1  1  1  1  0  0  0  1  1  0  1  0  1  1  0  0  1  0  0 -246.25       1      0.0
47   1  0  0  1  1  0  1  1  1  1  0  1  1  0  0  1  1  0  0  0  0  0  0  1  0  1  1  0  0  1 -246.25       1      0.0
48   0  1  1  0  0  0  0  0  1  0  0  0  0  1  1  0  0  1  1  1  1  1  0  1  1  0  0  1  1  1 -246.25       1      0.0
49   0  1  0  0  1  1  0  0  0  0  1  1  1  0  1  1  1  0  0  1  1  1  0  1  0  0  0  1  1  0 -246.25       1      0.0
50   0  0  1  1  0  1  1  0  1  1  0  1  0  0  1  0  0  1  1  1  1  0  0  1  1  0  0  1  0  0 -246.25       1      0.0
51   0  1  1  0  1  0  0  0  0  0  1  1  1  1  0  0  0  0  1  1  1  1  0  1  1  0  0  1  1  0 -246.25       1      0.0
52   0  1  1  0  0  1  0  0  1  0  0  1  1  1  0  1  0  0  1  0  1  1  0  1  1  0  0  1  1  0 -246.25       1      0.0
254  0  1  1  0  0  1  0  0  1  1  0  0  0  1  1  0  0  0  1  1  1  1  0  1  1  0  0  1  1  0 -246.25       1 0.033333
269  0  1  0  1  1  1  0  0  1  0  0  1  1  1  1  0  0  0  0  1  1  1  0  1  0  0  0  1  1  0 -246.25       1 0.033333
291  0  1  1  1  1  1  0  0  0  0  0  1  0  1  1  0  0  1  0  1  1  0  0  0  1  1  0  1  1  0 -246.25       1 0.033333
311  0  1  0  1  1  0  1  0  0  0  1  0  1  0  1  1  0  0  1  1  1  1  0  0  1  0  0  1  1  0 -246.25       1 0.033333
339  0  1  1  0  0  0  0  0  1  1  1  0  1  1  1  0  0  0  0  1  1  1  0  1  1  0  0  1  1  0 -246.25       1 0.033333
341  0  1  0  0  1  1  0  1  0  0  1  0  1  0  1  0  0  1  0  1  1  1  0  1  1  0  0  1  1  0 -246.25       1 0.066667
367  0  1  1  1  1  0  0  0  1  0  1  0  1  1  1  0  0  0  0  1  1  0  0  1  1  0  0  1  1  0 -246.25       1 0.033333
394  0  1  1  0  1  1  0  0  1  0  0  0  1  1  0  0  0  1  0  1  1  1  0  1  1  0  0  1  1  0 -246.25       1 0.066667
413  0  1  1  0  1  1  0  0  0  0  0  1  1  1  1  0  0  0  0  1  1  1  0  1  1  0  0  1  1  0 -246.25       1 0.066667
455  0  1  0  0  1  0  0  0  0  0  1  1  1  0  1  0  0  0  1  1  1  1  0  1  1  1  0  1  1  0 -246.25       1 0.066667
53   0  1  0  1  1  0  0  0  1  0  1  1  0  1  1  0  0  0  0  1  1  1  0  1  0  1  1  1  1  0  -246.0       1      0.0
54   0  1  1  1  0  0  1  1  1  0  0  0  0  1  0  0  0  0  0  1  1  0  0  1  1  0  1  1  0  1  -246.0       1      0.0
55   0  1  1  0  0  0  0  0  1  0  1  0  1  1  1  0  0  0  0  1  1  1  0  1  1  0  0  1  1  0  -246.0       1      0.0
56   0  1  0  0  0  1  0  0  0  0  0  1  1  0  0  0  0  1  1  1  1  1  0  1  1  1  0  1  1  0  -246.0       1      0.0
57   0  1  0  0  0  0  0  0  0  1  0  1  0  0  0  1  0  0  1  1  1  1  0  1  1  1  1  1  1  0  -246.0       1      0.0
58   0  1  0  1  1  0  0  1  0  0  0  0  1  1  1  0  0  0  0  1  1  0  0  0  1  1  1  1  1  0  -246.0       1      0.0
59   0  1  0  0  0  0  1  0  1  1  0  1  1  0  0  0  0  1  1  1  1  1  0  1  0  0  0  1  1  0  -246.0       1      0.0
60   0  1  1  1  0  0  0  0  1  0  0  0  0  1  1  0  0  1  0  1  1  1  0  1  1  0  0  1  1  0  -246.0       1      0.0
61   0  1  0  1  1  0  0  0  1  1  0  1  0  1  1  1  0  0  0  1  1  0  0  1  0  0  1  1  1  1  -246.0       1      0.0
62   0  1  1  0  1  0  0  0  1  0  0  1  1  1  1  0  0  0  0  1  1  1  0  1  0  0  0  0  1  1  -246.0       1      0.0
63   0  1  1  1  1  1  0  0  1  0  1  0  0  1  1  0  0  1  0  1  1  0  0  0  1  0  1  1  1  0  -246.0       1      0.0
251  0  1  0  0  1  1  0  0  0  0  1  1  1  0  1  1  0  0  1  1  1  1  0  1  1  0  0  1  1  0  -246.0       1 0.033333
272  0  1  1  1  1  0  1  0  1  0  0  0  0  1  1  0  0  1  0  1  1  0  0  1  1  0  0  0  1  0  -246.0       1 0.033333
310  0  1  0  0  1  1  1  0  0  1  1  1  0  0  0  0  0  0  1  1  1  1  0  1  0  0  0  1  1  0  -246.0       1 0.033333
370  0  1  1  0  1  0  0  0  0  0  0  1  1  1  1  0  0  0  0  1  1  1  0  1  1  0  0  1  1  0  -246.0       1 0.033333
377  0  1  0  0  1  1  0  0  0  0  1  0  1  1  0  0  0  0  1  1  1  1  0  1  1  0  0  1  1  0  -246.0       1 0.066667
495  1  1  0  0  0  0  0  0  0  0  1  0  1  0  1  0  0  0  1  1  1  1  1  1  1  0  0  1  1  0  -246.0       1      0.1
64   0  1  0  0  1  0  0  0  1  0  1  0  1  1  1  0  0  0  0  1  1  1  1  1  1  0  0  1  1  0 -245.25       1      0.0
65   0  1  0  0  1  0  0  0  0  0  1  1  1  1  0  0  0  0  0  1  1  1  0  1  1  1  1  1  1  0 -245.25       1      0.0
66   0  1  1  1  1  1  0  0  0  0  0  0  0  1  1  0  0  1  0  1  1  1  0  1  1  0  0  1  1  0 -245.25       1      0.0
67   0  1  0  0  0  1  0  1  1  0  1  1  0  1  0  0  0  0  0  1  1  1  0  1  1  0  1  1  1  0 -245.25       1      0.0
68   0  1  1  1  1  0  0  0  0  0  0  1  1  0  1  0  0  0  1  1  1  1  0  1  0  0  1  1  1  0 -245.25       1      0.0
69   0  0  1  1  0  1  1  0  1  0  0  1  0  0  1  0  0  1  1  1  1  1  0  1  0  0  0  1  1  0 -245.25       1      0.0
70   0  1  0  0  1  0  0  0  0  0  1  1  1  0  1  0  0  0  0  1  1  1  0  1  1  1  1  1  1  0 -245.25       1      0.0
71   0  1  0  1  1  0  0  1  0  0  1  1  1  1  1  0  0  0  0  1  1  0  0  1  1  0  0  1  1  0 -245.25       1      0.0
270  0  1  0  0  1  0  0  0  1  0  1  1  1  1  0  0  0  1  1  1  1  1  0  1  0  0  0  1  1  0 -245.25       1 0.033333
279  0  1  0  0  1  0  0  0  0  0  1  1  1  1  1  0  0  1  0  1  1  1  0  1  1  0  0  1  1  0 -245.25       1 0.033333
299  0  1  0  0  1  1  0  0  0  0  1  1  0  1  1  0  0  0  1  1  1  1  0  1  0  0  0  1  1  1 -245.25       1 0.033333
314  0  1  1  0  0  0  0  0  1  0  0  0  1  1  0  0  0  0  1  1  1  1  0  1  1  0  0  1  1  0 -245.25       1 0.033333
329  0  1  0  0  0  1  0  0  1  1  0  1  0  1  0  0  0  0  0  1  1  1  0  1  1  1  0  1  1  1 -245.25       1 0.033333
345  0  1  1  0  1  1  0  0  1  0  1  0  1  1  1  0  0  1  0  1  1  0  0  0  1  1  0  0  1  0 -245.25       1 0.033333
358  0  1  1  0  1  0  1  1  0  0  0  0  1  1  1  0  0  0  0  1  1  1  0  1  1  0  0  1  1  0 -245.25       1 0.033333
72   0  1  0  0  1  0  0  1  1  0  1  0  1  1  0  0  0  0  0  1  1  1  0  1  1  1  1  1  1  0  -245.0       1      0.0
73   1  1  0  1  1  0  1  0  0  1  0  1  1  0  0  1  1  0  1  0  0  1  0  1  0  1  1  0  0  1  -245.0       1      0.0
74   0  1  0  0  0  1  0  0  1  0  0  1  1  1  1  0  0  0  0  1  1  1  0  1  1  1  1  1  1  0  -245.0       1      0.0
75   0  1  0  1  1  1  0  0  0  0  0  1  1  0  1  0  0  0  0  1  1  1  0  0  1  1  0  1  1  0  -245.0       1      0.0
76   0  1  0  0  1  0  0  0  0  1  0  0  1  0  0  1  0  0  1  1  1  1  1  1  1  0  0  1  1  0  -245.0       1      0.0
77   0  1  0  0  1  0  0  0  0  0  0  1  1  0  1  0  0  1  1  1  1  1  0  1  1  0  0  1  1  0  -245.0       1      0.0
78   0  1  0  0  1  0  0  1  0  0  0  0  1  0  1  1  0  0  0  1  1  1  0  1  1  0  0  1  1  1  -245.0       1      0.0
79   0  1  0  0  0  1  0  0  1  0  1  1  0  1  1  1  0  0  0  1  1  1  0  1  0  1  0  0  1  0  -245.0       1      0.0
80   0  1  0  0  1  1  0  0  1  0  1  1  0  1  1  0  0  1  1  1  1  1  0  1  0  0  0  1  1  0  -245.0       1      0.0
81   0  1  1  1  0  1  0  0  1  0  0  1  0  0  1  0  0  0  0  1  1  0  0  1  0  1  1  1  1  0  -245.0       1      0.0
249  0  1  1  1  1  0  0  0  1  0  0  0  0  1  1  0  0  0  0  1  1  1  0  1  1  0  0  1  1  0  -245.0       1 0.033333
250  0  1  0  0  1  1  0  0  0  0  1  0  1  0  1  0  0  1  0  1  1  1  0  1  1  0  0  1  1  0  -245.0       1 0.033333
306  0  1  1  1  1  0  0  0  1  0  1  0  1  1  1  0  0  0  0  1  0  1  0  1  1  0  0  1  1  1  -245.0       1 0.033333
308  0  1  1  1  1  0  0  1  1  0  1  0  0  1  1  0  0  0  0  1  1  0  1  0  1  1  0  1  1  0  -245.0       1 0.033333
327  0  1  1  1  1  0  0  0  1  0  1  0  0  1  1  0  0  0  0  1  1  1  0  1  1  0  0  1  1  1  -245.0       1 0.033333
337  0  1  1  1  1  0  0  0  1  0  0  1  1  0  1  1  0  0  0  1  1  1  0  1  0  0  0  1  1  1  -245.0       1 0.033333
338  0  1  1  0  0  0  0  1  1  1  1  0  0  1  0  0  0  0  0  1  1  1  0  1  1  0  0  1  1  0  -245.0       1 0.033333
348  0  1  1  0  0  0  0  1  0  0  1  1  1  0  1  0  0  0  1  1  1  1  0  1  1  1  0  1  1  0  -245.0       1 0.033333
412  0  1  0  0  0  1  0  0  1  0  1  0  1  1  1  0  0  0  0  1  1  1  0  1  1  0  0  1  1  0  -245.0       1 0.066667
471  0  1  1  1  0  0  0  0  1  0  0  1  0  1  1  0  0  0  0  1  1  1  0  1  1  0  0  1  1  0  -245.0       1 0.066667
82   0  1  0  0  1  0  1  0  0  0  1  1  1  1  1  0  0  0  0  1  1  1  0  1  1  0  0  1  1  0 -244.25       1      0.0
83   1  1  0  0  1  0  0  0  0  0  1  0  1  0  1  1  0  0  0  1  1  1  0  1  1  0  1  1  1  0 -244.25       1      0.0
84   0  1  1  0  0  1  0  0  1  0  1  1  0  1  1  0  0  1  0  1  1  1  0  1  0  0  0  1  1  0 -244.25       1      0.0
85   0  1  1  0  0  0  0  0  1  1  0  1  0  0  1  0  0  1  1  1  1  1  0  1  1  0  0  1  1  0 -244.25       1      0.0
86   0  1  0  0  0  1  0  0  1  0  1  1  0  0  1  0  0  0  1  1  1  1  0  1  0  1  0  1  1  1 -244.25       1      0.0
87   0  1  0  1  0  1  1  0  0  0  0  1  1  0  1  0  0  0  1  1  1  1  0  0  1  1  0  1  1  0 -244.25       1      0.0
88   0  1  0  0  0  1  0  0  1  0  0  1  0  1  0  0  0  1  1  1  1  1  1  1  1  0  0  1  1  0 -244.25       1      0.0
89   0  1  1  1  0  0  0  0  1  0  0  1  1  1  1  0  0  1  0  1  1  0  0  1  1  0  0  1  1  0 -244.25       1      0.0
90   0  1  0  1  1  1  1  0  0  0  0  0  1  0  1  0  0  1  1  1  1  0  0  1  1  0  0  1  1  0 -244.25       1      0.0
91   0  1  1  0  0  1  0  0  1  1  0  1  0  0  0  1  1  0  1  1  1  0  1  1  0  1  0  1  0  0 -244.25       1      0.0
92   1  0  0  0  0  0  1  0  0  1  1  1  0  1  0  0  0  0  1  1  1  1  0  1  0  1  1  1  1  0 -244.25       1      0.0
201  0  1  0  0  1  1  0  0  1  0  1  0  1  1  1  1  0  0  0  1  1  1  0  1  1  0  1  1  1  0 -244.25       1 0.033333
255  0  1  0  0  0  1  0  0  1  0  1  1  1  0  1  0  0  0  1  1  1  1  0  1  1  0  0  1  1  0 -244.25       1 0.033333
271  0  1  0  0  0  1  0  0  1  0  0  0  1  1  1  0  0  0  0  1  1  1  0  1  1  0  0  1  1  0 -244.25       1 0.033333
287  0  1  1  1  1  0  0  0  1  0  1  0  0  1  1  1  0  1  1  1  1  1  0  1  0  0  0  1  1  0 -244.25       1 0.033333
312  0  1  1  0  1  0  0  0  1  0  1  0  0  1  1  0  0  0  0  1  1  1  0  1  1  0  1  1  1  0 -244.25       1 0.033333
317  0  1  1  1  0  1  0  1  0  0  1  0  0  1  0  0  0  0  0  1  1  1  0  1  1  0  0  1  1  1 -244.25       1 0.033333
351  0  1  1  0  1  0  0  0  0  0  0  1  1  1  1  0  0  0  0  1  1  1  0  1  1  0  0  1  1  1 -244.25       1 0.033333
368  0  1  1  1  1  0  0  1  1  1  0  0  0  1  0  1  0  0  0  1  1  0  0  1  1  0  0  1  1  0 -244.25       1 0.033333
387  0  1  0  0  1  1  0  1  1  0  1  0  0  1  1  0  0  0  0  1  1  0  0  1  1  0  0  1  1  1 -244.25       1 0.033333
404  0  1  0  0  0  1  0  0  0  1  1  1  0  1  1  0  0  0  0  1  1  1  0  1  0  0  0  1  1  0 -244.25       1 0.033333
423  0  1  1  0  0  1  0  0  1  0  0  1  0  0  1  0  0  1  1  1  1  1  0  1  1  0  0  1  1  0 -244.25       1 0.066667
426  0  1  1  1  1  0  0  0  1  0  1  1  0  1  1  0  0  1  0  1  1  0  0  1  1  0  0  0  1  0 -244.25       1 0.066667
442  0  1  0  0  1  1  0  0  0  0  1  1  1  0  1  0  0  1  0  1  1  1  0  1  1  0  0  1  1  0 -244.25       1      0.1
482  0  1  1  0  0  0  0  0  0  0  1  1  1  1  1  0  0  0  0  1  1  1  0  1  1  1  0  1  1  0 -244.25       1 0.066667
93   0  1  0  1  1  1  0  1  1  0  1  0  1  1  1  0  0  0  0  1  1  0  0  1  1  0  0  1  1  0  -244.0       1      0.0
94   0  1  0  0  0  0  0  0  1  0  0  1  1  0  0  1  0  1  1  1  1  1  0  1  1  0  0  1  1  0  -244.0       1      0.0
95   0  0  0  0  0  1  0  0  1  0  0  1  0  1  0  0  1  0  1  1  0  1  1  1  0  1  1  1  1  0  -244.0       1      0.0
96   0  1  1  0  0  1  0  0  1  0  1  0  0  1  1  1  0  1  0  1  1  0  0  1  1  0  0  0  1  0  -244.0       1      0.0
98   0  1  0  0  0  0  0  0  1  1  0  1  1  0  0  0  1  0  1  1  1  1  0  1  1  0  0  1  1  0  -244.0       1      0.0
99   0  1  1  0  0  1  0  0  1  0  0  1  0  1  1  1  0  1  0  1  1  1  0  1  0  1  0  1  1  0  -244.0       1      0.0
100  0  1  0  0  0  1  0  0  0  0  0  1  0  0  0  0  0  0  1  1  1  1  1  1  1  1  0  1  1  1  -244.0       1      0.0
101  1  1  0  0  0  1  0  0  0  1  0  0  1  1  0  0  0  0  1  1  1  1  0  1  0  1  1  1  1  1  -244.0       1      0.0
102  0  1  0  0  1  0  0  0  0  0  1  0  0  1  1  1  0  0  0  1  1  1  0  1  1  0  1  1  1  0  -244.0       1      0.0
103  0  1  0  1  1  1  0  0  1  0  1  0  1  1  1  0  0  0  0  1  1  0  0  0  1  0  0  1  1  0  -244.0       1      0.0
104  0  1  0  1  0  1  0  0  1  0  1  1  0  0  1  1  0  0  0  1  1  0  0  1  0  0  0  1  1  1  -244.0       1      0.0
105  0  1  1  1  1  0  0  0  0  1  0  0  1  1  1  0  0  0  0  1  1  0  0  1  1  0  0  1  1  0  -244.0       1      0.0
233  0  1  1  0  1  1  0  0  1  0  1  0  0  1  1  0  0  1  0  1  1  0  0  1  1  0  0  0  1  0  -244.0       1 0.033333
248  0  1  0  1  1  0  0  0  1  0  0  0  0  1  1  0  0  0  0  1  1  1  0  1  1  0  0  1  1  1  -244.0       1 0.033333
285  0  1  0  0  1  1  0  0  0  0  1  1  1  0  1  0  0  0  0  1  1  1  0  1  1  0  0  1  1  0  -244.0       1 0.033333
342  0  1  0  1  1  0  0  1  1  0  0  0  1  1  1  0  0  1  0  1  1  0  0  1  1  0  1  1  1  0  -244.0       1 0.033333
364  0  1  1  1  1  0  0  0  1  0  0  1  0  1  1  0  0  0  0  1  1  1  0  1  1  0  0  1  1  1  -244.0       1 0.033333
441  0  1  1  1  1  0  0  0  1  0  0  1  0  1  1  0  0  1  0  1  1  0  0  1  0  1  0  1  0  0  -244.0       1 0.066667
106  0  1  0  0  1  1  1  0  0  0  1  1  0  1  1  0  0  1  0  1  1  1  0  1  0  0  0  1  1  0 -243.25       1      0.0
107  0  1  0  0  1  0  0  0  1  0  1  1  1  1  1  0  0  0  0  1  1  0  0  1  1  0  1  1  1  0 -243.25       1      0.0
108  0  1  1  0  0  1  0  0  1  0  1  1  0  1  1  0  0  0  0  1  1  1  0  1  0  1  0  1  1  0 -243.25       1      0.0
109  0  1  0  0  1  0  0  0  0  0  1  1  1  1  0  0  0  0  0  1  1  1  1  1  1  0  1  1  1  0 -243.25       1      0.0
110  0  1  1  1  1  1  1  0  1  0  0  0  0  1  1  0  0  1  0  1  1  0  0  1  1  0  0  1  1  1 -243.25       1      0.0
111  0  1  1  1  1  1  0  0  1  0  1  1  0  1  1  1  0  1  0  1  0  1  0  0  0  0  0  0  1  0 -243.25       1      0.0
112  0  1  0  0  1  0  0  0  1  0  1  1  1  0  1  0  0  0  1  1  1  1  0  1  1  0  0  1  1  0 -243.25       1      0.0
113  0  1  0  0  1  1  0  0  0  0  1  1  1  0  0  0  0  0  1  1  1  1  0  1  1  1  0  1  1  0 -243.25       1      0.0
114  0  1  0  0  1  1  0  0  1  0  1  0  0  1  1  0  0  1  0  1  1  1  0  1  1  0  0  1  1  0 -243.25       2      0.0
115  0  1  0  1  1  0  0  1  1  0  0  0  0  1  0  1  0  1  0  1  1  0  0  1  1  0  1  1  1  0 -243.25       1      0.0
116  0  1  0  1  0  1  1  1  1  1  0  0  0  0  1  0  0  1  0  1  1  0  0  1  1  0  0  1  0  1 -243.25       1      0.0
117  0  1  0  0  1  0  0  0  1  0  1  1  0  1  1  0  0  0  1  1  1  0  0  1  0  0  1  1  1  1 -243.25       1      0.0
118  0  0  1  1  0  0  0  0  1  0  0  1  0  1  1  0  0  1  0  1  1  1  0  1  1  1  0  1  1  0 -243.25       1      0.0
119  0  1  0  0  1  1  0  0  1  1  0  1  0  1  0  0  0  1  0  1  0  1  0  1  0  1  1  1  1  0 -243.25       1      0.0
243  0  1  0  0  1  1  0  0  0  1  1  0  0  0  1  0  0  1  1  1  1  1  0  1  1  0  0  1  1  0 -243.25       1 0.033333
278  0  1  1  0  1  1  0  0  1  0  1  1  0  1  1  0  0  1  0  1  1  0  0  1  1  0  0  0  1  0 -243.25       1 0.033333
304  0  1  0  0  1  1  0  0  0  0  1  0  0  1  1  0  0  1  0  1  1  1  0  1  1  0  1  1  1  0 -243.25       1 0.033333
318  0  1  0  1  1  1  0  0  1  0  0  1  0  1  0  1  0  0  0  1  1  1  0  1  1  0  0  1  1  0 -243.25       1 0.033333
325  0  1  0  1  1  0  0  0  0  0  1  1  1  1  1  0  0  0  0  1  1  0  0  1  1  1  0  1  1  0 -243.25       1 0.033333
330  0  1  0  0  0  1  0  0  0  1  1  1  1  1  0  0  0  0  0  1  1  1  0  1  1  0  1  1  1  0 -243.25       1 0.033333
332  0  1  1  1  1  0  0  0  1  0  1  0  0  1  0  1  0  0  0  1  1  1  0  1  1  0  0  1  1  0 -243.25       1 0.033333
343  0  1  0  0  1  0  0  0  1  0  1  0  1  1  0  0  0  0  1  1  1  1  1  1  1  0  0  0  1  1 -243.25       1 0.033333
438  0  1  0  0  1  1  0  0  1  0  1  0  0  1  1  0  0  1  0  1  1  1  0  1  1  0  0  1  1  0 -243.25       1      0.1
120  0  1  1  1  0  1  0  0  1  0  0  1  0  1  0  0  0  1  0  1  1  1  0  1  1  1  0  1  1  0  -243.0       1      0.0
121  0  1  0  1  1  1  0  0  1  1  0  1  0  1  0  0  0  0  0  1  1  1  0  1  0  1  0  1  1  1  -243.0       1      0.0
122  0  1  1  1  1  0  0  0  1  0  0  1  0  1  0  1  0  0  0  1  1  1  0  1  1  1  0  1  1  0  -243.0       1      0.0
123  0  1  0  0  1  1  0  0  1  0  1  1  1  1  1  0  0  0  0  1  1  1  0  1  1  0  0  1  1  0  -243.0       1      0.0
124  0  1  1  1  1  0  0  0  1  0  0  0  1  0  1  0  0  0  0  1  1  0  0  1  1  0  0  1  1  1  -243.0       1      0.0
125  0  1  0  0  1  1  1  0  0  1  0  0  0  1  1  0  0  1  1  1  1  1  0  1  1  0  0  1  1  0  -243.0       1      0.0
126  0  0  0  0  0  1  0  0  1  1  0  0  0  1  0  0  0  0  1  1  1  1  0  1  1  0  1  1  1  1  -243.0       1      0.0
127  0  0  1  1  0  0  0  0  1  0  1  1  1  1  1  0  0  1  1  1  0  1  0  1  1  0  0  1  1  0  -243.0       1      0.0
128  0  1  0  1  1  1  0  0  1  0  0  0  0  1  0  0  0  0  0  1  1  1  0  1  1  0  0  1  1  1  -243.0       1      0.0
129  0  1  0  1  1  0  0  1  0  0  1  1  0  1  1  0  0  0  0  1  1  0  0  1  1  1  0  1  1  1  -243.0       1      0.0
130  0  1  0  0  0  1  1  1  0  0  1  0  1  1  0  0  1  0  0  1  1  1  0  1  1  0  0  1  1  1  -243.0       1      0.0
131  0  1  0  1  1  0  0  0  1  0  0  1  0  0  0  1  0  0  0  1  1  0  0  1  1  1  1  1  1  0  -243.0       1      0.0
132  0  1  0  0  1  1  0  0  0  0  1  0  0  1  1  0  0  1  0  1  1  1  0  1  1  0  0  1  1  0  -243.0       1      0.0
133  0  1  1  0  0  1  0  1  1  0  0  1  0  1  0  0  0  1  0  1  1  1  0  1  1  1  0  1  1  0  -243.0       1      0.0
134  0  1  0  0  1  1  0  0  0  0  1  1  0  1  0  0  0  1  1  1  1  1  0  1  0  1  1  1  1  0  -243.0       1      0.0
135  0  1  1  0  0  1  0  0  1  0  1  0  1  1  1  0  0  1  0  1  0  1  0  1  1  0  0  0  1  0  -243.0       1      0.0
136  0  1  1  1  1  0  0  0  0  0  1  0  0  1  1  0  0  0  0  1  1  1  0  1  1  0  0  1  1  0  -243.0       1      0.0
261  0  1  0  0  1  0  0  0  0  0  1  0  1  0  1  0  0  1  1  1  1  0  1  1  1  0  0  1  1  0  -243.0       1 0.033333
284  0  1  0  0  1  1  1  0  0  1  1  1  1  0  0  0  0  0  1  1  1  1  0  1  1  0  0  1  1  0  -243.0       1 0.033333
290  0  1  1  0  0  1  0  0  1  0  0  1  1  1  1  0  0  0  0  1  1  0  0  1  1  0  0  1  1  0  -243.0       1 0.033333
293  0  1  1  0  1  1  0  0  1  0  1  1  0  1  1  0  0  1  1  1  1  0  0  0  1  0  0  1  1  0  -243.0       1 0.033333
305  0  1  0  0  0  1  0  0  1  0  0  1  0  1  1  0  0  0  0  1  1  1  0  1  1  0  1  1  1  0  -243.0       1 0.033333
326  0  1  0  0  1  1  0  0  0  0  1  0  0  1  1  0  0  1  0  1  1  1  0  1  1  0  0  1  1  0  -243.0       1 0.033333
349  0  1  1  0  1  1  0  0  1  0  1  0  0  1  1  0  0  1  0  1  1  0  0  1  1  0  0  1  0  0  -243.0       1 0.066667
356  0  1  1  0  1  0  0  0  0  0  1  0  1  1  1  0  0  0  0  1  1  0  0  1  1  0  1  1  1  0  -243.0       1 0.033333
357  0  1  0  1  1  0  1  0  0  0  1  0  1  0  1  0  1  0  0  1  1  1  0  0  1  0  0  1  1  0  -243.0       1 0.033333
414  0  1  1  0  0  1  0  0  1  0  1  0  0  1  1  0  0  1  0  1  1  0  0  1  1  0  0  1  1  0  -243.0       1 0.066667
422  0  1  1  0  1  1  0  0  1  0  0  1  0  1  1  0  0  1  0  1  1  1  0  1  1  0  0  1  1  0  -243.0       1 0.066667
468  0  1  0  0  1  0  0  0  0  0  0  0  1  0  1  0  0  0  1  1  1  1  0  1  1  1  1  1  1  0  -243.0       1 0.066667
490  0  1  1  1  1  1  0  0  1  0  1  0  0  1  1  0  0  0  0  1  1  1  0  1  1  0  0  1  1  0  -243.0       1 0.133333
139  0  1  0  0  0  1  0  0  1  0  0  1  0  1  0  0  0  0  1  1  1  1  0  1  1  0  0  1  1  0 -242.25       1      0.0
140  0  1  1  0  0  1  0  0  1  0  0  0  1  1  1  1  0  1  0  0  1  1  0  1  0  0  0  0  1  0 -242.25       1      0.0
141  0  1  0  1  1  0  0  0  1  0  1  1  1  1  1  0  0  0  1  1  1  1  0  1  1  0  0  1  1  0 -242.25       1      0.0
142  0  1  1  0  1  0  0  1  1  1  1  0  0  1  0  0  0  0  0  1  1  1  0  1  1  0  0  1  1  0 -242.25       1      0.0
143  1  0  1  1  0  1  0  0  1  0  0  1  0  1  1  0  0  1  0  1  1  1  0  1  1  1  0  0  0  0 -242.25       1      0.0
144  0  1  0  1  1  0  0  0  0  1  0  1  1  1  0  0  0  0  0  1  1  0  0  1  1  1  1  1  1  0 -242.25       1      0.0
145  0  1  1  1  1  0  0  0  0  0  1  1  0  1  1  0  0  0  0  1  1  1  0  1  1  0  0  1  1  0 -242.25       1      0.0
146  0  1  0  1  1  0  1  0  0  1  1  1  1  0  1  0  0  0  0  1  1  0  0  1  0  0  1  1  1  0 -242.25       1      0.0
147  0  1  0  1  1  0  0  0  1  0  1  0  1  0  1  1  0  0  0  1  1  0  0  1  1  1  0  1  1  0 -242.25       1      0.0
148  0  1  1  1  1  0  0  0  1  0  1  1  1  1  1  0  0  0  0  1  1  0  0  1  1  0  0  1  0  0 -242.25       1      0.0
149  0  1  0  0  1  1  0  1  0  0  1  1  1  1  0  0  0  0  0  1  1  0  0  1  1  1  0  1  1  0 -242.25       1      0.0
150  0  1  1  1  1  1  0  0  1  0  0  1  1  1  1  0  0  1  0  1  1  0  0  1  1  1  0  1  0  0 -242.25       1      0.0
151  0  1  1  0  0  1  0  0  1  0  1  1  0  1  1  0  0  1  0  1  1  0  0  1  0  0  0  1  1  1 -242.25       1      0.0
152  0  1  1  1  0  1  0  0  0  0  0  1  1  1  0  0  1  0  0  1  1  1  0  0  1  1  0  1  1  0 -242.25       1      0.0
153  0  1  0  0  1  1  0  0  0  1  1  0  1  0  1  0  0  0  0  1  1  0  0  1  1  1  1  1  1  0 -242.25       1      0.0
154  0  1  1  0  0  1  0  0  0  1  0  1  0  1  1  0  0  0  0  1  1  1  0  1  1  0  0  1  1  1 -242.25       1      0.0
316  0  1  1  0  0  1  0  0  1  0  1  1  0  1  1  0  0  0  0  1  1  1  0  1  1  0  0  1  1  0 -242.25       1 0.033333
355  0  1  1  0  1  0  0  0  1  0  0  1  0  1  1  0  0  0  1  1  1  1  0  1  1  0  0  1  1  0 -242.25       1 0.033333
376  0  1  1  1  1  1  0  0  1  0  0  1  0  1  0  0  0  1  0  1  1  1  0  1  1  0  0  1  0  0 -242.25       1 0.033333
385  0  1  0  0  1  1  0  0  0  0  1  1  1  1  1  0  0  1  0  1  0  1  0  1  1  0  0  1  1  0 -242.25       1 0.033333
401  0  1  0  0  1  0  0  0  1  0  1  1  1  1  0  0  0  0  0  1  1  1  0  1  1  0  0  1  1  1 -242.25       1 0.033333
461  0  1  0  0  1  0  1  0  0  0  1  1  0  1  0  0  0  0  1  1  1  1  0  1  0  0  0  1  1  0 -242.25       1 0.066667
470  0  1  0  1  1  0  1  0  1  0  0  1  0  1  0  1  0  0  0  1  1  1  0  1  1  0  0  1  1  0 -242.25       1 0.066667
489  0  1  1  1  1  0  0  0  1  0  1  1  1  1  1  0  0  0  0  1  1  1  0  1  1  0  0  1  1  0 -242.25       1      0.1
155  0  1  0  0  1  0  0  0  0  1  1  1  1  0  1  0  0  0  1  1  0  1  0  1  1  0  1  0  1  0  -242.0       1      0.0
156  0  1  0  1  1  0  1  1  0  1  0  1  1  0  1  1  0  0  0  1  1  1  0  0  1  1  0  0  1  0  -242.0       1      0.0
157  0  1  1  0  0  0  0  0  1  0  0  0  0  1  1  0  0  1  0  1  1  1  0  1  1  1  0  1  1  0  -242.0       1      0.0
158  0  1  0  0  1  1  0  0  0  0  1  1  0  1  1  0  0  0  0  1  1  1  0  1  1  0  0  1  1  0  -242.0       1      0.0
159  0  1  0  0  1  1  0  0  1  1  1  0  1  0  1  0  0  1  1  1  1  0  0  1  1  0  0  1  1  0  -242.0       1      0.0
160  0  1  0  0  1  0  0  0  1  0  1  0  0  0  0  0  0  0  1  1  1  1  1  1  0  1  1  1  1  0  -242.0       1      0.0
161  0  1  1  0  1  0  0  1  0  0  1  0  0  1  1  0  0  0  0  0  1  1  1  1  1  0  0  1  1  0  -242.0       1      0.0
162  0  1  0  1  1  0  0  0  0  1  1  0  0  1  1  0  0  0  0  1  1  1  0  1  1  0  0  1  1  0  -242.0       1      0.0
163  0  1  0  1  1  0  0  0  1  0  1  0  0  1  0  1  0  0  0  1  1  0  0  1  1  0  1  1  1  0  -242.0       1      0.0
164  0  0  0  0  1  1  0  0  1  1  1  1  0  0  0  1  0  0  1  1  0  0  0  1  0  0  1  1  1  1  -242.0       1      0.0
289  0  1  0  0  1  1  0  0  1  0  0  0  0  1  1  0  0  1  0  1  1  1  0  1  1  1  1  1  1  0  -242.0       1 0.033333
300  0  1  0  0  1  1  0  1  1  0  1  0  0  1  1  0  0  0  0  1  1  0  0  1  1  0  0  1  1  0  -242.0       1 0.033333
302  0  1  0  1  1  1  0  0  0  0  0  1  1  1  1  0  0  0  0  1  1  0  0  1  1  0  0  1  1  0  -242.0       1 0.033333
331  0  1  0  1  1  1  0  0  1  0  0  1  0  1  1  0  0  0  0  1  1  0  0  1  1  0  1  1  0  0  -242.0       1 0.033333
334  0  1  0  1  1  1  0  0  1  0  1  0  0  1  1  0  0  1  0  1  1  1  0  1  1  0  0  1  1  0  -242.0       1 0.033333
346  0  1  0  0  1  1  0  0  1  1  1  1  1  0  1  0  0  0  0  1  1  0  0  1  0  0  0  1  1  0  -242.0       1 0.033333
347  0  1  1  0  1  0  0  0  1  1  1  0  0  1  1  0  0  0  0  1  1  1  0  1  1  0  0  0  1  0  -242.0       1 0.033333
386  0  1  0  0  1  1  0  0  0  0  1  1  0  1  1  0  0  0  0  1  1  1  0  0  1  1  1  0  1  0  -242.0       1 0.033333
390  0  0  1  0  0  0  0  1  1  0  0  1  0  1  1  0  0  1  0  1  1  1  0  1  1  0  0  1  1  0  -242.0       1 0.033333
416  0  1  0  1  1  1  0  0  1  0  1  0  0  1  1  0  0  0  0  1  1  1  0  1  1  0  0  0  1  0  -242.0       1 0.066667
417  0  1  0  0  1  0  1  0  1  0  1  0  1  1  0  0  0  1  1  1  0  1  0  1  1  0  1  1  1  0  -242.0       1 0.033333
421  0  1  0  0  1  1  0  1  0  0  1  1  0  0  1  0  0  1  1  1  1  0  0  0  1  0  0  1  1  0  -242.0       1 0.066667
448  0  1  0  0  1  1  0  1  0  0  1  1  0  1  1  0  0  0  0  1  1  1  0  1  1  1  0  1  1  0  -242.0       1 0.066667
449  0  1  1  1  1  1  0  0  1  0  0  1  0  1  1  0  0  0  0  1  1  1  0  1  1  0  0  1  1  0  -242.0       1      0.1
457  0  1  0  0  1  1  0  0  0  0  1  1  0  1  1  0  0  0  0  1  1  1  0  1  1  0  0  1  1  0  -242.0       1      0.1
464  0  1  1  1  1  1  0  1  1  0  0  0  1  1  0  0  0  1  0  1  1  0  0  1  1  0  0  1  1  0  -242.0       1 0.066667
165  0  1  1  0  0  1  0  0  1  0  0  1  0  1  1  0  0  1  0  1  1  0  0  1  0  0  0  1  1  0 -241.25       1      0.0
166  0  1  0  1  0  1  0  0  0  0  1  1  1  1  1  0  0  0  0  1  0  1  1  0  1  1  0  1  1  0 -241.25       1      0.0
167  0  1  1  0  1  0  1  0  1  0  1  1  1  0  1  0  0  0  1  1  1  0  0  1  0  0  0  1  1  0 -241.25       1      0.0
168  0  1  0  1  0  1  0  0  0  0  1  1  0  1  0  0  0  0  1  1  1  1  0  1  1  1  0  1  1  0 -241.25       1      0.0
169  0  1  0  1  0  1  0  0  0  0  1  1  0  1  1  0  0  0  0  1  1  1  0  1  1  1  0  1  1  0 -241.25       1      0.0
171  0  1  0  1  1  1  0  1  0  0  1  1  0  1  0  0  0  1  0  1  1  0  0  0  1  1  0  1  1  0 -241.25       1      0.0
172  0  1  1  1  0  1  1  0  1  0  0  1  0  1  0  0  0  1  1  1  1  1  0  1  1  1  0  1  0  0 -241.25       1      0.0
173  0  1  1  1  1  0  0  0  1  0  0  1  1  1  0  0  0  0  0  1  1  0  0  1  1  1  0  1  1  0 -241.25       1      0.0
174  0  1  1  1  1  1  0  1  1  0  1  1  0  1  1  0  0  1  0  1  0  0  0  0  1  1  0  0  1  1 -241.25       1      0.0
175  1  1  1  0  0  1  0  0  1  0  0  1  0  1  1  0  0  1  0  1  1  1  0  0  1  0  0  1  1  0 -241.25       1      0.0
176  0  1  1  0  1  1  0  0  0  0  1  1  0  1  1  0  0  0  0  1  1  1  0  1  1  0  0  1  1  0 -241.25       1      0.0
177  0  1  1  1  1  1  0  0  1  0  1  1  0  0  1  0  0  1  0  1  1  0  0  1  1  0  0  0  1  0 -241.25       1      0.0
178  0  1  0  1  1  0  0  1  0  0  1  1  1  1  0  0  0  0  1  1  1  1  0  1  0  1  1  1  1  0 -241.25       1      0.0
322  0  1  0  1  0  1  0  0  0  0  1  1  0  1  1  0  0  0  0  1  1  1  0  1  1  1  0  1  1  0 -241.25       1 0.033333
335  0  1  1  0  1  1  0  0  1  0  0  0  1  1  1  0  0  0  1  1  1  1  0  1  1  0  0  1  1  1 -241.25       1 0.033333
366  0  1  1  0  1  0  0  0  1  0  1  1  1  0  1  1  0  0  0  1  1  0  0  0  1  0  1  1  1  0 -241.25       1 0.033333
374  0  1  0  0  0  1  0  0  0  0  0  0  1  0  1  1  0  0  0  1  1  1  1  1  1  0  0  1  1  0 -241.25       1 0.033333
378  0  1  1  0  1  1  0  0  1  0  1  0  0  1  1  0  0  1  0  1  0  1  0  1  1  0  0  1  1  0 -241.25       1 0.066667
408  0  1  1  0  1  0  0  0  1  0  1  1  1  1  1  0  0  1  0  1  1  1  0  1  1  0  0  1  1  0 -241.25       1 0.033333
432  0  1  0  1  1  0  1  0  1  0  1  0  1  0  0  1  0  0  0  1  1  1  0  1  1  0  0  0  1  1 -241.25       1 0.033333
436  0  1  0  0  1  1  0  0  0  0  1  1  0  1  1  1  0  1  0  1  1  0  0  1  1  0  0  1  1  0 -241.25       1 0.066667
444  0  1  0  1  1  0  0  0  0  0  1  0  1  0  1  0  0  1  0  1  1  1  0  1  1  1  0  1  1  0 -241.25       1 0.066667
451  0  1  0  0  1  1  0  1  0  0  0  1  0  1  0  0  0  0  0  1  1  1  0  1  1  0  0  1  1  0 -241.25       1 0.066667
481  0  1  1  0  1  0  0  0  1  0  1  0  0  1  1  0  0  0  0  1  1  1  1  1  1  0  0  1  1  0 -241.25       1      0.1
492  0  1  1  0  1  1  0  0  1  0  1  0  0  1  1  0  0  1  0  1  0  1  0  1  1  0  0  1  1  0 -241.25       1 0.133333
179  0  1  0  1  0  1  1  0  0  1  0  0  0  1  1  1  0  0  0  1  1  1  0  1  0  0  0  1  1  0  -241.0       1      0.0
180  0  1  1  1  1  0  0  0  0  0  1  0  1  0  1  0  0  0  0  1  1  1  0  1  1  0  1  1  1  1  -241.0       1      0.0
181  0  1  0  0  0  0  1  0  1  1  0  1  0  0  0  0  0  1  1  1  1  1  0  0  0  1  1  1  1  0  -241.0       1      0.0
182  0  1  1  1  0  0  0  0  1  0  0  1  0  0  0  0  0  0  1  1  1  1  0  1  1  1  0  1  1  0  -241.0       1      0.0
183  0  1  0  0  1  1  0  0  1  0  1  1  1  1  1  0  0  0  0  1  1  0  0  1  1  0  1  1  1  0  -241.0       1      0.0
184  0  1  1  1  1  0  1  0  1  0  0  1  0  1  0  0  0  1  1  1  1  0  0  1  1  0  0  1  1  0  -241.0       1      0.0
185  0  1  1  0  1  1  1  0  0  1  0  0  0  1  1  0  0  1  0  1  1  1  0  1  1  0  0  1  1  0  -241.0       1      0.0
186  0  1  1  0  0  1  1  0  1  0  0  1  0  1  0  0  0  0  0  1  1  1  0  1  0  1  1  1  1  1  -241.0       1      0.0
187  0  1  1  1  1  1  0  0  0  0  0  1  0  1  1  0  0  0  1  1  1  1  0  0  1  1  0  1  1  0  -241.0       1      0.0
188  0  1  0  1  1  0  1  0  0  0  1  0  1  0  1  0  0  1  0  1  1  0  0  1  1  0  0  1  1  0  -241.0       1      0.0
189  0  1  0  0  1  1  0  0  0  0  1  0  0  0  1  0  0  1  1  1  1  1  0  1  1  0  0  1  1  0  -241.0       1      0.0
190  0  1  1  0  1  1  0  0  1  0  0  1  1  1  0  0  0  1  0  1  1  1  0  0  1  1  0  1  1  0  -241.0       1      0.0
191  0  1  0  0  1  1  0  0  1  0  0  0  1  0  0  1  0  0  1  1  1  1  0  1  1  1  1  1  1  0  -241.0       1      0.0
192  1  0  1  0  0  1  0  0  1  1  1  0  0  0  1  0  0  1  1  1  1  0  0  0  1  0  0  1  1  0  -241.0       1      0.0
193  0  0  0  1  1  0  1  0  0  0  0  1  1  0  1  1  0  1  1  0  1  1  0  1  1  0  1  1  1  0  -241.0       1      0.0
194  0  1  0  1  1  0  1  1  1  0  0  0  0  1  0  0  0  0  0  1  1  1  0  1  1  0  0  1  1  0  -241.0       1      0.0
195  0  0  0  1  0  1  0  0  1  1  1  1  0  1  0  1  0  0  1  1  0  1  0  1  0  1  0  0  0  1  -241.0       1      0.0
196  0  1  0  0  1  1  1  0  0  1  1  0  0  0  1  1  0  1  1  1  1  0  0  1  1  0  0  1  1  0  -241.0       1      0.0
197  0  1  0  0  1  0  1  0  0  0  0  0  0  1  0  1  0  0  0  1  1  1  0  1  1  1  1  1  1  0  -241.0       1      0.0
198  0  1  0  0  1  1  0  0  0  0  0  1  0  0  0  0  0  1  1  1  1  1  1  1  0  1  0  1  1  0  -241.0       1      0.0
199  0  1  1  1  1  0  0  0  1  0  0  1  0  0  1  0  0  1  1  1  1  1  0  1  0  1  0  1  1  0  -241.0       1      0.0
200  0  1  0  0  1  0  0  0  1  0  1  1  1  0  1  1  0  0  0  1  1  0  0  0  1  1  0  1  1  0  -241.0       1      0.0
303  0  1  1  0  1  0  0  0  0  0  1  0  1  0  1  0  0  0  0  1  1  1  1  1  1  0  0  1  1  0  -241.0       1 0.033333
307  0  1  0  0  1  1  0  0  1  0  1  0  0  1  1  0  0  1  0  1  1  0  0  1  1  0  0  1  1  0  -241.0       1 0.033333
352  0  1  0  0  1  1  0  0  1  0  1  1  1  1  1  0  0  0  0  1  1  0  0  1  1  0  0  0  1  0  -241.0       1 0.033333
354  0  1  1  0  0  1  0  1  0  0  0  1  0  0  0  0  0  0  1  1  1  1  1  1  1  0  0  1  1  0  -241.0       1 0.033333
359  0  1  0  0  1  1  0  0  1  0  1  0  0  1  1  0  0  1  0  1  1  0  0  1  1  0  0  1  1  0  -241.0       1 0.066667
361  0  1  0  0  1  1  0  0  0  0  1  0  0  1  1  0  0  0  0  1  1  1  0  1  1  0  0  1  1  1  -241.0       1 0.033333
369  0  1  0  0  0  1  0  0  1  0  1  0  1  1  1  0  0  1  0  1  1  0  0  1  1  0  0  1  1  0  -241.0       1 0.066667
380  0  1  0  1  0  1  0  0  1  0  0  1  1  1  1  0  0  0  0  1  1  0  0  1  1  0  0  1  1  0  -241.0       1 0.033333
406  0  1  0  1  1  1  1  0  1  0  0  0  0  1  0  0  0  0  0  1  1  1  0  1  1  0  0  1  0  1  -241.0       1 0.033333
415  0  1  0  0  1  1  0  0  1  0  1  0  0  1  1  0  0  1  0  1  1  0  0  1  1  0  0  1  1  0  -241.0       1      0.1
419  0  1  0  0  1  1  0  0  1  0  1  0  0  1  1  0  0  0  0  1  1  0  0  1  1  0  1  1  1  0  -241.0       1 0.066667
437  0  1  1  0  1  1  0  0  1  0  0  1  0  1  0  1  0  0  0  1  1  1  0  1  1  0  0  1  1  1  -241.0       1 0.066667
450  0  1  1  0  0  0  0  0  1  0  1  1  0  0  1  0  0  1  1  1  1  1  1  1  1  0  0  1  1  0  -241.0       1 0.066667
459  0  1  1  1  0  1  0  0  0  0  0  1  0  1  1  0  0  1  0  1  1  0  0  1  1  0  0  1  1  0  -241.0       1 0.066667
460  0  1  1  1  0  1  0  0  1  0  0  1  1  0  0  0  0  0  0  1  1  1  0  1  1  1  0  1  1  1  -241.0       1 0.066667
203  0  1  0  1  1  1  0  0  0  0  0  1  0  1  1  0  0  1  0  1  1  0  0  1  1  1  0  1  1  0 -240.25       1      0.0
204  0  1  0  0  1  0  0  0  0  0  1  1  0  1  1  0  1  0  1  1  1  1  0  1  1  0  0  1  1  0 -240.25       1      0.0
205  0  1  1  1  1  0  0  0  0  0  1  1  0  1  1  0  0  1  0  1  1  0  0  1  1  0  0  1  1  0 -240.25       1      0.0
206  0  1  0  0  1  1  0  0  1  0  1  1  0  1  0  0  0  0  1  1  1  1  0  1  1  0  0  1  1  0 -240.25       1      0.0
207  0  1  1  1  0  0  1  0  1  0  0  1  1  0  0  0  1  1  1  0  0  1  0  1  1  0  0  1  1  0 -240.25       1      0.0
208  0  1  0  0  1  1  0  0  1  0  1  1  0  1  1  0  0  0  0  1  1  1  0  1  1  0  0  1  1  0 -240.25       1      0.0
209  0  1  1  1  1  1  0  0  1  0  1  0  0  1  0  0  0  0  0  1  1  0  0  1  1  0  1  1  1  0 -240.25       1      0.0
210  0  1  1  0  1  1  0  1  1  0  0  0  0  1  1  0  0  0  0  1  1  0  0  0  1  0  1  1  0  0 -240.25       1      0.0
286  0  1  0  0  1  1  0  0  1  0  1  1  0  1  1  0  0  1  0  1  1  0  0  1  1  0  0  1  1  0 -240.25       1 0.033333
340  0  1  1  0  1  1  0  0  1  0  1  1  0  1  0  0  0  1  0  1  1  1  0  1  1  0  0  0  1  0 -240.25       1 0.033333
350  0  1  1  1  1  0  0  0  0  0  0  1  0  1  1  0  0  1  0  1  1  1  0  0  1  0  0  0  1  0 -240.25       1 0.033333
383  0  1  0  0  1  1  0  0  1  0  1  1  0  1  1  0  0  0  0  1  1  1  0  1  1  0  0  1  1  0 -240.25       1 0.066667
391  0  1  0  0  1  1  0  0  1  0  1  1  0  1  1  0  0  1  0  1  1  0  0  1  1  0  0  1  1  0 -240.25       1 0.066667
400  0  1  0  0  1  1  0  0  0  0  1  1  0  1  1  0  0  0  0  1  1  0  0  1  0  1  0  1  1  0 -240.25       1 0.033333
402  0  1  0  1  1  1  1  0  1  0  1  1  1  1  0  0  0  0  0  1  1  1  0  0  0  1  0  0  1  0 -240.25       1 0.033333
447  0  1  0  1  0  1  0  0  1  0  1  1  0  1  1  0  0  0  0  1  1  1  0  1  1  0  0  1  1  0 -240.25       1 0.066667
212  0  1  0  0  1  1  0  0  0  0  0  0  1  1  1  0  0  0  0  1  1  1  0  1  1  0  0  0  1  0  -240.0       1      0.0
213  0  0  1  1  1  0  0  0  0  0  0  1  1  1  1  0  0  1  1  0  1  1  0  1  1  0  0  1  0  0  -240.0       1      0.0
214  0  1  0  1  0  0  1  0  1  0  0  1  0  1  1  0  0  0  0  1  1  1  0  1  1  1  0  1  1  1  -240.0       1      0.0
215  0  1  0  0  1  0  1  1  1  0  1  1  0  1  1  0  0  0  0  1  1  1  0  1  1  0  0  0  1  1  -240.0       1      0.0
216  0  1  1  0  1  0  0  0  1  0  0  1  1  0  1  0  0  0  1  1  1  1  0  1  1  1  1  1  0  0  -240.0       1      0.0
217  0  1  1  0  1  0  0  0  1  0  0  1  0  1  1  0  0  1  0  1  1  1  0  1  1  1  0  1  1  0  -240.0       1      0.0
218  0  1  1  1  1  0  0  0  1  0  1  0  0  1  1  0  0  1  1  1  0  1  0  1  1  1  0  0  1  0  -240.0       1      0.0
219  0  1  0  0  1  1  0  0  0  0  1  0  1  0  1  0  0  1  0  1  1  0  0  1  1  1  0  1  1  0  -240.0       1      0.0
220  0  0  0  1  1  0  1  0  0  1  0  0  1  0  1  1  0  0  1  1  1  0  0  1  0  1  1  1  0  0  -240.0       1      0.0
221  0  1  0  0  1  0  0  0  1  0  1  1  0  1  1  0  0  0  0  1  1  1  0  1  1  0  0  1  1  0  -240.0       1      0.0
222  0  1  1  0  1  1  0  0  0  0  1  1  0  1  1  1  0  0  0  1  1  1  0  1  1  0  0  1  1  0  -240.0       1      0.0
282  0  1  0  0  1  1  0  0  1  0  1  1  0  1  1  0  0  1  0  1  1  1  0  1  1  0  0  1  1  0  -240.0       1 0.033333
292  0  1  0  0  1  1  0  0  1  0  0  1  0  1  1  0  0  1  0  1  1  0  0  1  1  0  0  1  1  0  -240.0       2 0.033333
323  0  1  0  1  1  1  0  0  1  0  1  1  0  1  1  0  0  1  0  1  1  0  0  1  0  0  0  1  0  0  -240.0       1 0.033333
360  0  1  0  0  1  0  1  0  1  0  1  1  1  1  1  0  0  0  0  1  1  1  0  1  1  0  0  1  1  0  -240.0       1 0.033333
373  0  1  0  1  1  0  1  1  0  0  1  0  1  0  1  0  0  1  0  1  0  1  0  0  1  0  0  1  1  0  -240.0       1 0.033333
379  0  1  1  0  0  1  0  0  1  0  1  1  0  1  1  0  0  0  0  1  1  0  0  1  1  0  0  1  1  0  -240.0       1 0.033333
388  0  1  1  1  1  0  1  0  1  0  1  0  1  1  0  0  0  0  0  1  1  1  0  1  1  0  0  1  1  0  -240.0       1 0.033333
398  0  1  0  0  0  1  0  0  1  1  1  1  0  1  0  1  0  0  0  1  1  1  1  1  1  0  0  1  1  0  -240.0       1 0.033333
418  0  1  1  0  1  1  0  0  1  0  0  1  0  1  1  0  0  1  0  1  1  0  0  1  1  1  0  1  1  0  -240.0       1 0.033333
430  0  1  0  0  1  1  0  0  0  0  1  1  1  0  1  0  0  0  0  1  1  0  0  1  1  0  0  1  1  1  -240.0       1 0.066667
431  0  1  0  0  1  0  0  0  1  0  0  0  0  1  1  0  0  1  1  1  1  1  0  1  1  0  0  1  1  0  -240.0       1 0.066667
434  0  1  0  0  1  1  0  0  0  0  1  1  0  1  1  0  0  1  0  1  1  0  0  1  1  0  0  1  1  0  -240.0       1 0.066667
469  0  1  0  0  1  1  1  0  1  0  1  0  0  1  1  0  0  1  0  1  1  1  0  1  1  0  0  1  1  0  -240.0       1      0.1
473  0  1  0  0  1  1  0  0  0  0  1  1  1  0  0  0  0  0  0  1  1  1  0  1  1  1  0  1  1  0  -240.0       1      0.1
223  1  1  1  1  0  0  0  0  1  0  0  0  1  1  0  1  0  0  0  1  1  1  0  1  1  1  0  1  1  1 -239.25       1      0.0
225  0  1  0  1  1  0  0  0  0  0  0  1  1  0  0  1  0  0  1  0  1  0  0  1  1  1  1  1  1  1 -239.25       1      0.0
226  0  1  1  0  1  0  1  0  1  1  1  1  0  0  1  0  0  1  1  1  1  1  0  1  0  0  0  1  1  0 -239.25       1      0.0
227  0  1  0  1  1  0  1  0  0  0  1  1  1  1  1  0  0  0  0  1  0  1  0  0  1  0  0  1  1  1 -239.25       1      0.0
228  0  1  0  1  1  1  1  1  1  0  1  0  0  1  0  0  0  1  0  1  0  1  0  0  1  0  0  1  1  0 -239.25       1      0.0
229  0  1  0  0  1  1  0  0  1  0  1  1  1  1  0  0  0  1  0  1  0  1  0  1  1  0  0  1  1  0 -239.25       1      0.0
230  0  1  0  1  1  0  0  0  1  0  0  1  0  1  0  0  0  1  1  1  1  1  0  1  1  0  0  1  1  0 -239.25       1      0.0
231  0  1  1  0  0  1  0  0  1  0  1  1  0  1  0  0  0  1  0  1  1  0  0  1  1  0  0  1  1  1 -239.25       1      0.0
362  0  1  0  1  1  1  0  0  1  0  0  1  1  0  1  0  0  0  0  1  1  1  0  1  1  1  1  1  1  0 -239.25       1 0.033333
365  0  1  0  0  1  0  0  0  0  1  1  1  0  0  1  0  0  1  1  1  1  0  0  1  1  1  0  1  1  0 -239.25       1 0.033333
381  0  1  0  0  1  0  1  0  1  0  1  1  0  1  0  0  0  0  1  1  1  1  0  1  1  0  0  1  1  0 -239.25       1 0.033333
384  0  1  0  0  1  1  1  0  1  0  1  0  0  1  0  0  0  1  0  1  1  1  0  1  1  0  0  1  1  0 -239.25       1 0.033333
435  0  1  0  0  1  1  0  0  1  0  1  1  0  1  0  0  0  0  0  1  1  1  0  1  1  0  0  1  1  1 -239.25       1 0.066667
234  0  0  1  1  1  1  0  0  1  1  0  0  1  0  0  1  1  0  1  0  0  1  0  1  0  1  1  1  0  1  -239.0       1      0.0
235  0  0  1  1  1  0  0  0  1  0  1  1  0  1  1  0  0  1  0  1  1  1  0  1  1  0  0  1  1  0  -239.0       1      0.0
236  0  1  0  0  1  1  0  0  1  1  0  1  0  0  1  0  0  0  0  1  1  0  1  1  0  1  1  1  1  1  -239.0       1      0.0
237  0  1  0  0  1  0  0  0  1  0  1  1  1  0  0  0  0  0  1  1  1  0  0  1  0  1  0  1  1  1  -239.0       1      0.0
238  0  1  1  0  0  1  0  0  1  1  1  1  0  0  1  0  0  0  0  1  1  0  0  1  0  1  0  1  0  1  -239.0       1      0.0
239  0  1  0  1  1  1  1  0  1  0  0  1  1  0  1  0  0  1  0  1  1  1  0  1  1  0  0  1  0  0  -239.0       1      0.0
240  0  0  1  0  1  1  1  1  0  1  1  0  0  0  1  0  0  1  1  1  1  0  0  0  1  1  0  1  1  0  -239.0       1      0.0
241  1  1  1  1  0  0  0  0  0  0  1  1  0  1  1  0  0  1  1  1  1  1  0  0  1  0  0  1  1  0  -239.0       1      0.0
242  0  1  0  1  1  0  1  0  0  0  1  0  1  1  1  0  0  1  0  1  1  0  0  1  1  1  0  1  1  0  -239.0       1      0.0
244  0  1  1  0  0  1  0  1  0  0  1  1  0  0  0  0  0  0  1  1  1  1  0  1  1  1  0  1  1  1  -239.0       1      0.0
245  0  1  0  0  1  1  0  0  1  0  1  1  0  1  0  0  0  0  0  1  1  0  0  1  1  0  1  1  1  0  -239.0       1      0.0
246  1  0  0  1  1  0  1  1  1  0  0  0  0  1  1  1  0  1  1  1  0  1  0  1  0  0  1  0  0  1  -239.0       1      0.0
247  0  1  1  0  1  1  0  0  1  0  0  0  0  1  1  0  0  0  0  1  0  1  0  1  1  0  1  1  1  0  -239.0       1      0.0
320  0  1  1  0  0  1  0  0  1  0  1  1  0  0  1  0  0  1  0  1  1  0  0  0  1  1  0  1  1  0  -239.0       1 0.033333
321  0  1  1  0  1  1  0  0  1  0  1  0  0  0  1  0  0  1  0  1  1  0  0  1  1  0  0  1  1  0  -239.0       1 0.033333
344  0  1  1  0  1  1  0  0  1  0  0  1  0  1  1  0  0  0  0  1  1  0  0  1  1  0  0  1  1  0  -239.0       1 0.033333
429  0  1  0  0  1  0  0  0  0  1  1  1  0  0  1  0  0  0  1  1  1  1  0  1  1  1  0  0  1  0  -239.0       1 0.033333
454  0  1  0  1  1  1  0  0  0  0  0  1  0  1  1  0  0  1  0  1  1  0  1  0  1  0  0  1  1  0  -239.0       1 0.066667
487  0  1  0  0  1  0  1  0  0  0  0  1  0  1  1  0  0  1  0  1  1  1  0  1  1  0  0  1  1  0  -239.0       1 0.066667
494  0  1  1  0  1  1  0  0  0  0  1  1  1  0  1  0  0  0  1  1  1  0  0  1  1  0  0  1  0  0  -239.0       1      0.1
497  0  1  0  0  1  1  0  0  1  0  0  1  0  1  1  0  0  1  1  1  1  0  0  1  1  0  1  1  1  0  -239.0       1 0.133333
256  0  1  1  0  1  0  0  0  1  0  1  1  0  1  0  0  0  1  1  1  1  1  0  1  1  0  1  1  1  0 -238.25       1      0.0
257  0  0  1  0  0  1  0  1  1  0  0  1  0  1  1  0  0  1  1  0  1  1  0  1  1  1  0  0  1  0 -238.25       1      0.0
258  0  1  1  0  1  0  1  0  1  1  0  0  0  1  1  1  0  1  1  1  1  1  0  1  0  1  0  0  0  1 -238.25       1      0.0
259  0  1  0  0  1  1  0  0  0  1  0  1  0  0  1  0  0  1  1  1  1  0  0  0  1  0  0  1  1  0 -238.25       1      0.0
260  0  1  0  1  0  1  1  0  1  0  0  1  0  0  1  0  0  0  0  1  1  1  0  1  1  1  1  1  0  0 -238.25       1      0.0
262  0  0  0  0  1  1  0  0  1  0  1  1  0  0  1  1  0  1  1  1  1  0  0  1  1  0  0  1  1  0 -238.25       1      0.0
263  0  1  1  0  1  1  0  1  1  0  1  1  1  1  1  0  0  0  0  1  1  0  0  1  1  0  0  1  1  0 -238.25       1      0.0
264  0  1  0  0  1  0  0  0  1  0  1  0  0  1  1  0  0  0  0  1  1  1  0  1  1  0  0  1  1  0 -238.25       1      0.0
336  0  1  1  0  1  1  0  0  1  0  0  0  0  1  0  0  0  0  0  1  1  1  0  1  1  0  0  1  1  0 -238.25       1 0.033333
392  0  1  0  0  1  0  0  0  0  0  1  1  0  1  0  0  0  0  0  1  1  1  1  1  1  1  0  0  1  0 -238.25       1 0.033333
397  0  1  1  0  1  1  0  0  1  0  1  1  0  0  1  0  0  1  0  1  1  0  0  1  1  0  0  1  1  0 -238.25       1 0.033333
446  0  1  0  0  1  1  0  0  1  0  0  0  0  1  1  0  0  0  0  1  1  1  0  1  1  0  0  1  1  0 -238.25       1 0.066667
465  0  1  0  0  1  1  0  0  1  0  1  1  0  1  1  0  0  0  0  1  1  0  0  1  1  0  0  1  1  1 -238.25       1 0.066667
476  0  1  0  0  1  1  0  0  1  0  0  0  0  1  1  0  0  1  0  1  1  0  0  1  1  0  0  1  1  0 -238.25       1 0.133333
265  0  1  0  1  0  0  0  0  1  0  1  1  0  0  1  0  0  0  0  1  1  1  0  1  1  1  0  1  1  0  -238.0       1      0.0
266  0  1  1  0  0  0  1  0  1  0  0  1  1  0  1  0  0  0  1  0  1  1  0  1  1  0  0  1  1  0  -238.0       1      0.0
267  0  1  1  1  0  0  0  0  1  1  1  1  0  1  0  0  0  0  1  1  0  0  0  1  1  0  0  1  1  0  -238.0       1      0.0
268  0  0  1  1  1  0  1  0  1  0  0  0  0  1  0  0  0  1  0  1  1  0  0  1  1  0  0  1  1  1  -238.0       1      0.0
466  0  1  0  1  1  1  0  0  0  0  1  1  0  0  1  0  0  1  0  1  1  0  0  1  1  0  0  1  1  0  -238.0       1      0.1
486  0  1  0  1  1  1  0  0  0  0  1  1  0  0  1  0  0  0  0  1  1  1  0  1  1  0  0  1  1  0  -238.0       1      0.1
273  0  0  0  1  1  1  1  0  0  0  1  1  0  0  1  0  0  1  0  1  1  1  0  0  1  0  1  1  1  0 -237.25       1      0.0
274  0  1  0  0  0  0  1  0  1  0  1  1  0  1  0  1  0  0  0  1  1  1  1  1  1  0  0  1  1  0 -237.25       1      0.0
275  0  1  0  0  0  1  0  0  1  1  1  1  1  0  0  1  0  0  1  0  0  1  1  1  1  0  1  1  1  1 -237.25       1      0.0
276  0  1  1  1  0  1  0  0  0  0  1  1  1  1  1  0  0  0  1  1  0  1  0  1  1  0  0  1  1  1 -237.25       1      0.0
277  0  1  1  1  1  1  0  0  1  0  1  1  0  1  1  0  0  0  0  1  1  0  0  1  1  1  0  1  0  1 -237.25       1      0.0
353  0  1  0  0  1  1  0  0  1  1  1  1  0  1  0  1  0  0  0  1  1  1  0  1  1  0  1  1  1  0 -237.25       1 0.033333
371  0  1  0  0  1  1  0  0  1  1  1  1  0  1  0  0  0  1  0  1  1  0  0  1  1  0  0  1  1  0 -237.25       1 0.033333
372  0  0  0  1  0  1  0  0  1  1  0  0  0  1  1  0  0  1  0  1  1  1  0  1  1  0  0  0  1  0 -237.25       1 0.033333
389  0  1  0  0  1  1  1  0  0  1  1  1  1  1  0  0  0  0  0  1  1  0  0  1  1  0  0  1  1  0 -237.25       1 0.033333
395  0  0  0  1  0  1  0  0  1  0  1  1  0  0  1  1  0  1  0  1  1  1  0  1  1  0  0  1  1  0 -237.25       1 0.033333
399  0  0  1  0  1  1  0  0  1  1  1  0  0  1  1  0  0  0  0  1  1  1  0  1  1  0  0  1  1  0 -237.25       1 0.033333
407  0  0  0  0  1  1  0  0  0  0  1  1  0  1  1  1  0  0  0  1  1  1  0  1  1  1  0  1  1  0 -237.25       1 0.033333
420  0  1  0  1  1  1  0  0  0  0  1  0  0  0  1  1  0  0  0  1  1  0  0  1  1  0  0  1  1  0 -237.25       1 0.033333
463  0  1  0  0  1  1  0  0  0  0  1  0  0  1  0  0  0  0  0  1  1  1  0  1  1  0  0  1  1  1 -237.25       1 0.066667
472  0  1  1  0  1  1  0  0  0  0  1  0  1  1  0  0  0  0  1  1  1  1  0  1  1  1  1  1  1  0 -237.25       1 0.066667
478  0  1  0  1  1  1  0  0  0  0  0  1  1  0  0  0  0  0  0  1  1  1  0  1  1  0  0  1  1  0 -237.25       1 0.066667
485  0  1  1  0  1  1  0  1  1  1  1  1  0  1  1  0  0  0  0  1  1  0  0  1  1  0  0  0  1  1 -237.25       1 0.066667
281  0  0  1  1  1  0  1  0  0  1  0  1  0  1  0  0  0  1  0  1  1  1  0  0  1  1  0  0  1  0  -237.0       1      0.0
283  0  1  0  0  1  0  1  0  1  0  0  1  1  1  0  1  0  0  1  1  1  1  0  0  1  0  1  1  0  1  -237.0       1      0.0
439  0  1  1  0  1  1  0  0  1  0  0  0  0  1  1  0  0  0  0  1  1  0  0  1  1  1  0  1  1  0  -237.0       1 0.066667
452  0  1  0  0  1  1  1  0  0  1  1  1  0  1  1  0  0  0  0  1  1  1  0  1  1  0  0  1  1  0  -237.0       1 0.066667
474  0  1  0  1  0  1  0  0  1  0  1  1  0  1  1  0  0  1  0  1  1  0  0  1  1  1  0  1  1  0  -237.0       1 0.066667
480  0  1  1  1  0  0  0  0  0  0  1  1  1  0  1  0  0  1  0  1  1  0  0  1  1  0  0  1  1  0  -237.0       1 0.066667
295  0  1  1  0  0  0  1  0  1  0  1  1  0  1  0  0  0  1  0  1  1  1  0  1  1  0  0  1  1  0 -236.25       1      0.0
296  0  1  1  0  0  1  0  0  0  0  1  1  0  1  0  0  0  1  1  1  0  0  1  1  1  0  0  1  1  1 -236.25       1      0.0
297  1  0  0  1  0  0  1  1  0  1  0  0  1  0  0  1  1  1  1  1  0  0  1  1  0  1  0  0  0  1 -236.25       1      0.0
298  0  1  0  0  1  1  0  0  1  0  1  1  0  1  0  0  1  0  0  1  1  1  0  1  1  0  0  1  1  0 -236.25       1      0.0
409  0  1  0  0  1  1  1  0  0  0  1  1  0  0  0  0  0  0  0  1  1  1  0  1  1  1  1  1  1  0 -236.25       1 0.033333
428  0  1  1  1  1  0  1  0  0  0  1  0  0  1  0  0  0  1  0  1  1  1  0  0  1  0  1  1  1  0 -236.25       1 0.033333
491  0  1  0  1  1  1  0  0  0  0  0  0  0  0  1  0  0  1  0  1  1  1  0  1  1  0  0  1  1  0 -236.25       1      0.1
301  1  1  1  1  1  0  0  1  0  0  1  1  1  0  0  0  0  1  1  0  0  0  0  1  1  0  1  1  1  0  -236.0       1      0.0
309  0  1  0  0  0  1  0  0  1  0  1  1  0  0  1  0  0  1  0  1  1  0  0  1  1  0  0  1  1  0 -235.25       1      0.0
403  0  1  0  1  1  1  0  0  1  0  1  0  0  1  0  0  0  0  1  1  1  0  1  1  1  0  0  1  1  0 -235.25       1 0.033333
427  0  1  0  0  1  1  0  0  0  0  0  1  0  0  1  0  0  1  0  1  1  0  0  1  1  1  0  1  1  0 -235.25       1 0.033333
443  0  1  0  0  1  0  0  0  1  0  1  1  0  0  0  1  0  1  0  1  1  1  0  1  1  0  0  1  1  1 -235.25       1 0.033333
458  1  1  0  0  1  1  0  0  0  0  1  1  1  0  1  0  0  0  0  1  1  0  0  1  1  0  0  0  1  0 -235.25       1 0.066667
313  0  1  0  1  0  1  1  0  1  0  0  1  1  1  1  0  0  1  1  1  0  0  0  1  0  1  0  0  1  1  -235.0       1      0.0
315  0  1  0  0  1  1  1  0  1  0  0  1  0  1  1  0  0  0  0  1  1  0  0  1  1  0  0  1  1  0  -235.0       1      0.0
375  0  1  1  0  1  1  0  0  0  0  1  1  0  0  1  0  0  1  0  1  1  1  0  1  1  1  0  1  1  0  -235.0       1 0.033333
405  0  1  0  0  1  1  0  0  1  0  1  1  0  0  1  0  0  0  0  1  1  1  0  1  1  0  0  1  1  0  -235.0       1 0.033333
410  0  1  0  0  1  1  0  0  1  0  1  1  1  0  0  0  0  1  0  1  1  1  0  1  1  0  0  1  1  1  -235.0       1 0.033333
328  0  1  0  1  1  1  1  1  1  1  0  0  0  1  1  0  0  0  0  0  1  0  1  0  1  0  0  1  1  0 -234.25       1      0.0
425  0  1  0  0  1  1  0  0  1  0  1  1  0  0  1  0  0  0  0  1  1  1  0  1  1  1  0  1  1  0 -234.25       1 0.066667
333  0  1  0  0  1  1  0  0  1  0  1  1  0  0  1  0  0  0  1  1  1  0  0  1  1  0  0  1  1  0  -234.0       1      0.0
424  0  0  0  0  1  1  1  0  0  0  1  1  0  1  1  0  0  0  0  1  1  1  0  1  1  0  0  1  1  0  -234.0       1 0.033333
445  0  0  1  0  1  0  0  0  1  0  1  0  0  1  1  0  1  1  0  1  1  0  0  1  1  0  0  1  1  0  -234.0       1 0.033333
456  0  1  0  1  1  0  1  0  0  0  1  1  1  0  0  0  0  0  0  1  1  1  1  1  1  0  1  1  1  0  -234.0       1 0.033333
479  0  1  0  0  1  1  1  0  0  0  1  1  0  0  0  1  0  0  0  1  1  0  0  1  1  0  0  1  1  1  -234.0       1 0.066667
488  0  1  0  0  1  1  0  0  1  0  1  1  0  0  0  0  0  0  0  1  1  1  0  1  1  0  0  1  1  1  -234.0       1 0.066667
440  0  0  0  0  0  1  0  0  1  1  1  0  0  1  1  0  0  1  1  0  0  1  0  1  1  0  0  1  0  1 -233.25       1 0.033333
467  1  1  0  1  1  0  0  1  1  0  1  1  0  1  1  0  0  1  0  1  1  0  0  1  1  0  0  1  1  0 -231.25       1 0.066667
462  1  0  1  1  1  0  1  1  0  1  1  1  0  0  0  1  0  0  0  1  1  1  0  0  0  1  1  0  0  1  -231.0       1 0.033333
496  0  1  1  0  1  1  0  0  1  0  1  1  0  1  1  1  0  0  0  1  1  0  0  1  1  1  1  1  1  0  -231.0       1 0.066667
477  0  1  1  1  1  1  1  0  1  0  1  1  0  0  0  0  0  0  0  1  0  0  0  1  1  0  1  1  1  0 -230.25       1 0.033333
382  1  0  1  0  1  0  1  0  0  0  1  1  0  0  0  0  1  0  0  1  1  1  0  1  0  0  0  1  1  1  -230.0       1      0.0
484  0  0  0  0  0  1  0  0  1  0  1  0  1  1  1  0  0  0  0  1  1  0  0  1  1  0  0  1  1  0  -228.0       1 0.066667
493  0  1  0  1  1  0  1  0  1  0  1  0  0  0  1  0  0  0  1  1  0  1  0  1  1  0  0  0  1  0 -227.25       1 0.066667
475  0  1  1  0  1  1  0  0  1  0  1  1  1  0  0  0  0  0  0  1  1  1  0  1  1  1  0  1  0  1  -226.0       1 0.033333
['BINARY', 498 rows, 500 samples, 30 variables]Valid partition found with 29 cut edges
Solution:  [0, 1, 0, 1, 1, 0, 0, 0, 1, 0, 0, 0, 1, 1, 1, 1, 0, 0, 0, 1, 1, 1, 0, 1, 1, 0, 1, 0, 1, 0]