--------------- DW_2000Q_6 ---------------
     0  1  2  3  4  5  6  7  8  9 10 11 12 13 14 15 16 17 18 19 20 21 22 23 24 25 26 27 28 29 30 31 32 33 34 35 36 37 38 39 40 41 42 43 44 45 46 47 48 49  energy num_oc. chain_.
41   1  1  0  0  0  0  1  0  1  1  0  1  1  1  0  1  1  0  0  1  0  1  0  1  0  0  0  1  1  0  0  1  0  0  0  1  1  0  1  1  1  0  0  0  0  1  1  0  1  1 -539.25       1    0.02
135  1  1  0  1  0  0  0  0  0  0  0  1  1  1  0  1  1  0  0  1  0  1  0  1  0  0  0  1  0  1  0  1  1  0  1  1  1  0  1  1  1  0  1  0  0  1  1  0  1  1  -531.0       1    0.02
303  1  1  0  0  0  1  1  1  0  0  0  1  1  0  0  1  1  1  0  1  0  1  0  1  0  0  0  1  1  0  0  1  1  0  1  1  1  1  1  0  1  0  0  0  0  0  1  1  0  1  -531.0       1    0.04
86   1  1  0  1  1  0  1  0  1  1  1  1  0  0  0  0  1  0  1  1  1  0  0  0  0  0  0  1  0  0  0  1  0  0  1  1  0  0  1  1  0  0  0  1  0  1  1  0  1  1  -530.0       1    0.02
184  1  1  0  1  0  0  1  0  0  0  0  1  1  1  0  1  1  0  0  0  0  1  0  1  0  0  0  1  0  1  0  0  0  0  0  1  1  1  1  1  1  0  1  0  0  1  1  1  0  1  -530.0       1    0.02
258  1  1  0  0  0  0  1  0  1  1  1  1  0  1  0  1  0  0  0  1  0  0  0  0  0  0  0  1  1  0  0  1  0  0  1  1  1  0  1  1  1  0  1  0  0  1  1  1  0  1  -530.0       1    0.04
0    1  0  1  0  0  1  1  0  1  0  1  1  0  1  0  0  0  1  0  1  1  1  0  0  0  0  0  1  1  0  0  1  1  0  1  1  1  0  1  0  1  1  0  0  0  0  1  1  0  1 -529.25       1     0.0
259  0  1  0  0  0  1  1  1  0  0  1  1  0  1  1  1  1  1  0  1  0  0  0  1  0  0  0  1  1  0  0  1  1  0  0  1  1  1  1  0  1  0  0  0  0  0  1  0  1  1 -529.25       1    0.04
1    1  1  0  1  0  0  1  0  1  0  1  1  0  1  0  1  1  0  1  1  0  1  0  1  0  1  1  0  1  1  1  0  0  0  0  1  0  0  0  0  1  1  0  0  0  1  1  1  0  1  -529.0       1     0.0
64   1  1  0  0  0  0  1  0  1  0  1  1  0  1  0  0  1  1  1  1  0  1  0  0  0  0  0  1  1  0  0  1  0  0  1  1  1  0  1  0  1  0  0  0  0  1  1  1  0  1  -529.0       1    0.02
78   1  1  0  0  1  0  1  0  1  0  1  1  1  1  0  0  1  0  0  1  0  0  0  0  0  0  0  1  1  0  0  1  1  0  1  1  1  0  1  1  1  0  0  0  0  1  1  0  0  1  -529.0       1    0.02
2    1  1  0  0  0  0  1  0  1  0  1  1  0  1  1  0  0  0  1  1  0  1  0  1  0  0  0  1  1  0  0  1  0  0  1  1  1  0  1  0  1  1  0  0  0  1  1  1  0  1 -528.25       1     0.0
3    1  0  0  0  0  1  1  0  1  0  1  1  1  1  1  0  1  1  0  1  0  1  0  1  0  0  0  1  1  0  0  1  0  0  0  1  1  0  1  1  1  0  0  0  0  1  1  0  0  1 -528.25       1     0.0
4    1  1  0  0  1  0  1  0  1  1  1  1  0  0  0  1  0  0  0  1  0  1  0  1  0  0  0  1  0  0  0  1  0  0  1  1  1  0  1  1  1  1  0  1  0  1  1  0  0  1 -528.25       1     0.0
123  1  1  0  1  0  0  1  0  1  0  1  1  1  1  0  1  1  0  1  1  1  1  0  1  0  0  0  0  1  0  0  1  0  0  0  1  1  0  1  0  1  0  0  0  0  1  1  0  0  1 -528.25       1    0.02
5    1  1  0  0  1  1  1  1  1  1  0  1  0  0  0  1  0  0  0  1  1  0  0  1  0  0  1  1  1  0  0  1  1  0  1  1  1  0  0  0  1  0  0  0  0  1  1  1  0  1  -528.0       1     0.0
6    1  1  0  1  0  0  1  0  1  0  1  1  0  1  0  0  1  0  0  1  0  1  0  1  0  0  0  1  0  0  0  1  0  1  1  1  1  0  1  0  1  0  1  0  0  1  1  0  1  1 -527.25       1     0.0
201  1  0  1  1  0  0  1  0  1  0  1  1  1  1  0  1  0  0  1  1  0  1  0  0  0  0  0  1  1  0  0  1  0  0  0  1  1  0  1  1  1  0  0  0  0  1  1  0  1  1 -527.25       1    0.02
7    1  0  0  0  1  0  1  0  1  1  1  0  0  1  0  0  0  1  1  1  1  1  1  0  0  0  0  0  0  0  0  1  0  1  1  1  1  0  1  0  1  1  0  0  0  0  1  0  1  1  -527.0       1     0.0
8    1  1  0  1  0  0  1  0  1  1  1  1  0  1  0  1  1  0  1  1  0  1  0  1  0  0  0  1  0  1  1  1  0  0  0  1  1  1  0  1  1  0  0  0  0  0  1  0  0  1  -527.0       1     0.0
299  1  1  0  0  1  0  1  0  1  0  1  1  1  0  0  1  1  0  1  1  0  0  0  0  0  0  0  1  1  0  0  1  0  0  1  1  0  0  1  1  1  0  0  0  0  1  1  0  1  1  -527.0       1    0.04
9    1  0  0  1  1  0  0  0  1  1  0  1  0  1  0  1  1  1  1  1  0  1  0  1  0  0  1  0  1  1  0  1  0  0  0  1  0  0  0  0  1  1  0  1  0  1  1  0  0  1 -526.25       1     0.0
10   1  0  1  1  0  1  0  0  1  0  1  1  1  1  0  1  1  0  1  1  0  1  0  1  0  1  1  1  1  0  0  0  0  0  0  1  0  0  0  0  1  0  0  0  0  1  1  1  0  1 -526.25       1     0.0
11   1  1  0  1  0  0  1  0  1  0  1  1  1  1  0  1  1  0  1  1  0  1  0  0  0  0  0  1  1  1  0  0  0  0  0  1  1  0  1  0  1  0  0  0  0  1  1  0  1  1 -526.25       1     0.0
12   1  1  0  1  0  0  1  1  1  0  0  1  1  1  0  0  1  1  1  1  0  1  0  1  0  1  0  1  0  0  0  1  0  1  1  1  1  0  0  0  1  0  0  1  0  1  1  0  0  1 -526.25       1     0.0
13   1  1  0  0  0  0  1  0  1  1  1  1  1  1  0  1  0  0  1  0  1  1  0  0  0  0  0  1  1  0  0  1  0  0  1  1  1  0  1  1  1  0  0  0  0  1  1  0  0  1 -526.25       1     0.0
14   1  1  0  0  0  0  1  0  1  1  1  1  0  1  0  1  0  0  0  1  0  1  0  1  0  0  1  0  1  0  1  1  1  0  0  1  1  1  1  0  1  1  0  0  0  0  1  0  0  1 -525.25       1     0.0
15   0  1  0  0  0  1  1  1  1  0  1  1  1  1  1  0  0  1  0  0  1  1  0  1  0  0  0  1  1  0  0  1  0  0  0  1  1  1  1  0  1  0  0  0  0  0  1  0  1  1 -525.25       1     0.0
117  1  1  0  1  0  0  1  0  1  0  1  1  1  0  1  0  1  1  1  1  0  0  0  1  0  0  0  1  1  0  0  1  0  0  1  1  1  1  0  0  1  0  0  0  0  1  1  0  0  1 -525.25       1    0.02
148  0  1  0  0  0  0  1  1  1  0  0  1  1  1  0  1  1  1  1  1  0  1  0  0  0  0  0  1  1  0  0  1  1  0  1  1  1  1  1  0  1  0  0  0  0  0  1  0  0  1 -525.25       1    0.02
181  0  0  0  1  0  0  0  0  1  0  0  1  0  0  0  1  0  1  1  1  1  1  1  1  1  1  1  0  0  1  1  0  0  1  0  1  0  0  0  0  1  1  0  1  0  0  1  1  1  1 -525.25       1    0.02
16   1  1  0  1  0  0  1  0  1  0  1  1  0  0  0  0  0  0  0  1  0  0  0  0  0  0  0  1  1  0  0  1  1  0  1  1  1  0  0  1  1  1  1  0  0  1  1  1  0  1 -524.25       1     0.0
17   1  1  0  1  0  0  1  0  1  0  1  1  0  1  0  0  1  0  1  1  1  0  1  0  0  0  0  1  0  0  0  1  1  0  1  1  1  1  0  0  1  1  0  0  0  0  1  0  1  1 -524.25       1     0.0
18   1  0  0  1  0  0  0  0  1  0  1  1  1  1  0  1  1  1  1  0  0  1  0  1  1  1  1  0  0  1  0  1  0  0  0  1  0  0  0  0  1  1  0  1  0  1  1  0  0  1 -524.25       1     0.0
165  1  1  0  0  0  1  1  0  1  0  1  1  1  1  0  1  1  0  1  1  0  1  0  1  0  0  0  0  1  0  0  1  0  0  1  1  1  0  1  1  1  0  0  0  0  1  1  0  1  1 -524.25       1    0.02
19   1  1  0  0  0  0  1  1  0  0  1  1  1  1  0  1  0  1  0  1  0  1  0  1  0  0  0  1  1  0  0  1  1  0  0  1  1  1  1  1  1  0  0  0  0  0  1  0  1  1  -524.0       1     0.0
87   1  1  0  1  0  1  1  0  0  0  1  1  1  1  1  0  0  1  0  1  0  1  0  1  0  0  0  1  1  0  0  1  0  0  1  1  1  1  1  0  1  0  0  0  0  1  1  0  0  1  -524.0       1    0.02
156  1  1  0  0  0  1  1  0  1  0  1  0  0  1  1  0  1  1  0  1  1  0  0  0  0  0  0  1  1  0  0  1  1  0  0  1  1  1  1  0  1  0  0  0  0  0  1  1  1  1 -523.25       1    0.02
225  1  1  0  1  0  1  1  0  1  0  1  1  1  1  1  1  0  0  0  1  0  0  0  1  0  0  0  1  1  0  0  1  0  0  0  1  1  1  1  1  1  0  0  0  0  1  1  1  0  1 -523.25       1    0.04
20   1  1  0  1  0  1  1  0  1  0  1  1  0  1  0  0  0  1  0  1  1  1  0  1  0  0  0  1  1  0  0  1  1  1  0  1  1  0  1  1  1  0  0  0  0  0  1  0  0  1  -523.0       1     0.0
21   0  1  0  0  0  1  1  1  0  0  0  1  1  1  0  1  1  1  0  1  0  1  0  1  0  1  1  1  1  0  0  1  0  0  0  1  0  0  1  0  1  0  0  1  0  0  1  0  0  1  -523.0       1     0.0
22   1  1  0  1  1  0  1  0  1  0  1  1  1  1  0  1  1  0  1  0  0  0  0  1  1  0  1  1  1  0  0  0  0  0  0  1  0  0  0  0  0  0  0  0  0  1  1  1  1  1  -523.0       1     0.0
23   1  1  0  0  1  0  1  0  1  0  1  1  0  1  0  1  1  0  1  1  0  1  0  0  1  0  0  1  1  0  0  1  0  0  1  1  1  0  1  0  1  1  0  0  1  0  1  0  0  1  -523.0       1     0.0
24   1  1  0  0  0  0  1  0  1  1  1  1  0  1  1  0  1  0  0  1  0  1  0  1  0  0  0  1  1  0  0  1  1  0  1  1  1  0  0  0  1  1  0  0  0  1  1  0  1  1  -523.0       1     0.0
199  1  1  0  1  0  1  1  0  1  0  0  1  0  0  0  1  0  0  0  1  0  1  1  1  0  0  1  1  1  0  0  1  0  0  0  1  1  1  1  1  1  1  0  0  0  1  1  0  0  1  -523.0       1    0.02
358  0  1  0  0  0  0  1  1  0  1  0  1  1  1  1  1  1  1  1  1  0  0  0  1  0  1  0  0  1  1  0  1  1  0  1  0  1  0  0  0  1  0  0  1  0  1  1  0  0  1  -523.0       1    0.04
25   1  0  0  1  0  0  1  0  1  1  1  1  1  1  0  1  1  1  0  1  0  0  0  1  0  0  0  1  1  1  0  1  0  0  0  1  0  1  1  0  1  0  0  0  0  0  1  0  1  1 -522.25       1     0.0
26   1  0  1  1  1  0  1  0  1  1  1  0  0  1  0  1  1  0  0  1  1  0  0  1  0  0  1  1  1  0  0  1  1  0  0  1  0  0  1  1  1  0  0  1  0  1  1  0  0  1 -522.25       1     0.0
27   1  1  0  1  0  0  0  1  1  1  0  1  1  1  1  1  1  1  0  1  0  1  0  1  0  0  0  1  1  1  0  1  1  0  0  0  0  1  1  1  0  0  0  1  0  0  0  0  0  1  -522.0       1     0.0
28   1  1  0  0  0  1  1  0  1  0  1  1  1  1  1  0  1  1  1  1  0  1  0  0  0  0  0  1  1  0  0  1  0  0  0  1  1  0  0  0  1  1  0  0  0  0  1  0  0  1  -522.0       1     0.0
29   1  1  0  1  1  0  1  1  1  1  1  0  1  1  0  1  0  0  1  1  1  0  0  0  0  0  0  1  1  0  0  1  0  0  0  1  1  0  0  0  1  0  0  0  0  0  1  0  1  1  -522.0       1     0.0
30   1  1  0  1  0  0  1  0  1  0  1  0  1  1  1  1  0  0  0  1  0  1  0  1  0  0  0  1  1  1  0  1  0  0  0  1  1  1  1  1  1  0  1  0  0  1  0  0  0  1  -522.0       1     0.0
208  1  1  0  0  0  1  1  1  1  1  1  0  0  1  1  0  0  1  0  1  1  0  0  1  0  0  1  1  1  1  0  1  1  0  0  1  1  0  1  0  1  0  0  0  0  0  1  0  0  1  -522.0       1    0.02
378  0  1  0  0  0  0  1  0  1  1  0  1  1  0  1  1  1  1  1  1  0  0  0  1  0  0  0  1  0  0  0  1  1  0  0  1  1  1  1  1  1  0  0  1  0  0  1  0  1  1  -522.0       1    0.02
420  1  1  1  0  0  1  1  0  1  1  1  0  0  1  1  0  1  0  0  1  0  0  0  0  0  0  0  1  1  0  0  1  1  0  1  1  1  1  1  0  1  1  0  0  0  1  1  0  0  1  -522.0       1    0.08
31   1  1  0  1  0  0  1  0  1  0  0  1  0  1  0  1  0  0  0  1  0  1  0  1  0  0  1  1  1  0  0  1  0  0  0  1  0  1  1  0  1  1  1  0  0  1  1  1  0  1 -521.25       1     0.0
32   1  1  0  0  0  0  1  0  1  1  1  1  0  1  0  1  0  1  1  1  0  1  0  1  0  0  0  1  1  0  0  1  0  0  0  1  1  0  0  0  1  1  0  1  0  1  0  0  1  1 -521.25       1     0.0
33   1  1  1  0  0  0  1  0  1  0  1  0  1  1  1  1  1  1  0  0  0  1  0  1  0  0  0  0  1  0  0  1  1  0  0  1  1  1  1  0  1  1  0  0  0  0  1  0  0  1 -521.25       1     0.0
281  1  1  0  1  0  1  1  1  1  0  1  1  1  1  1  0  0  1  0  1  0  1  0  1  0  0  0  1  1  0  0  0  0  0  0  1  1  1  1  1  0  0  0  0  0  0  1  0  0  1 -521.25       1    0.04
369  1  1  0  0  0  1  1  0  1  0  1  1  1  1  1  0  0  0  0  1  0  0  0  0  0  0  0  1  1  0  0  1  1  0  1  1  1  1  0  1  1  0  0  0  0  0  1  0  0  1 -521.25       1    0.06
474  1  0  0  1  1  0  0  0  1  1  1  1  0  0  0  1  1  0  0  1  1  1  1  1  0  1  1  0  0  1  0  0  0  1  0  1  0  0  0  0  1  1  0  1  0  0  1  1  0  1 -521.25       1    0.12
34   1  1  0  0  1  0  1  0  0  1  0  1  1  0  0  0  1  0  0  1  0  1  0  1  0  0  1  1  0  1  0  1  1  0  1  1  1  1  0  1  1  0  0  0  0  1  1  0  1  1  -521.0       1     0.0
391  1  1  0  0  0  1  1  0  1  0  1  1  0  1  1  0  1  1  0  1  0  0  0  0  1  0  0  1  1  0  0  1  1  0  1  1  1  0  0  0  1  0  0  0  0  0  1  0  1  1  -521.0       1    0.06
35   1  1  0  1  0  0  1  0  1  0  1  1  0  1  0  0  1  0  1  1  1  0  0  0  0  0  0  1  1  0  0  1  0  0  0  1  1  1  1  0  0  0  0  0  0  1  1  0  1  1 -520.25       1     0.0
132  1  0  0  0  1  0  0  0  1  0  0  1  1  0  0  1  1  1  0  0  1  1  1  1  1  0  1  0  0  1  0  0  0  1  0  1  0  0  1  0  1  1  0  1  0  0  1  1  1  1 -520.25       1    0.02
166  1  1  0  0  0  0  1  0  1  0  0  1  1  0  0  1  1  1  1  1  0  0  0  1  0  1  0  1  1  1  0  1  0  0  0  1  0  0  0  1  1  0  0  1  0  1  1  0  1  1 -520.25       1    0.02
180  1  1  0  1  0  0  1  1  1  0  1  0  1  1  1  0  1  0  0  0  0  0  0  0  1  0  0  1  1  1  0  1  1  0  0  1  0  1  1  1  0  0  1  0  0  1  1  0  0  1 -520.25       1    0.02
202  1  1  0  0  1  1  1  0  1  1  1  0  0  0  0  1  1  0  1  1  0  1  0  0  0  0  0  0  1  0  1  1  0  0  0  1  1  0  1  1  0  0  0  0  0  1  1  0  0  1 -520.25       1    0.02
209  1  1  0  1  0  0  1  0  1  0  1  1  0  0  0  0  0  1  1  0  0  1  0  1  0  0  0  1  1  0  0  1  0  0  1  1  1  0  1  1  1  0  0  0  0  1  1  0  0  1 -520.25       1    0.02
317  1  0  0  1  0  0  1  0  1  0  0  0  0  1  0  1  1  0  0  1  0  1  0  1  0  0  0  1  1  1  0  1  1  0  0  1  0  0  1  1  1  0  0  0  0  1  1  1  0  1 -520.25       1    0.04
36   0  0  1  1  1  0  1  0  1  0  0  1  0  1  0  0  1  1  0  1  1  1  1  0  1  0  0  1  0  0  0  1  1  1  0  1  0  0  1  1  1  0  1  0  0  0  1  0  1  1  -520.0       1     0.0
37   0  1  0  0  0  1  1  0  0  0  1  1  0  1  1  1  1  0  0  1  0  1  0  1  0  0  0  1  1  0  0  1  0  0  1  1  1  1  1  0  1  0  0  0  0  0  1  0  1  1  -520.0       1     0.0
38   1  0  0  1  1  0  0  0  1  1  0  0  0  1  0  1  1  0  0  1  0  1  1  0  0  1  1  0  0  1  0  1  1  1  1  1  0  0  0  0  1  1  0  0  0  0  1  1  0  1  -520.0       1     0.0
39   1  1  0  1  0  0  1  0  1  1  1  1  1  1  0  1  0  0  1  1  1  0  0  1  0  0  0  1  1  0  0  1  0  0  0  1  1  1  1  1  0  0  0  1  0  0  1  0  0  1  -520.0       1     0.0
40   1  1  0  0  0  0  1  0  1  1  1  1  0  1  1  0  1  1  0  1  0  0  0  1  0  1  1  1  1  1  0  1  1  0  0  1  1  0  0  0  1  1  0  0  0  0  1  0  0  1  -520.0       1     0.0
42   1  0  1  1  0  0  0  1  1  0  0  0  1  1  0  1  1  0  0  1  1  1  0  0  0  1  1  0  0  1  0  1  0  1  0  1  0  0  1  1  1  1  0  0  0  0  1  0  0  1  -520.0       1     0.0
167  1  0  1  1  0  0  0  0  0  0  1  0  1  0  1  0  0  1  0  1  1  1  1  1  1  1  1  0  0  1  1  0  0  1  0  0  0  1  1  0  0  1  0  0  1  1  0  0  0  1  -520.0       1    0.02
188  1  1  0  0  1  0  1  1  1  0  1  1  0  1  0  1  0  0  0  1  1  0  0  0  0  0  0  1  1  0  0  1  0  0  0  1  1  0  1  1  1  0  0  0  0  1  1  0  1  1  -520.0       1    0.02
233  1  1  0  0  0  0  1  1  1  0  1  1  1  1  0  1  1  1  0  1  1  1  0  0  1  0  0  1  0  0  0  1  0  0  0  1  0  0  1  1  1  0  0  0  0  0  1  0  0  1  -520.0       1    0.02
240  1  0  0  1  1  0  0  0  1  0  0  1  0  0  0  1  1  0  0  1  1  0  0  1  0  0  0  1  0  1  0  1  0  1  0  1  0  0  1  1  1  1  0  1  0  0  1  1  1  1  -520.0       1    0.02
43   1  0  0  1  0  0  0  0  1  0  1  1  1  1  0  0  1  1  1  1  1  1  0  1  0  0  0  0  0  1  0  1  0  1  0  1  1  1  1  0  0  1  0  0  0  0  1  0  1  1 -519.25       1     0.0
44   1  1  0  1  0  0  0  0  1  1  0  1  1  1  0  0  1  1  0  1  0  0  0  1  0  0  0  1  1  0  0  1  1  0  1  1  1  1  0  1  0  0  1  0  0  1  1  0  0  1 -519.25       1     0.0
45   0  1  0  0  0  0  1  0  0  0  1  1  1  1  0  1  1  1  1  1  1  1  0  1  0  0  0  1  0  0  0  1  0  0  0  1  1  1  1  0  1  0  0  1  0  0  1  0  1  1 -519.25       1     0.0
46   1  0  1  1  0  0  1  0  1  0  1  0  0  0  0  0  0  1  0  0  1  1  0  1  0  0  0  1  0  0  0  1  0  1  1  1  1  0  1  1  1  1  0  1  0  1  1  1  0  1 -519.25       1     0.0
47   1  0  1  0  0  0  1  0  1  1  1  1  0  1  0  1  1  0  0  1  1  1  0  1  0  0  1  1  1  1  0  1  1  0  0  1  0  0  0  0  1  0  0  0  0  1  1  0  0  1 -519.25       1     0.0
48   0  0  0  1  0  0  1  1  1  0  0  1  1  1  0  0  0  1  0  0  1  1  1  1  0  1  1  1  0  0  0  1  0  1  1  1  0  0  1  0  1  0  0  1  0  1  1  0  0  1 -519.25       1     0.0
212  1  1  0  0  0  1  1  0  0  0  1  1  1  0  0  1  1  1  1  1  0  1  0  1  0  0  0  1  1  0  0  1  0  0  1  1  1  0  1  1  0  0  0  0  0  1  1  0  0  1 -519.25       1    0.02
255  1  1  0  0  0  1  1  0  1  0  1  1  1  1  0  1  1  0  1  1  1  1  1  0  0  0  0  1  0  0  0  1  0  1  0  1  1  0  1  0  1  0  0  0  0  0  1  0  0  1 -519.25       1    0.02
345  1  1  0  0  0  1  0  1  0  0  1  1  1  1  1  0  1  1  0  1  0  1  0  1  0  0  0  1  1  0  0  1  0  0  1  1  1  1  1  0  0  0  0  0  1  1  1  0  0  0 -519.25       1    0.04
49   0  1  0  0  1  0  1  1  1  0  1  1  0  1  0  1  1  1  0  0  1  0  0  1  0  0  0  1  1  0  0  1  1  1  0  1  1  1  0  0  1  0  0  1  0  0  1  0  1  1  -519.0       1     0.0
50   1  0  0  1  0  0  0  0  1  0  0  0  1  0  0  1  1  1  0  0  1  1  0  1  1  1  1  0  0  1  0  1  0  1  0  1  0  0  1  0  1  1  0  1  0  0  1  0  1  1  -519.0       1     0.0
51   1  0  0  1  0  1  0  0  1  1  0  1  0  0  0  0  0  1  0  1  1  1  1  1  0  0  1  1  0  0  0  1  0  1  0  1  1  1  0  0  1  1  0  1  0  0  0  0  1  1  -519.0       1     0.0
257  1  0  0  1  1  0  1  0  1  1  1  0  0  0  0  1  0  0  1  1  1  0  0  1  0  0  0  1  1  0  0  1  0  0  0  1  1  1  1  1  1  0  0  1  0  0  0  0  1  1  -519.0       1    0.02
346  0  0  1  0  1  1  1  0  1  0  1  1  0  1  0  0  1  0  1  1  1  1  0  0  0  0  0  0  1  0  0  1  0  0  1  1  1  0  1  0  1  0  0  0  0  1  1  0  1  1  -519.0       1    0.04
52   1  1  0  1  1  1  1  0  1  0  1  1  0  0  0  0  1  0  0  1  1  0  0  0  0  0  0  1  1  1  0  1  1  1  0  1  0  0  0  1  1  0  0  0  0  1  1  0  1  1 -518.25       1     0.0
53   1  0  0  1  1  0  1  0  1  1  0  0  0  1  0  1  0  1  0  0  1  1  1  1  0  0  1  1  1  0  0  1  0  0  0  1  0  0  1  0  1  1  0  1  0  1  1  0  0  1 -518.25       1     0.0
54   1  1  0  1  0  0  1  1  1  0  1  0  0  1  1  1  0  1  0  1  0  0  0  1  1  0  1  1  1  0  0  1  1  0  0  1  1  1  1  0  1  0  0  0  0  0  1  1  0  1 -518.25       1     0.0
248  0  0  0  1  0  0  0  1  1  0  0  0  1  1  0  1  1  1  0  0  1  1  1  1  1  0  1  0  1  1  0  1  1  0  0  1  0  0  0  0  1  1  0  1  0  0  1  1  0  1 -518.25       1    0.02
343  0  1  1  0  0  1  1  0  1  0  1  1  0  1  0  1  1  0  1  1  0  1  0  0  1  0  0  1  1  0  0  1  1  0  0  1  1  1  1  0  1  0  0  0  0  0  1  0  0  1 -518.25       1    0.04
458  1  0  0  1  1  0  0  1  1  0  0  1  0  0  0  1  0  1  0  1  1  0  1  1  1  1  1  0  0  1  0  0  1  1  0  0  0  1  0  0  1  1  0  1  0  0  1  1  1  0 -518.25       1    0.08
318  0  1  0  0  0  1  1  1  1  0  1  1  0  1  1  0  1  1  0  0  1  0  0  0  1  0  0  0  1  0  0  1  1  0  1  1  1  1  1  0  1  1  0  0  0  0  1  0  1  1  -518.0       1    0.04
339  1  1  0  0  0  0  1  0  1  0  1  1  0  1  0  0  1  1  0  1  0  0  0  1  0  0  0  1  1  0  0  1  0  0  1  1  0  1  1  0  1  0  1  0  0  1  1  0  1  1  -518.0       1    0.04
362  1  1  0  1  0  0  1  0  1  0  1  1  0  1  1  1  1  0  0  1  0  0  0  0  0  0  0  1  1  0  0  1  0  0  1  1  1  0  1  1  0  0  0  0  0  1  1  0  1  1  -518.0       1    0.06
55   0  0  0  1  0  1  0  0  1  0  0  1  0  1  0  0  1  1  1  1  0  1  0  1  0  1  0  0  0  0  0  1  0  1  0  1  0  1  1  0  1  1  0  1  0  0  1  0  1  1 -517.25       1     0.0
56   1  1  0  1  1  1  1  0  1  0  1  1  0  1  0  0  0  0  0  1  1  0  0  0  1  0  1  1  1  0  0  1  0  0  0  1  1  0  1  1  1  1  0  0  0  1  1  1  0  1 -517.25       1     0.0
57   1  1  0  1  0  0  1  0  1  0  1  1  0  1  1  0  1  0  1  1  0  1  0  1  0  0  1  1  1  0  0  1  0  0  1  1  0  0  1  0  0  1  0  0  0  1  1  0  0  1 -517.25       1     0.0
58   1  0  0  0  0  0  1  0  1  0  1  1  1  1  0  0  1  1  0  0  1  1  0  1  0  1  0  0  0  1  0  1  0  1  1  1  0  1  1  0  1  1  0  1  0  0  1  0  0  1 -517.25       1     0.0
59   0  1  0  0  0  1  1  0  1  1  1  1  1  0  0  1  1  1  0  1  0  1  0  1  0  0  0  1  1  0  0  1  1  1  1  1  1  0  1  0  1  1  0  0  0  0  1  0  0  1 -517.25       1     0.0
256  1  0  0  1  0  0  0  1  1  0  0  0  0  1  0  0  0  0  0  1  1  0  1  1  1  1  1  0  0  1  0  1  0  1  0  1  0  0  1  1  0  1  0  1  0  0  1  1  0  1 -517.25       1    0.02
282  0  1  0  1  0  0  1  0  1  0  0  1  0  0  0  1  1  0  1  1  0  1  0  1  0  0  0  1  1  0  0  1  1  1  1  1  1  1  0  0  1  0  0  0  0  1  1  0  1  1 -517.25       1    0.02
330  1  1  1  0  0  0  1  0  1  0  1  1  0  1  1  0  1  0  0  1  0  1  0  0  1  0  0  1  1  0  1  1  0  0  1  1  0  1  1  0  1  0  0  0  0  1  1  0  0  1 -517.25       1    0.04
411  1  1  0  1  1  1  1  1  1  0  0  1  0  1  0  1  1  0  1  1  0  1  0  0  0  0  0  0  1  0  0  1  0  0  0  1  1  0  1  1  1  0  1  0  0  1  1  0  0  0 -517.25       1    0.06
422  1  1  1  1  0  1  1  1  0  1  1  0  0  1  1  0  0  1  0  0  1  0  0  0  0  0  0  1  1  0  0  1  1  0  1  1  1  0  1  1  0  0  0  0  1  0  1  0  0  1 -517.25       1    0.06
60   0  0  0  1  1  0  0  0  1  1  1  1  0  1  0  0  0  1  1  0  1  1  0  1  1  1  1  0  1  1  0  0  1  1  0  1  0  0  0  0  1  1  0  1  0  0  1  0  1  1  -517.0       1     0.0
61   0  1  0  0  0  0  1  0  0  0  1  1  1  1  0  1  1  1  0  1  0  1  1  0  0  0  0  1  1  0  0  1  1  0  1  1  1  0  1  0  1  0  1  0  0  1  1  1  0  1  -517.0       1     0.0
62   1  0  0  1  0  0  1  0  1  0  1  0  1  1  1  1  0  1  0  0  1  1  1  1  0  1  1  0  1  0  1  1  0  1  0  1  0  0  1  0  1  0  0  0  0  0  1  1  0  1  -517.0       1     0.0
63   1  1  1  0  0  0  1  0  1  0  1  0  1  1  1  1  1  0  0  1  0  1  0  1  0  0  0  0  1  0  1  1  0  0  0  1  1  1  1  1  1  0  0  1  0  0  0  0  1  1  -517.0       1     0.0
231  1  0  0  0  0  1  1  0  1  0  1  1  1  1  0  0  1  0  0  1  1  1  0  1  0  0  0  1  1  0  0  1  0  0  0  1  1  0  1  1  1  0  1  1  0  1  1  0  0  1  -517.0       1    0.02
234  1  0  0  0  1  0  1  0  1  1  0  0  0  0  0  0  0  1  0  0  1  1  1  1  0  0  1  1  0  0  0  1  0  1  1  1  0  0  1  0  1  1  0  1  0  0  0  1  0  1  -517.0       1    0.02
266  1  0  0  1  1  0  1  1  0  1  1  0  0  0  1  1  0  1  0  0  1  0  0  1  0  1  1  0  1  1  1  0  1  1  0  1  0  0  0  0  1  1  0  1  0  0  0  1  1  1  -517.0       1    0.02
408  1  0  0  1  1  0  1  0  1  0  1  1  1  1  0  1  0  0  1  0  1  1  1  1  1  1  1  0  1  1  1  0  0  0  0  1  0  0  1  0  1  0  0  1  0  0  1  0  0  0  -517.0       1    0.04
438  0  1  1  0  0  1  1  0  1  1  1  0  0  1  1  0  1  0  0  1  0  0  0  0  0  0  0  1  1  0  0  1  1  0  1  1  1  1  1  1  1  0  0  0  0  1  1  1  0  1  -517.0       1    0.08
462  1  0  0  1  0  1  1  0  1  0  1  0  0  1  1  1  1  1  0  1  0  0  0  1  0  0  0  1  1  0  0  1  0  0  0  1  1  0  1  1  1  0  1  0  0  1  1  1  0  1  -517.0       1     0.1
65   1  1  1  1  0  0  0  1  1  1  0  1  0  1  0  0  1  1  0  1  1  1  0  1  0  0  0  1  1  0  0  1  1  0  0  0  0  1  1  0  1  0  0  0  0  0  1  0  1  1 -516.25       1     0.0
66   1  1  0  1  0  1  1  0  1  0  1  1  1  0  0  0  1  1  1  1  0  0  0  0  0  0  0  1  1  0  0  1  1  0  0  1  1  0  0  1  1  0  0  0  0  0  1  0  0  1 -516.25       1     0.0
67   1  0  0  1  0  0  0  0  1  0  1  1  1  1  0  1  1  1  0  1  1  0  0  1  0  0  0  1  0  1  0  1  0  0  0  1  0  1  1  1  1  0  0  1  0  0  1  0  1  1 -516.25       1     0.0
68   1  1  1  1  1  0  0  0  1  0  1  0  0  0  0  0  1  0  1  1  1  0  0  0  1  0  0  0  1  0  0  1  0  1  1  1  1  0  0  1  0  1  0  0  1  1  0  1  1  1 -516.25       1     0.0
69   1  1  1  0  0  1  1  0  1  0  1  1  1  1  0  1  1  0  0  1  0  1  0  0  1  0  0  0  1  0  0  1  1  0  0  1  0  1  0  0  1  1  0  0  0  0  1  1  0  1 -516.25       1     0.0
70   0  1  0  0  0  0  1  0  1  0  1  1  1  1  1  0  1  0  0  1  0  0  0  0  0  0  0  1  1  0  0  1  0  0  1  1  1  1  1  1  1  0  1  0  1  1  1  0  0  1 -516.25       1     0.0
71   1  1  0  1  0  0  0  1  1  1  0  0  1  1  0  1  1  1  0  1  0  1  0  1  0  0  1  1  1  0  0  1  0  0  0  1  0  1  1  0  1  1  0  0  0  0  1  0  0  1 -516.25       1     0.0
72   0  1  0  0  0  1  1  0  1  1  0  0  0  1  0  1  1  0  0  1  0  1  0  0  0  0  1  1  1  0  0  1  1  1  0  1  0  0  1  0  1  1  1  0  0  0  1  1  1  1 -516.25       1     0.0
200  0  1  1  0  0  0  1  1  1  0  1  0  1  1  1  0  1  1  0  1  1  0  0  0  1  0  0  1  1  0  0  1  1  1  1  1  0  0  1  0  1  0  0  0  0  0  1  0  0  1 -516.25       1    0.02
211  1  1  1  1  0  0  0  1  0  0  1  1  1  1  1  0  1  1  0  1  0  0  0  1  1  1  0  1  1  1  0  0  1  0  0  1  0  0  0  1  0  0  0  0  0  1  1  0  0  1 -516.25       1    0.02
230  1  1  0  0  0  0  1  0  1  0  1  0  0  0  0  1  1  0  0  1  0  1  0  1  0  0  0  1  1  1  0  1  0  0  1  1  1  0  1  1  0  0  0  0  0  1  1  0  1  1 -516.25       1    0.02
273  1  1  0  0  0  0  1  1  1  1  1  1  0  1  1  1  0  1  0  0  0  1  0  1  0  0  0  0  1  1  1  1  0  1  0  1  0  1  0  0  1  0  0  0  0  0  1  0  1  1 -516.25       1    0.02
280  1  0  0  1  0  0  1  0  1  0  0  0  1  1  0  1  1  0  0  1  1  1  0  1  0  0  1  1  1  1  0  1  0  1  0  1  0  0  0  0  1  1  0  1  0  0  1  1  0  1 -516.25       1    0.02
423  1  0  0  1  0  1  0  1  1  0  1  0  1  1  0  0  1  0  0  1  1  0  1  0  1  0  0  1  1  1  0  0  0  0  0  1  0  0  1  1  0  0  1  0  0  1  1  0  0  1 -516.25       1    0.06
73   0  1  0  1  0  0  1  1  1  0  0  1  1  1  0  1  1  0  0  1  0  0  0  1  0  0  0  0  0  1  0  1  1  1  0  1  0  1  0  1  1  0  0  0  0  1  1  1  0  1  -516.0       1     0.0
74   0  1  0  0  0  1  1  0  1  1  1  0  0  0  0  1  0  1  1  1  1  1  0  0  0  1  0  0  0  1  1  1  1  0  1  1  1  0  0  1  1  1  0  1  1  0  0  0  0  1  -516.0       1     0.0
75   1  1  0  0  0  0  1  1  1  0  1  0  1  1  0  0  1  1  1  1  0  1  1  0  0  1  0  1  1  0  0  1  0  0  1  1  1  0  1  0  1  0  0  0  0  0  1  0  1  1  -516.0       1     0.0
76   1  1  1  0  0  1  1  1  1  1  1  0  0  1  0  0  0  1  0  1  1  1  0  0  0  0  0  0  1  0  1  1  1  0  1  1  1  1  1  0  1  0  0  0  1  0  1  0  1  1  -516.0       1     0.0
77   1  1  0  1  1  0  1  0  1  1  1  0  0  1  0  0  0  0  1  1  1  0  0  0  1  0  0  1  1  1  0  1  0  0  0  1  1  0  1  1  0  1  0  1  0  1  1  0  0  1  -516.0       1     0.0
216  1  1  0  1  1  0  1  1  1  0  1  1  0  1  1  0  1  0  1  1  0  0  0  0  1  0  0  0  1  0  0  1  1  0  0  1  1  0  1  1  1  0  0  0  0  1  1  0  0  1  -516.0       1    0.02
249  1  1  0  0  1  0  1  0  1  0  1  0  0  1  1  1  1  1  0  1  0  1  0  0  1  0  0  0  0  1  0  1  1  0  1  1  1  0  1  0  0  1  0  0  0  0  1  0  0  1  -516.0       1    0.02
322  1  1  0  0  1  0  0  0  1  1  1  1  0  1  0  0  1  1  0  0  1  1  0  0  1  0  0  0  0  0  0  1  0  1  1  1  1  1  1  0  0  1  0  0  0  0  1  0  1  1  -516.0       1    0.02
79   1  1  0  0  0  0  1  0  1  0  1  1  1  1  1  0  0  1  0  0  1  0  0  1  0  0  0  1  1  0  0  1  0  0  0  1  1  1  1  0  1  0  0  1  0  1  1  0  1  1 -515.25       1     0.0
226  1  1  0  1  0  1  1  0  0  0  0  1  1  1  1  1  0  0  0  1  0  1  0  0  0  0  0  0  1  0  0  1  1  0  1  1  1  1  0  0  1  0  0  0  1  1  1  1  0  1 -515.25       1    0.02
232  1  1  0  0  0  1  0  0  1  0  1  0  0  0  1  0  1  1  0  1  0  0  0  1  0  0  0  1  0  1  0  1  0  0  0  1  1  1  1  1  1  0  0  0  0  1  1  0  1  1 -515.25       1    0.02
261  1  1  0  0  0  0  1  0  1  0  1  1  0  0  0  0  1  1  1  1  0  1  0  0  0  0  0  1  0  0  0  1  0  0  1  1  0  0  1  1  1  0  0  0  0  1  1  0  0  1 -515.25       1    0.02
460  1  1  0  1  0  0  1  0  0  0  1  1  1  1  1  1  1  0  0  1  0  0  0  1  1  0  0  1  1  1  0  1  0  0  0  1  1  0  1  1  1  0  1  0  0  1  1  0  0  1 -515.25       1     0.1
80   1  0  0  1  0  0  1  0  1  0  1  1  1  1  1  0  0  1  1  0  1  1  0  1  0  1  0  0  1  1  0  0  1  0  1  1  0  1  0  0  1  0  0  1  0  1  1  0  0  1  -515.0       1     0.0
81   1  1  0  1  0  0  1  0  1  0  1  1  1  1  0  1  0  0  1  1  1  1  0  0  0  0  0  0  1  0  0  1  0  0  0  1  0  0  1  1  1  1  1  0  0  1  1  1  0  1  -515.0       1     0.0
82   1  1  0  1  0  1  1  0  1  0  0  1  0  1  0  0  0  1  0  1  1  0  0  1  0  0  0  1  1  0  0  1  0  0  1  1  1  0  1  1  0  0  0  0  0  1  1  0  1  1  -515.0       1     0.0
83   0  1  0  1  0  0  1  0  1  0  1  1  1  1  0  1  0  1  1  1  1  1  1  1  0  0  0  0  0  1  0  1  0  0  1  1  1  1  1  0  1  0  0  1  0  0  0  0  1  0  -515.0       1     0.0
84   1  1  0  1  0  0  1  0  1  0  0  1  0  1  0  1  1  0  1  1  1  1  1  1  0  0  0  0  0  0  0  1  0  0  1  1  1  1  1  0  0  1  0  0  0  1  1  0  1  1  -515.0       1     0.0
85   0  0  0  0  0  1  1  0  1  0  1  0  0  1  1  0  1  1  1  1  1  0  0  0  1  0  0  0  0  0  1  1  1  0  1  1  1  1  1  0  1  1  0  0  0  0  1  0  0  1  -515.0       1     0.0
236  1  1  0  0  0  1  0  1  1  1  1  0  0  1  0  1  0  0  0  1  0  1  0  1  0  0  0  1  1  0  0  1  1  0  1  1  1  0  1  0  1  1  1  0  0  1  1  0  0  1  -515.0       1    0.02
238  1  1  0  1  0  0  1  0  0  0  1  0  1  1  1  1  1  1  0  1  0  0  0  1  0  0  0  1  1  0  0  1  1  0  1  1  1  1  1  1  0  0  0  0  0  1  1  0  0  1  -515.0       1    0.02
239  1  1  0  0  1  1  0  1  1  0  1  0  0  0  0  0  1  0  0  1  1  0  0  0  1  0  0  1  0  1  0  1  1  0  0  1  1  1  1  1  0  1  0  0  0  0  1  0  1  1  -515.0       1    0.02
241  1  0  0  1  0  0  0  0  1  1  0  1  1  1  0  1  1  0  1  1  1  1  1  0  0  0  0  0  0  1  0  1  1  1  0  1  0  1  1  1  1  0  0  0  0  0  0  0  0  1  -515.0       1    0.02
272  1  0  1  1  1  0  0  0  0  0  0  1  1  0  0  0  1  1  0  1  0  1  1  1  0  0  1  1  0  1  0  1  1  0  0  1  0  1  1  1  1  1  0  0  0  1  0  1  0  1  -515.0       1    0.02
367  1  0  0  0  1  1  1  1  1  1  0  1  0  1  0  0  1  1  0  1  1  0  0  1  0  0  0  1  1  0  0  1  0  0  0  1  1  0  1  0  1  1  0  0  0  1  1  0  1  1  -515.0       1    0.04
431  1  1  0  0  0  1  1  1  0  0  1  0  1  1  1  1  1  0  0  1  0  1  0  1  0  0  0  1  1  1  0  1  1  0  1  0  1  0  1  1  0  0  1  0  0  1  0  0  0  1  -515.0       1    0.08
88   0  1  0  1  0  0  1  0  1  0  0  1  1  1  0  0  1  1  1  1  0  1  0  1  1  1  0  1  1  0  1  1  0  0  0  1  0  0  1  0  1  1  0  0  0  0  1  0  0  1 -514.25       1     0.0
89   1  0  0  1  0  0  1  0  1  0  1  0  0  1  0  0  0  1  0  1  1  0  1  1  0  0  0  1  1  0  0  1  0  0  0  1  1  1  1  1  1  1  0  0  1  0  0  0  0  1 -514.25       1     0.0
90   1  1  1  0  0  1  1  0  0  0  1  1  1  0  0  0  1  0  0  1  1  0  0  1  0  0  0  1  0  1  0  1  1  0  1  1  1  1  1  1  0  0  0  0  0  1  1  0  0  1 -514.25       1     0.0
91   1  1  0  0  0  1  1  0  0  0  1  0  1  0  1  1  1  0  0  1  0  0  0  1  0  0  0  1  1  0  0  1  0  0  1  1  1  0  1  1  0  0  0  1  0  1  1  0  0  1 -514.25       1     0.0
92   1  1  0  1  0  0  1  0  0  0  1  0  1  1  1  1  1  0  0  1  0  1  1  1  0  0  1  0  1  1  1  0  0  0  1  1  1  1  1  1  0  0  0  0  0  1  1  0  0  1 -514.25       1     0.0
198  1  1  1  1  0  1  1  1  1  0  1  1  0  1  1  0  0  0  0  1  0  0  0  1  1  0  0  1  1  0  0  1  1  0  0  1  1  0  1  0  0  0  0  0  0  0  1  0  1  1 -514.25       1    0.02
265  1  1  0  0  1  0  1  0  1  0  1  1  0  0  0  0  0  1  0  1  1  0  0  0  0  0  1  1  1  0  0  1  0  1  1  1  1  0  1  0  1  0  0  0  0  1  1  1  1  1 -514.25       1    0.02
277  1  1  0  1  0  1  0  0  1  0  1  1  0  1  0  1  1  0  1  1  1  1  0  0  0  0  0  0  0  0  0  1  0  0  0  1  1  0  1  1  0  0  0  0  1  0  1  0  1  1 -514.25       1    0.02
287  1  1  0  1  0  0  0  1  1  0  0  0  1  1  0  0  1  1  0  0  0  1  0  1  0  0  0  1  1  1  0  1  1  1  0  1  0  0  1  0  1  1  1  1  0  0  1  0  0  1 -514.25       1    0.02
289  1  1  0  1  1  1  1  0  1  0  0  1  1  0  0  1  0  1  1  1  0  1  0  1  0  1  1  0  0  1  0  0  0  0  0  1  0  0  0  0  1  1  0  1  0  0  0  0  0  1 -514.25       1    0.02
93   1  1  1  0  1  0  0  1  1  1  0  1  0  1  0  1  1  1  0  1  1  1  0  1  0  0  0  0  0  0  0  1  1  1  0  1  0  0  1  0  1  0  0  0  0  0  1  1  1  1  -514.0       1     0.0
94   0  1  1  1  0  0  0  0  1  1  1  0  1  0  0  0  1  1  1  1  1  1  0  0  1  0  0  0  0  1  1  1  1  1  0  1  0  1  0  0  1  1  0  1  0  0  0  0  1  1  -514.0       1     0.0
224  1  0  1  1  1  0  1  1  1  0  1  1  0  1  0  1  1  1  1  1  1  0  0  0  1  0  0  1  1  0  0  1  1  0  0  1  0  0  1  1  1  0  0  0  0  1  1  0  0  1  -514.0       1    0.02
426  1  0  1  1  0  1  0  1  1  1  1  0  0  1  1  0  0  0  0  1  1  0  0  0  1  0  0  1  1  1  1  1  0  0  0  1  1  0  1  1  0  1  0  1  0  0  1  0  0  1  -514.0       1    0.06
498  1  1  0  1  0  0  1  0  1  0  1  0  0  1  1  0  1  1  0  0  1  0  0  1  0  0  0  1  1  1  0  1  1  0  1  1  1  0  1  1  0  0  1  0  0  1  1  0  0  1  -514.0       1    0.18
95   1  1  0  0  0  0  1  0  1  0  1  1  1  1  0  0  1  1  0  1  1  1  0  1  0  0  1  0  1  0  0  1  0  0  1  1  1  0  1  1  1  0  0  0  0  0  1  0  0  1 -513.25       1     0.0
96   0  0  0  1  0  0  0  1  1  0  1  1  1  1  0  0  0  1  0  1  1  1  1  1  1  0  0  1  0  0  0  1  0  1  1  1  1  0  0  1  1  0  1  0  0  0  1  0  0  1 -513.25       1     0.0
97   1  0  0  1  0  0  0  0  1  0  1  1  0  1  0  0  0  1  0  1  1  1  1  0  1  0  1  0  1  1  0  1  1  1  0  1  0  1  1  0  1  1  0  0  0  0  1  0  0  1 -513.25       1     0.0
98   1  1  1  1  0  0  1  1  1  0  1  0  0  0  0  0  1  1  1  1  1  1  0  0  0  0  0  0  0  0  0  1  1  1  0  1  1  1  1  0  1  0  0  0  0  0  0  0  0  1 -513.25       1     0.0
99   1  1  0  1  0  0  1  0  1  0  1  0  1  0  0  0  0  1  0  1  1  1  1  1  0  1  1  1  0  0  0  1  0  1  0  1  0  0  1  0  1  1  0  0  0  0  1  1  0  1 -513.25       1     0.0
100  0  1  0  0  1  0  1  0  1  0  1  1  1  1  0  1  1  1  1  1  1  0  0  0  1  0  0  0  1  0  0  1  1  1  1  1  0  0  0  0  1  0  0  0  0  1  1  0  0  1 -513.25       1     0.0
101  1  0  0  1  1  0  0  0  1  0  1  1  1  0  0  1  0  1  1  1  1  1  1  1  0  1  0  1  0  1  0  0  0  0  1  1  0  0  0  0  1  1  0  1  0  0  0  0  0  0 -513.25       1     0.0
102  1  0  1  1  0  0  0  1  1  0  1  0  1  1  0  1  0  1  1  1  0  1  0  1  1  1  1  0  1  1  0  0  0  1  0  0  0  0  1  0  1  1  0  1  0  1  1  0  0  1 -513.25       1     0.0
331  1  1  1  0  0  0  1  1  1  0  1  0  1  1  0  0  1  1  0  1  0  0  0  0  0  0  0  1  1  0  0  1  1  0  1  1  1  1  1  1  1  0  1  0  0  0  1  1  0  1 -513.25       1    0.04
373  1  0  0  1  0  1  1  0  1  1  0  0  0  1  1  1  1  0  0  1  0  0  0  1  0  0  0  1  1  0  0  1  1  0  1  1  0  0  1  1  1  0  0  1  0  1  1  0  0  1 -513.25       1    0.04
385  1  1  0  0  1  0  1  0  0  0  1  1  0  1  1  0  1  0  1  1  0  0  0  0  0  0  1  1  1  1  1  1  1  0  0  0  1  1  1  0  0  0  0  0  0  1  1  0  1  1 -513.25       1    0.04
103  1  0  0  1  0  0  0  1  1  1  0  0  1  1  0  1  0  1  0  0  1  1  1  1  0  0  1  0  1  1  0  1  1  1  0  1  0  0  1  0  1  1  0  1  0  0  0  0  1  1  -513.0       1     0.0
104  1  1  0  1  0  1  0  0  1  1  0  1  0  1  0  1  0  1  0  1  1  1  0  1  0  1  0  1  0  1  0  1  1  0  0  1  0  1  0  0  1  1  0  1  0  0  1  0  0  1  -513.0       1     0.0
105  0  1  1  0  1  1  0  0  0  0  1  1  0  0  0  0  1  0  1  1  1  0  0  0  1  0  0  0  0  1  1  1  1  0  1  1  1  1  1  1  0  1  0  0  0  1  1  0  1  1  -513.0       1     0.0
106  1  1  0  1  0  0  1  0  1  0  1  0  0  1  0  0  1  1  0  1  1  1  0  0  1  0  0  0  0  0  0  1  1  1  1  1  1  1  1  0  0  1  0  0  0  0  1  0  0  1  -513.0       1     0.0
107  0  0  0  1  0  0  0  1  0  0  0  1  1  0  0  0  0  1  1  0  1  1  1  1  0  1  1  1  1  1  0  0  1  1  0  0  0  1  0  0  1  1  1  1  0  0  1  0  0  1  -513.0       1     0.0
108  1  1  0  0  1  0  1  1  1  1  0  1  0  1  0  1  1  1  0  1  1  1  0  0  0  0  0  1  1  0  0  1  1  1  1  1  0  0  1  0  1  0  0  1  0  0  1  0  1  1  -513.0       1     0.0
109  1  1  0  0  0  1  1  1  1  1  0  0  0  1  1  0  1  0  0  1  1  0  0  0  1  0  0  0  1  0  1  1  1  0  1  0  1  1  1  0  0  1  0  0  0  0  1  0  0  1  -513.0       1     0.0
283  0  0  0  1  0  0  0  0  1  0  1  1  1  0  0  1  1  1  1  1  1  1  0  1  1  0  0  0  0  1  0  0  0  1  0  1  0  0  1  1  1  0  1  0  0  1  0  0  1  1  -513.0       1    0.02
285  1  0  1  1  1  0  0  0  1  1  1  0  0  0  0  1  0  1  0  1  1  0  1  1  0  0  1  1  1  1  0  0  1  1  0  1  0  0  0  0  1  1  0  1  0  0  1  0  1  1  -513.0       1    0.02
327  1  1  0  0  0  1  1  0  0  0  1  1  0  1  0  1  0  1  1  1  0  1  0  0  0  0  0  1  1  0  0  1  1  0  1  1  1  0  1  1  1  0  0  0  0  1  1  0  0  0  -513.0       1    0.04
110  1  1  1  1  0  0  1  1  1  0  1  0  0  0  1  0  1  1  0  0  1  1  1  0  0  0  0  0  1  0  0  1  1  1  1  1  1  1  0  0  1  0  0  0  0  0  1  0  0  1 -512.25       1     0.0
111  1  0  0  1  0  1  1  0  1  0  1  1  0  1  0  1  1  0  1  1  1  1  0  0  1  0  0  1  1  1  0  1  0  0  0  1  0  0  1  0  1  1  0  0  0  0  1  0  0  1 -512.25       1     0.0
112  0  1  1  0  1  1  1  0  0  1  1  0  0  0  1  0  0  1  1  0  1  1  0  1  0  1  1  1  0  1  1  0  1  0  1  0  1  1  0  0  1  1  0  1  0  0  1  0  0  1 -512.25       1     0.0
113  1  1  0  0  0  1  1  1  0  0  1  0  1  0  1  1  1  1  0  0  1  1  0  1  0  0  0  0  1  1  0  0  0  0  0  1  1  1  1  0  1  0  0  0  0  1  1  0  1  1 -512.25       1     0.0
114  1  1  0  1  1  0  1  0  1  0  0  1  0  0  0  0  0  0  0  1  0  1  1  1  0  0  0  1  0  0  0  0  0  1  0  1  1  1  0  1  1  1  0  1  0  0  1  1  0  1 -512.25       1     0.0
115  1  1  0  1  0  0  0  0  0  0  1  1  0  1  0  0  1  1  0  1  1  1  0  1  1  1  0  0  0  1  0  1  0  1  1  1  1  1  1  0  0  0  0  0  1  1  1  0  1  1 -512.25       1     0.0
116  1  1  0  0  0  1  1  0  1  0  1  0  1  1  1  1  1  1  0  1  0  0  0  1  0  0  0  1  1  1  0  1  0  0  0  1  1  1  1  0  0  0  0  0  0  1  1  1  1  1 -512.25       1     0.0
229  1  1  0  1  0  0  0  1  0  0  1  1  1  1  1  1  1  0  0  1  0  0  1  0  1  1  0  1  1  1  0  0  1  0  0  1  0  1  1  1  0  0  1  0  0  1  1  0  0  1 -512.25       1    0.02
243  1  1  0  0  0  0  1  1  0  1  1  1  0  1  1  0  1  1  1  1  1  0  0  0  0  0  0  1  1  0  0  1  1  0  1  1  1  1  1  0  0  0  0  0  0  1  1  0  1  1 -512.25       1    0.02
264  0  0  1  0  0  0  1  0  1  0  0  1  1  0  0  1  1  1  0  1  1  1  0  1  0  1  0  0  0  1  0  1  0  1  0  1  0  0  0  0  1  0  0  1  0  1  1  1  0  1 -512.25       1    0.02
288  1  1  0  1  0  0  1  1  1  0  1  0  0  1  0  0  0  1  1  0  1  0  0  0  1  0  0  0  0  0  0  1  1  1  1  1  1  0  1  0  1  1  0  1  0  0  1  1  0  1 -512.25       1    0.02
297  0  1  0  0  1  0  1  1  1  0  1  1  0  1  0  1  1  0  0  1  1  0  0  0  1  0  0  0  1  0  0  1  0  0  1  1  1  0  1  1  0  1  0  0  1  1  1  0  1  0 -512.25       1    0.02
381  1  1  0  1  0  0  1  1  1  0  1  0  0  1  1  0  0  1  0  1  1  0  0  1  1  1  0  1  1  0  0  1  1  0  0  1  0  0  0  0  1  0  1  0  0  0  1  1  0  1 -512.25       1    0.04
421  1  0  1  1  1  0  1  0  1  1  0  1  0  0  0  1  0  0  0  0  0  1  1  1  0  1  1  1  0  1  1  1  1  1  0  1  0  0  0  1  1  1  0  1  0  1  0  0  0  1 -512.25       1    0.06
118  0  1  0  0  0  0  0  1  0  0  1  0  1  1  1  1  0  1  0  1  1  0  1  1  1  1  0  0  1  1  0  0  1  1  1  0  1  0  0  0  1  1  1  1  0  0  1  0  0  1  -512.0       1     0.0
119  1  1  0  1  0  0  1  0  0  0  1  1  0  1  0  0  1  0  0  1  1  1  0  1  0  0  0  1  1  0  0  1  1  0  0  1  1  1  1  0  1  0  0  0  0  1  1  0  0  1  -512.0       1     0.0
120  0  1  1  0  1  0  1  0  1  1  1  1  0  1  0  1  1  1  0  0  1  0  0  0  1  0  0  0  1  0  1  1  0  1  0  1  0  1  0  0  1  0  0  1  0  0  1  1  1  1  -512.0       1     0.0
121  1  1  1  0  0  0  1  1  1  0  1  0  0  1  0  0  0  1  0  1  1  1  0  0  0  0  0  1  0  0  0  1  0  0  1  1  0  0  1  0  1  1  0  0  1  0  1  1  1  1  -512.0       1     0.0
122  0  1  1  1  0  1  0  1  1  1  0  0  0  0  0  1  1  1  0  1  1  0  0  0  0  0  1  0  1  0  0  1  1  0  0  1  1  1  1  0  1  1  0  1  0  0  1  1  0  1  -512.0       1     0.0
242  1  1  0  0  0  0  1  0  0  0  1  1  0  1  0  0  0  1  1  1  0  1  0  1  0  0  0  1  1  0  0  1  0  0  0  1  1  0  1  1  1  1  0  0  0  1  1  0  1  1  -512.0       1    0.02
268  0  0  0  1  0  1  1  1  0  0  1  0  1  1  1  0  1  1  0  0  1  0  0  1  1  1  0  0  1  1  0  0  1  0  0  1  1  1  1  0  0  0  1  0  1  1  1  0  0  1  -512.0       1    0.02
271  0  1  0  1  0  0  0  1  1  1  0  0  1  0  0  1  1  1  0  0  1  1  1  1  1  0  1  0  0  1  1  0  1  1  0  0  0  1  0  0  0  1  0  1  0  1  0  1  1  1  -512.0       1    0.02
294  1  1  0  0  0  0  1  0  0  0  1  1  1  1  1  1  1  1  0  0  1  0  0  1  1  0  1  1  1  0  0  1  1  0  0  1  1  1  1  0  1  0  0  0  0  0  1  0  0  1  -512.0       1    0.02
357  1  1  0  0  0  0  1  1  1  0  1  0  0  1  0  1  1  0  0  0  1  0  0  0  0  0  0  1  1  1  0  1  1  0  0  1  1  0  1  1  1  0  1  0  0  1  1  0  0  1  -512.0       1    0.04
371  1  0  1  1  1  0  0  0  1  1  1  0  0  0  0  0  0  0  1  1  1  1  1  1  0  1  1  0  0  1  1  0  0  1  1  1  0  0  0  0  1  1  0  1  0  0  0  0  0  1  -512.0       1    0.04
379  1  1  0  1  0  0  1  0  1  1  1  0  0  1  1  1  1  0  1  1  0  0  0  0  1  0  0  1  1  1  0  1  0  0  0  1  0  0  1  1  0  0  1  1  0  1  1  0  0  1  -512.0       1    0.04
417  1  1  0  0  0  1  1  1  1  0  1  0  0  1  1  0  1  0  0  1  1  0  0  0  0  0  0  1  1  0  0  1  1  0  1  1  1  0  1  1  0  0  1  0  0  1  1  0  1  1  -512.0       1    0.08
124  1  0  1  0  0  1  0  0  1  0  1  0  0  1  0  1  0  1  0  1  1  1  0  1  0  0  1  0  1  1  1  1  0  0  0  1  1  0  1  0  0  1  0  0  1  1  0  0  1  1 -511.25       1     0.0
125  0  1  0  1  1  0  0  1  1  1  0  0  0  1  0  1  1  1  1  1  1  1  0  0  1  1  0  0  0  1  0  1  1  0  0  1  1  1  0  0  1  1  0  1  0  0  1  0  0  1 -511.25       1     0.0
126  1  1  0  1  1  0  0  0  1  1  0  0  0  0  0  0  0  0  1  1  1  1  0  1  0  1  1  0  0  1  1  1  0  1  0  1  0  0  0  1  1  1  0  1  0  1  0  0  1  1 -511.25       1     0.0
296  1  1  0  1  0  0  1  1  1  0  1  0  0  1  0  0  1  1  0  1  1  0  0  1  0  0  0  0  0  1  0  1  1  1  0  1  1  1  0  0  0  0  0  0  0  0  1  0  1  1 -511.25       1    0.02
302  1  0  0  1  0  0  0  0  1  1  0  1  1  1  0  1  1  1  0  1  0  1  1  1  0  1  0  0  1  1  0  1  0  0  0  0  0  1  1  0  1  1  1  1  0  0  0  0  0  1 -511.25       1    0.02
376  1  1  0  0  1  0  1  0  1  0  1  0  0  1  1  0  1  0  0  0  1  0  0  0  1  0  1  0  1  1  1  1  1  1  0  1  1  0  1  1  1  0  0  0  0  0  1  0  0  1 -511.25       1    0.04
407  1  1  0  0  1  0  1  1  1  1  0  1  0  1  0  0  1  1  0  1  1  1  0  1  1  1  0  1  1  0  1  1  0  1  0  1  0  0  1  0  0  0  0  0  0  0  1  0  1  1 -511.25       1    0.04
127  1  0  0  1  0  0  1  0  1  0  1  1  1  1  0  1  1  0  0  1  0  0  0  0  1  0  0  1  1  1  0  1  1  0  0  0  0  1  1  1  1  0  0  0  0  1  1  0  0  1  -511.0       1     0.0
128  0  0  1  1  0  1  0  0  1  0  0  0  0  1  1  0  1  1  1  1  1  0  0  1  0  1  1  0  1  1  1  0  1  0  0  1  0  1  1  0  0  1  0  1  0  1  0  0  1  1  -511.0       1     0.0
129  1  1  0  1  0  0  1  1  1  0  0  1  0  0  1  0  1  0  0  0  1  0  0  1  0  0  0  1  0  0  0  1  1  1  0  1  1  1  1  0  1  0  0  0  0  0  0  0  1  1  -511.0       1     0.0
130  1  0  1  0  0  1  0  0  1  0  1  0  0  1  1  1  0  1  0  1  1  1  0  1  0  0  0  0  1  1  0  1  0  0  0  1  0  1  1  0  1  0  0  0  0  0  1  1  1  1  -511.0       1     0.0
131  1  0  0  1  0  1  1  0  1  0  1  0  1  1  1  1  0  0  0  1  1  0  0  1  0  0  0  0  1  1  0  1  0  0  0  1  1  1  1  1  0  0  0  0  0  0  1  1  0  1  -511.0       1     0.0
310  1  1  0  0  0  0  1  1  1  0  1  0  0  0  1  0  1  1  0  0  1  0  0  1  1  1  0  1  1  0  0  1  1  0  1  1  1  1  1  0  1  0  0  0  0  0  1  1  0  1  -511.0       1    0.02
355  0  1  0  1  0  0  0  1  1  1  1  0  1  1  1  1  1  1  0  0  0  0  0  0  1  0  1  0  1  1  0  0  1  1  0  1  0  0  1  0  0  0  1  0  0  1  1  1  1  1  -511.0       1    0.02
403  0  1  0  0  1  1  1  1  1  0  1  1  0  1  1  0  1  0  0  1  1  0  0  0  1  0  0  1  1  0  0  1  0  0  1  1  0  0  1  0  1  0  0  0  0  0  1  1  0  1  -511.0       1    0.06
445  0  1  0  0  1  1  1  0  0  1  1  1  0  0  1  0  0  0  0  1  1  0  0  0  0  0  0  1  1  0  0  1  1  0  1  1  1  0  1  1  1  1  0  0  0  1  1  0  0  1  -511.0       1    0.06
453  1  1  1  0  1  0  1  1  1  0  1  1  0  1  1  0  0  1  0  1  0  0  0  0  1  0  0  1  1  0  0  1  1  0  0  1  1  0  1  0  1  0  0  0  1  1  1  0  0  1  -511.0       1    0.08
472  1  0  1  0  1  0  0  0  1  1  0  0  0  1  0  1  0  1  1  0  1  1  0  0  0  1  1  1  0  1  0  0  1  1  0  1  0  0  0  0  1  1  0  1  0  0  1  1  0  1  -511.0       1    0.08
486  1  1  0  0  0  1  1  1  1  0  1  1  0  1  1  0  1  0  0  1  1  0  0  0  1  0  0  1  1  0  0  1  1  0  1  1  1  0  1  0  1  0  0  0  0  1  1  0  1  0  -511.0       1    0.14
133  1  1  0  0  0  0  0  0  1  0  1  1  0  1  0  0  0  1  1  1  1  1  0  1  0  1  0  0  1  1  0  1  0  0  0  1  1  0  1  0  1  1  0  0  0  1  1  0  1  1 -510.25       1     0.0
134  1  1  1  1  0  0  1  0  1  0  1  0  1  1  0  0  0  1  1  1  1  1  0  1  0  1  0  0  0  1  0  1  0  1  0  1  0  0  0  0  1  1  0  0  0  1  1  0  0  1 -510.25       1     0.0
275  1  1  0  1  1  0  0  1  0  0  0  1  1  0  0  1  1  1  0  1  1  1  1  1  0  0  1  0  0  1  0  0  0  1  0  1  0  1  0  0  1  1  0  0  0  0  1  1  0  1 -510.25       1    0.02
300  0  1  0  1  0  1  0  1  1  0  0  0  1  1  1  1  0  1  0  1  0  0  0  1  1  1  0  1  1  1  0  0  1  0  0  1  0  0  1  0  1  1  0  0  0  1  1  0  0  1 -510.25       1    0.02
308  0  1  0  1  0  1  1  0  0  0  1  1  1  1  1  0  0  1  1  1  1  0  0  1  0  0  0  0  1  0  1  1  0  0  1  1  1  1  1  0  0  0  0  0  0  1  1  0  1  0 -510.25       1    0.02
468  1  1  0  1  0  1  1  1  0  0  1  0  0  1  1  1  1  0  0  1  0  0  0  0  0  0  0  1  1  1  0  1  1  0  1  1  1  0  1  1  0  0  0  0  0  1  1  0  0  1 -510.25       1    0.12
136  1  0  1  1  0  1  1  1  1  0  1  1  1  1  1  1  0  0  1  1  1  0  0  0  1  0  0  0  1  1  1  0  0  0  0  1  0  1  1  0  0  0  0  0  1  0  0  0  1  1  -510.0       1     0.0
137  1  0  0  1  0  0  0  0  1  0  0  1  1  1  0  1  1  1  0  1  1  1  1  1  1  0  1  0  1  0  0  1  0  1  0  1  0  0  1  0  1  1  0  0  0  0  1  0  0  0  -510.0       1     0.0
138  1  1  0  0  0  0  1  1  1  0  1  0  0  1  1  0  1  1  0  1  1  1  0  1  0  0  0  0  1  0  0  1  0  1  1  1  0  0  1  0  1  1  0  0  1  0  1  0  1  1  -510.0       1     0.0
139  0  1  1  0  0  1  1  0  0  0  0  1  0  0  0  1  1  1  1  1  1  1  0  0  0  0  0  0  1  0  0  1  1  0  1  1  1  1  1  1  1  0  0  0  0  0  1  0  0  1  -510.0       1     0.0
140  1  0  1  0  1  1  1  1  1  1  1  0  0  1  0  1  0  1  0  0  1  1  1  0  0  0  1  1  0  1  0  1  1  0  0  0  0  1  0  0  1  1  0  1  0  0  1  0  0  1  -510.0       1     0.0
141  1  1  0  1  0  0  1  0  1  1  1  0  1  1  0  1  1  0  1  0  0  1  0  0  1  0  0  0  0  0  0  1  1  0  0  1  1  1  1  0  1  0  1  0  0  0  1  0  0  1  -510.0       1     0.0
142  1  1  1  1  0  0  0  1  1  0  0  0  0  0  0  0  1  1  0  1  0  1  0  0  1  1  0  1  0  0  0  1  1  1  0  1  1  1  1  0  1  1  0  0  0  0  0  0  1  1  -510.0       1     0.0
143  1  0  1  0  0  0  0  0  1  1  1  0  0  1  1  1  0  1  0  1  1  1  0  1  0  0  1  0  0  1  1  0  1  1  0  0  0  1  1  0  0  1  0  1  0  0  0  0  1  1  -510.0       1     0.0
263  0  1  1  0  0  0  1  0  0  0  0  1  0  1  1  0  1  1  1  1  1  1  0  1  0  0  0  1  1  0  0  1  0  0  1  1  1  0  1  0  1  0  0  0  0  0  1  0  1  1  -510.0       1    0.02
270  1  1  0  0  0  0  1  1  1  0  1  0  1  1  0  1  1  0  0  1  1  1  0  0  0  0  0  1  1  1  0  0  1  0  0  1  0  0  1  0  1  0  0  0  0  0  1  1  1  1  -510.0       1    0.02
293  0  1  1  0  0  0  1  0  1  0  1  0  1  0  0  1  1  0  1  0  1  0  0  1  0  0  0  1  1  0  0  1  0  0  1  1  1  0  1  1  1  0  1  0  0  1  1  0  0  1  -510.0       1    0.02
313  0  1  0  0  0  0  1  0  0  0  0  1  1  1  0  1  1  1  1  1  1  1  0  1  0  0  0  1  1  0  0  1  0  0  0  1  1  1  1  0  1  0  1  1  0  1  1  0  0  1  -510.0       1    0.02
324  0  1  0  1  0  0  1  1  1  1  1  1  0  1  1  1  1  1  0  1  1  0  0  1  1  0  0  1  1  1  0  0  1  0  1  0  0  0  0  0  1  0  0  0  0  0  1  0  1  1  -510.0       1    0.02
329  1  0  1  1  0  0  1  0  1  0  1  0  1  1  0  1  1  0  0  1  0  1  1  1  0  0  1  0  0  1  0  1  1  0  1  1  0  1  1  1  1  0  0  0  0  1  0  0  0  1  -510.0       1    0.02
392  1  1  0  1  0  1  1  1  1  0  1  1  0  1  1  0  1  0  0  1  0  0  0  0  0  0  0  1  1  0  0  1  0  0  1  1  1  0  1  0  1  1  1  0  0  0  1  1  1  0  -510.0       1    0.06
399  1  1  0  0  0  1  1  0  1  0  1  0  1  0  1  1  1  0  1  1  0  1  0  0  0  0  0  0  1  1  0  1  0  0  1  1  1  0  1  1  0  0  0  0  0  1  1  0  0  1  -510.0       1    0.04
405  1  1  0  1  0  1  0  0  0  0  1  0  1  0  0  1  0  1  0  1  1  0  1  1  0  0  0  1  1  0  0  0  1  0  1  1  1  1  1  1  0  0  1  0  0  1  1  1  0  1  -510.0       1    0.04
412  1  1  1  1  0  0  1  1  0  0  1  0  0  0  1  0  1  0  0  0  1  0  0  1  0  0  0  1  1  1  0  1  0  0  1  1  1  1  1  1  0  0  0  0  0  1  1  0  0  1  -510.0       1    0.06
144  1  1  1  1  0  0  1  1  1  0  1  1  0  1  0  0  0  1  0  0  1  1  0  0  0  0  0  1  1  0  0  1  1  1  1  1  1  1  1  0  1  0  0  0  1  0  1  0  1  0 -509.25       1     0.0
145  1  1  0  1  0  0  1  1  1  0  0  0  1  1  0  0  1  0  0  1  1  1  1  1  1  0  0  1  0  0  0  1  0  0  1  1  1  0  1  1  0  0  0  0  0  0  1  0  1  1 -509.25       1     0.0
146  1  1  0  1  0  0  0  0  1  1  0  1  0  0  0  1  1  1  0  1  1  1  0  1  1  0  0  0  0  1  0  1  0  1  0  1  1  1  1  0  1  1  0  1  0  0  1  0  1  1 -509.25       1     0.0
147  1  1  0  1  1  1  1  0  1  0  1  0  1  1  0  0  1  0  0  1  1  1  0  1  0  0  0  1  1  0  0  1  0  0  1  1  1  0  1  1  0  1  0  0  0  0  1  0  1  1 -509.25       1     0.0
301  0  0  0  1  1  1  0  1  1  1  1  0  1  0  0  1  0  1  0  1  1  1  1  1  0  0  0  0  0  1  0  0  1  1  0  1  1  1  1  0  0  1  0  1  1  0  0  0  1  1 -509.25       1    0.02
306  1  1  0  0  0  0  1  0  0  0  1  1  1  1  0  1  0  1  1  1  1  1  1  0  0  0  0  0  1  0  0  1  0  0  1  0  1  0  0  1  0  1  1  0  0  1  1  1  0  1 -509.25       1    0.02
320  0  0  1  0  1  1  0  0  1  1  0  0  0  0  0  1  0  1  0  0  1  1  1  1  1  1  1  0  0  0  1  0  0  1  0  1  1  1  1  0  1  1  0  1  1  0  1  0  1  1 -509.25       1    0.04
334  1  0  0  1  1  1  0  0  1  1  1  0  0  0  0  0  0  1  1  1  1  1  0  0  0  0  1  0  0  1  0  1  1  1  1  1  0  1  1  0  1  1  0  1  1  0  0  0  1  1 -509.25       1    0.02
396  1  1  0  1  0  1  1  0  1  0  1  1  0  1  1  0  1  0  1  0  1  0  0  0  1  0  0  1  1  0  0  1  0  0  0  1  1  0  1  1  0  0  0  0  0  1  1  1  0  1 -509.25       1    0.06
149  0  1  0  1  0  0  1  1  1  0  1  1  0  0  0  0  1  0  0  1  1  0  0  0  0  0  0  1  0  0  0  1  1  1  1  1  1  0  1  1  0  0  1  0  0  0  1  1  1  1  -509.0       1     0.0
150  1  1  0  0  0  1  1  1  1  0  1  1  0  1  1  0  0  1  0  1  0  1  0  1  1  0  1  1  1  0  0  1  0  0  0  1  1  1  1  0  1  1  0  1  0  0  1  0  0  1  -509.0       1     0.0
151  1  1  0  0  0  0  1  0  1  1  0  1  1  1  0  1  0  1  0  1  0  1  0  1  1  1  0  1  1  1  0  1  0  0  1  0  0  0  1  1  1  0  0  0  0  1  1  0  0  1  -509.0       1     0.0
152  0  0  1  0  1  1  1  1  0  0  0  1  0  0  0  0  1  1  0  1  1  0  1  0  1  0  1  1  1  0  0  1  0  1  0  1  0  0  0  0  1  1  0  1  0  0  1  1  0  1  -509.0       1     0.0
153  1  1  0  0  0  0  1  0  1  0  0  0  1  0  0  1  1  1  1  1  1  1  0  1  0  0  0  1  0  1  0  0  0  0  1  1  0  0  0  0  1  1  0  1  0  1  1  0  1  1  -509.0       1     0.0
154  1  1  0  0  0  1  0  0  1  1  1  0  1  1  0  1  1  1  1  1  1  1  0  0  0  0  0  1  1  0  0  1  1  0  0  1  0  1  1  0  1  0  0  0  0  0  1  1  0  1  -509.0       1     0.0
155  1  1  0  1  0  0  1  0  1  1  1  0  0  1  0  1  0  1  0  1  0  0  0  1  1  1  1  1  1  1  1  1  0  0  0  1  0  0  0  0  1  0  0  0  0  0  1  0  0  1  -509.0       1     0.0
254  1  1  0  0  0  1  1  1  0  0  1  0  0  1  1  0  1  0  0  1  0  0  0  0  0  0  0  1  1  0  0  1  1  1  1  1  1  0  1  1  0  0  0  0  0  1  1  1  0  1  -509.0       1    0.02
295  1  0  0  1  0  0  0  0  1  0  0  1  0  0  0  0  0  1  0  0  1  1  0  1  0  1  1  1  1  1  0  1  1  1  0  1  0  1  0  1  1  1  0  1  0  0  1  0  0  1  -509.0       1    0.02
309  1  1  0  1  0  1  0  0  1  0  1  1  1  1  1  0  0  1  0  1  0  0  0  1  1  0  0  1  0  1  0  1  0  0  0  1  1  1  1  0  1  0  0  1  0  1  1  0  0  1  -509.0       1    0.02
311  1  1  0  0  0  0  1  1  1  0  0  1  0  1  1  1  1  0  1  1  0  0  0  1  0  0  0  1  1  1  0  0  0  0  0  1  0  1  0  1  1  0  0  0  0  1  1  0  1  1  -509.0       1    0.02
314  1  1  0  0  0  0  1  1  1  1  1  1  0  1  1  0  0  1  0  1  1  0  1  0  1  0  0  1  1  0  0  1  0  0  1  1  1  0  1  0  1  0  0  0  0  1  1  0  0  1  -509.0       1    0.02
375  1  1  0  0  0  1  1  1  1  0  1  0  0  0  1  0  1  0  1  1  1  0  0  0  0  0  0  1  1  0  0  1  0  0  1  1  1  0  1  0  1  0  0  0  0  0  1  0  0  1  -509.0       1    0.06
450  1  0  0  0  0  0  0  0  1  0  0  1  1  0  0  1  1  1  0  0  1  1  1  1  0  1  0  0  0  0  1  1  0  1  0  1  0  1  1  0  1  1  0  1  0  0  1  0  1  1  -509.0       1    0.08
455  1  1  0  1  1  1  1  1  1  0  1  0  0  1  1  1  1  1  0  1  0  0  0  0  1  0  0  1  1  0  0  1  1  0  0  1  1  0  1  0  0  0  0  0  0  1  1  0  0  1  -509.0       1    0.08
157  1  0  1  1  0  0  0  0  1  1  1  1  1  1  0  1  0  1  1  1  1  0  0  0  0  0  0  0  0  0  0  1  1  1  1  0  1  0  1  1  1  1  0  1  0  0  0  0  0  1 -508.25       1     0.0
158  1  1  0  1  0  0  1  1  1  0  0  0  1  0  0  1  0  0  1  1  1  1  0  1  0  0  0  1  0  1  0  1  1  0  0  1  0  0  1  1  1  0  0  0  0  1  1  1  0  1 -508.25       1     0.0
159  1  1  0  1  0  1  0  1  1  0  0  0  0  1  1  1  1  1  0  1  1  1  0  0  0  0  0  1  1  0  0  1  1  0  0  1  0  1  1  0  1  0  0  0  0  1  1  0  0  1 -508.25       1     0.0
160  1  1  1  0  0  0  1  0  1  0  1  1  1  0  0  1  0  1  1  1  1  1  0  0  0  1  0  0  0  0  1  1  0  1  0  1  0  0  0  0  1  1  0  1  0  0  1  0  1  1 -508.25       1     0.0
161  1  1  1  0  0  1  1  0  1  0  1  1  0  0  0  1  0  1  0  1  1  0  0  1  1  0  0  1  1  1  0  1  0  0  0  1  1  1  0  0  1  0  0  0  0  0  1  0  1  1 -508.25       1     0.0
162  1  1  0  1  0  0  1  0  1  0  1  0  1  0  0  1  0  0  0  1  1  1  0  1  0  0  0  1  1  0  0  1  0  0  1  1  1  1  1  1  0  0  0  0  0  1  1  0  1  1 -508.25       1     0.0
163  1  1  0  1  0  0  0  1  1  0  1  0  1  0  0  0  1  1  0  1  1  0  0  1  0  1  0  1  1  1  0  0  0  1  0  1  0  1  1  0  1  0  0  1  0  0  1  0  1  1 -508.25       1     0.0
164  1  1  0  0  1  0  1  0  1  0  1  0  0  0  0  1  1  1  1  1  1  1  0  0  1  0  0  0  0  1  1  1  1  0  1  0  0  0  1  0  1  1  0  0  0  0  0  1  1  1 -508.25       1     0.0
250  1  1  0  1  1  0  0  1  0  0  1  0  0  1  1  0  1  0  0  1  0  0  0  0  0  0  0  1  1  0  0  1  1  0  1  1  1  0  1  1  0  0  1  0  0  1  1  0  0  1 -508.25       1    0.02
321  0  0  1  1  0  0  1  1  1  1  1  0  1  1  0  0  0  1  1  0  1  1  0  1  0  1  0  0  1  0  1  1  0  0  0  1  0  1  1  0  1  1  0  1  0  0  0  0  0  1 -508.25       1    0.02
382  1  1  0  1  0  1  1  1  1  0  1  0  0  0  1  0  1  1  0  1  1  0  0  1  0  0  0  1  1  1  0  1  1  0  1  1  1  1  1  0  0  0  0  0  0  1  1  0  0  1 -508.25       1    0.04
395  1  1  0  1  1  0  0  1  0  0  0  0  0  1  1  1  1  0  0  1  1  1  0  1  0  0  0  1  1  1  0  0  0  0  0  1  0  0  1  0  0  0  1  0  0  1  1  0  1  1 -508.25       1    0.04
402  1  0  1  1  0  1  0  1  1  0  1  0  1  1  1  0  1  0  0  1  1  0  0  0  1  0  0  0  1  0  0  1  1  0  1  1  1  0  1  0  1  1  0  0  0  0  1  0  0  1 -508.25       1    0.04
404  1  1  0  1  0  1  1  1  0  0  1  0  0  1  1  1  0  1  0  1  0  1  0  0  0  0  0  1  1  0  0  1  1  0  1  1  1  0  1  0  1  0  0  0  0  1  1  0  0  1 -508.25       1    0.06
409  0  0  0  1  1  1  0  0  1  0  0  0  1  1  0  1  1  1  0  0  1  1  1  0  1  1  1  0  0  1  0  0  1  1  0  0  0  1  0  0  1  1  0  1  0  0  1  0  1  1 -508.25       1    0.04
168  1  0  0  1  1  0  1  0  1  0  0  0  0  1  0  1  0  1  0  1  1  0  1  1  0  0  1  1  1  1  0  0  1  0  0  1  0  0  1  0  1  1  0  0  0  1  0  1  0  1  -508.0       1     0.0
169  1  0  1  1  1  1  0  0  1  0  1  1  0  1  0  0  0  0  1  0  1  1  0  1  1  1  1  0  1  1  1  0  1  0  0  1  0  0  0  0  0  1  0  1  0  0  1  0  1  1  -508.0       1     0.0
170  0  0  0  1  1  0  0  0  0  0  0  0  1  0  0  1  1  1  0  0  1  1  1  1  1  0  1  0  0  1  1  1  1  1  0  0  0  1  1  0  0  1  0  1  1  1  0  0  0  1  -508.0       1     0.0
171  1  0  0  1  0  0  0  0  1  0  0  0  1  0  0  1  1  1  1  0  1  1  1  1  0  1  1  0  0  1  0  1  0  1  0  1  0  1  0  0  1  1  0  1  0  0  0  0  1  1  -508.0       1     0.0
172  1  1  0  1  0  0  1  0  1  0  1  0  0  1  1  0  1  1  0  0  1  0  0  1  0  1  0  1  0  1  0  1  1  0  0  1  0  1  1  0  0  1  1  1  0  0  1  0  1  1  -508.0       1     0.0
173  1  1  0  0  1  0  0  1  1  0  1  1  0  1  1  1  1  0  1  1  1  0  0  0  1  0  0  1  1  0  1  0  0  0  1  1  0  0  1  0  0  0  1  0  0  0  1  0  1  0  -508.0       1     0.0
174  1  0  1  0  0  0  0  0  1  1  1  0  0  0  0  1  1  1  0  1  1  1  1  1  1  0  1  0  0  1  0  1  0  1  1  1  0  0  1  0  1  1  0  0  0  0  1  0  1  1  -508.0       1     0.0
175  1  0  1  0  0  0  0  0  1  0  0  1  0  0  0  0  1  1  1  0  1  1  1  1  0  1  0  0  0  0  1  1  0  1  0  1  0  1  1  0  1  1  0  0  1  1  1  0  0  1  -508.0       1     0.0
176  1  0  0  1  1  0  1  0  1  1  1  0  0  0  0  1  0  1  0  0  1  1  0  1  1  1  1  1  1  0  0  1  1  0  0  1  0  1  1  0  1  0  0  1  0  0  1  0  0  1  -508.0       1     0.0
177  0  1  0  0  0  0  0  1  1  1  1  1  0  1  0  1  1  1  1  1  0  1  0  0  0  0  0  1  0  1  0  1  1  0  0  1  0  1  1  0  1  0  0  1  0  0  1  0  0  1  -508.0       1     0.0
178  1  1  0  1  0  0  0  0  1  0  0  0  0  1  0  0  1  0  0  0  0  1  0  1  0  0  0  0  1  1  0  1  1  0  0  1  1  1  1  1  0  1  1  0  0  1  1  0  0  1  -508.0       1     0.0
179  1  1  0  1  0  0  0  0  1  0  1  1  1  0  0  1  1  0  0  1  1  1  1  0  1  0  0  1  0  1  0  1  0  0  1  1  0  1  1  1  0  1  0  0  0  0  0  0  0  1  -508.0       1     0.0
290  1  0  1  1  1  0  0  0  0  0  0  0  1  1  0  1  1  1  0  1  1  1  0  1  0  1  0  0  1  1  0  0  1  0  0  1  0  1  0  1  0  1  1  1  0  1  1  0  0  1  -508.0       1    0.02
304  1  0  1  0  0  1  1  0  0  0  1  0  1  1  0  0  1  1  0  1  0  0  1  1  0  0  1  1  1  0  0  0  1  0  1  1  1  0  1  1  1  0  1  0  0  1  1  0  0  1  -508.0       1    0.02
342  1  1  0  1  0  0  1  1  0  0  1  0  1  1  0  1  1  1  0  1  0  1  0  1  1  0  0  1  1  1  0  0  0  0  0  1  0  0  1  0  0  0  0  0  0  1  1  0  1  1  -508.0       1    0.02
353  1  1  0  0  0  1  1  0  0  1  1  0  1  1  1  0  1  0  0  1  1  1  0  1  0  0  0  1  1  1  0  1  1  0  1  1  1  0  1  0  0  0  0  0  0  1  1  0  0  1  -508.0       1    0.04
419  0  1  1  1  0  0  0  1  1  0  1  0  0  1  0  0  1  0  1  1  1  0  0  0  1  0  0  0  1  1  0  1  1  1  1  1  1  0  1  1  0  1  1  0  0  0  1  0  0  1  -508.0       1    0.06
449  0  0  1  0  0  0  0  0  1  0  0  1  1  0  0  1  1  1  1  0  1  1  1  1  1  1  1  0  0  1  0  1  0  1  0  0  0  1  0  1  1  1  0  1  0  0  1  0  1  1  -508.0       1    0.08
182  1  0  0  1  0  0  0  1  1  0  1  0  0  1  0  1  0  1  1  1  1  1  0  0  0  0  0  0  1  1  1  0  0  1  0  1  1  1  1  0  1  0  0  0  1  1  0  0  1  1 -507.25       1     0.0
183  1  1  0  1  0  0  0  0  1  0  1  1  0  0  0  0  1  0  0  1  1  1  1  1  1  0  0  0  1  0  0  0  0  0  1  1  0  0  1  0  0  1  1  0  0  0  1  1  1  1 -507.25       1     0.0
284  1  1  0  1  0  1  1  0  1  1  1  0  0  1  1  1  0  1  0  1  1  0  1  1  0  0  0  1  1  0  0  0  0  0  0  1  0  1  1  0  0  0  0  0  0  1  1  0  1  1 -507.25       1    0.02
316  1  1  0  1  0  1  1  0  1  0  1  0  1  1  1  1  1  0  0  1  1  0  0  0  0  0  0  1  0  1  0  1  1  0  1  1  1  0  1  0  1  0  0  0  0  0  1  0  0  1 -507.25       1    0.02
332  1  0  0  1  0  1  0  0  1  0  1  1  1  1  0  1  1  0  0  1  0  0  0  1  1  0  0  1  1  1  0  1  0  0  0  1  1  0  1  0  0  1  0  0  0  0  1  1  1  1 -507.25       1    0.02
401  1  1  0  0  0  0  0  1  1  0  1  0  0  1  1  1  1  0  0  1  1  0  0  0  1  0  0  0  1  1  0  1  0  1  1  1  1  0  1  0  0  0  0  0  1  1  1  0  1  1 -507.25       1    0.04
432  1  1  0  0  0  1  1  1  0  0  1  0  1  1  1  1  1  1  0  1  0  0  0  1  1  1  0  1  1  0  0  1  1  1  0  0  1  0  1  1  1  0  0  0  0  0  1  0  0  1 -507.25       1    0.06
185  0  1  0  0  0  0  1  0  1  0  0  1  1  0  0  1  1  1  1  1  1  1  0  1  0  1  0  1  0  1  0  1  0  0  1  0  1  0  1  1  1  1  0  1  0  0  1  0  0  1  -507.0       1     0.0
186  0  0  1  0  0  1  0  0  1  1  1  0  0  0  0  1  0  1  0  1  1  1  1  1  0  0  1  0  1  1  1  0  1  1  1  1  0  0  1  0  0  1  0  0  0  0  0  0  1  1  -507.0       1     0.0
187  1  1  0  1  0  0  1  0  1  0  1  0  0  1  0  1  1  1  1  1  1  1  0  0  0  1  0  1  0  1  0  1  0  1  0  1  0  0  0  0  1  0  0  0  0  0  1  0  1  1  -507.0       1     0.0
298  1  1  0  0  1  1  1  0  1  1  1  0  0  0  1  1  0  0  0  1  1  0  0  1  1  0  1  1  0  0  0  1  1  0  1  1  1  0  1  0  1  0  0  0  0  1  1  0  0  1  -507.0       1    0.02
315  1  1  0  0  0  0  0  0  1  1  1  0  1  0  0  0  1  0  1  1  0  1  0  0  0  0  1  1  0  0  0  1  0  0  0  1  1  1  1  1  1  0  0  0  0  0  1  0  1  1  -507.0       1    0.02
406  1  1  0  1  0  0  1  0  1  0  1  1  0  0  0  1  1  0  0  1  0  0  0  1  1  0  1  1  1  1  0  0  1  0  0  1  1  0  1  0  0  0  0  0  0  1  1  0  1  1  -507.0       1    0.04
447  1  1  0  1  0  1  1  1  1  0  1  0  0  1  1  1  0  0  0  1  0  1  0  0  1  0  0  0  1  0  0  1  0  0  1  1  1  0  1  1  0  0  0  1  0  1  1  1  0  1  -507.0       1    0.08
448  0  1  1  0  0  0  1  1  0  0  1  0  1  1  1  0  0  1  0  1  1  0  0  1  0  0  0  1  1  1  0  1  1  0  1  1  1  1  1  1  1  0  0  0  0  0  1  0  0  1  -507.0       1    0.08
189  1  1  1  0  0  0  0  0  1  0  1  0  0  1  0  1  0  1  1  1  1  1  0  1  0  0  1  0  1  0  1  0  0  0  0  1  0  0  0  0  1  1  1  0  0  1  1  1  1  1 -506.25       1     0.0
190  0  1  1  0  0  0  0  0  0  1  0  1  1  1  0  1  1  1  1  0  0  1  0  1  1  0  0  0  0  1  0  1  1  0  1  0  1  1  0  0  1  1  0  1  1  0  0  0  1  1 -506.25       1     0.0
191  1  1  0  1  0  1  1  0  1  0  0  0  0  1  1  1  0  1  0  1  0  1  0  1  0  1  1  0  0  1  0  0  0  0  0  1  1  1  1  0  0  1  0  0  1  0  1  0  1  1 -506.25       1     0.0
305  1  1  0  0  0  0  1  0  1  0  1  0  0  1  0  1  1  0  0  1  0  1  0  0  1  0  1  1  1  1  0  1  1  0  1  1  1  0  1  0  1  0  0  0  0  1  1  0  0  1 -506.25       1    0.02
336  1  1  0  1  0  1  1  0  0  0  1  1  1  1  1  0  0  1  0  1  1  1  1  1  0  1  0  1  1  0  0  1  0  0  1  0  1  0  1  0  0  0  0  0  1  0  1  0  1  1 -506.25       1    0.02
349  1  0  0  1  0  1  1  0  1  0  1  1  0  1  1  1  0  1  0  1  1  1  0  1  1  0  0  0  1  0  0  1  0  1  1  1  1  0  1  0  1  0  0  0  0  1  1  0  0  1 -506.25       1    0.02
384  1  0  1  1  0  0  1  0  1  0  1  1  1  0  0  0  0  1  0  0  1  1  1  1  1  1  1  1  0  1  1  0  0  1  1  1  0  1  0  0  1  1  0  1  0  0  0  0  0  1 -506.25       1    0.04
192  1  0  0  1  0  1  1  0  1  0  1  1  0  0  0  0  0  0  0  0  1  0  0  0  0  0  0  1  1  0  0  1  1  1  1  1  1  0  1  1  0  0  0  1  0  1  1  0  0  1  -506.0       1     0.0
193  1  1  0  1  0  0  1  0  1  0  1  1  0  1  1  0  0  1  0  1  1  1  0  0  0  0  0  1  1  1  1  0  1  0  0  1  0  1  1  0  1  0  0  0  0  1  1  0  1  1  -506.0       1     0.0
194  1  1  0  1  0  0  0  1  1  0  0  1  1  1  0  1  0  1  1  1  1  0  1  1  1  0  0  1  1  1  1  0  0  0  0  0  0  1  1  0  0  0  0  1  0  0  0  0  1  0  -506.0       1     0.0
195  1  1  0  0  0  0  0  1  0  0  0  1  0  0  0  1  1  1  0  1  1  0  0  1  1  0  0  1  0  0  0  1  1  1  1  1  0  0  1  1  1  0  0  0  0  0  1  1  1  1  -506.0       1     0.0
196  1  0  1  0  0  1  0  0  1  0  0  0  0  0  0  1  0  1  1  1  0  1  0  0  0  1  1  0  1  0  1  0  0  0  1  0  1  1  1  1  1  1  0  0  1  1  0  0  1  1  -506.0       1     0.0
197  0  1  0  0  1  0  1  0  1  1  0  0  1  0  0  1  1  1  1  1  1  0  0  1  0  1  1  1  0  0  0  1  1  0  0  1  0  0  0  0  1  1  0  1  0  1  0  0  0  1  -506.0       1     0.0
276  1  1  0  1  0  1  1  0  1  0  1  0  0  0  1  0  1  0  0  1  0  0  0  0  0  0  0  1  1  0  0  1  1  1  1  1  1  1  1  1  0  0  1  1  0  1  1  0  0  1  -506.0       1    0.02
319  0  1  0  1  0  1  1  1  1  0  1  0  0  1  1  0  1  1  0  1  0  0  0  1  0  0  0  1  1  0  0  1  0  0  1  1  1  1  1  0  0  0  0  0  0  1  1  1  1  1  -506.0       1    0.02
348  1  0  1  1  0  0  0  0  1  0  1  0  0  0  0  0  0  1  1  1  1  1  1  1  1  1  1  0  0  0  0  1  0  1  0  1  1  1  1  0  1  1  0  1  0  0  0  0  1  1  -506.0       1    0.02
427  1  1  0  1  0  0  1  1  1  0  1  0  1  1  0  0  1  1  0  1  1  1  0  1  1  0  0  1  1  0  0  1  0  0  1  1  1  0  1  0  0  0  0  0  0  1  1  0  0  1  -506.0       1    0.04
465  0  1  0  1  0  1  0  1  1  0  1  1  1  1  1  0  0  1  1  1  0  0  0  0  1  0  0  1  1  0  0  0  1  0  0  1  1  1  1  0  1  0  0  0  0  1  1  0  1  1  -506.0       1    0.08
476  0  1  0  1  1  0  1  0  1  0  1  0  0  1  0  0  1  0  1  1  1  0  0  0  1  0  1  1  1  0  0  1  1  0  0  1  1  0  1  1  1  0  1  0  0  0  1  0  1  1  -506.0       1    0.08
483  0  0  1  1  0  0  1  1  1  0  0  1  0  1  0  0  1  1  0  0  1  1  1  1  0  1  0  0  0  0  0  1  1  1  0  1  0  0  0  0  1  1  0  1  1  0  1  0  0  1  -506.0       1    0.08
203  1  1  1  1  1  0  1  1  1  0  0  0  0  0  0  1  1  1  1  1  0  1  0  1  0  0  0  1  1  0  0  1  1  0  0  1  0  1  0  1  1  0  0  1  0  1  1  0  0  1 -505.25       1     0.0
204  1  0  0  1  0  0  1  1  1  0  1  0  1  1  0  0  1  0  1  1  1  0  0  0  0  0  0  0  1  1  0  1  1  0  1  1  1  1  1  0  1  0  0  0  0  1  1  0  0  1 -505.25       1     0.0
205  1  1  0  1  0  0  0  1  1  0  1  1  1  1  1  0  0  1  0  0  1  1  0  1  1  0  0  0  1  1  0  0  0  0  0  1  0  1  1  0  0  1  1  1  0  1  1  0  1  1 -505.25       1     0.0
206  0  1  0  0  0  0  1  1  1  1  0  1  0  1  0  0  1  1  0  1  1  0  1  1  0  1  0  1  0  0  0  1  1  1  0  0  0  0  1  0  1  1  0  1  0  0  1  0  1  1 -505.25       1     0.0
335  1  1  0  1  0  0  0  0  1  0  0  0  0  0  0  1  0  1  0  1  1  1  0  1  0  0  0  1  0  0  0  1  0  1  0  1  0  1  1  1  1  0  0  0  0  1  1  1  1  1 -505.25       1    0.02
340  1  1  0  0  0  1  1  0  0  0  1  0  0  1  0  1  0  1  0  1  0  1  0  1  0  1  0  0  1  0  0  1  1  1  1  1  1  0  1  1  0  1  1  0  0  0  1  0  0  1 -505.25       1    0.02
365  0  0  0  1  0  0  1  1  1  0  0  1  1  0  0  1  1  1  1  0  1  1  1  1  1  0  0  0  0  1  0  1  0  1  0  1  0  1  1  0  1  1  0  1  0  1  1  0  0  1 -505.25       1    0.02
366  1  0  0  1  0  1  1  1  1  0  0  0  0  0  0  1  1  0  0  1  1  0  1  1  0  0  1  1  1  0  0  1  1  0  1  1  0  1  0  0  1  1  0  0  0  1  1  0  0  1 -505.25       1    0.02
397  0  1  0  0  1  0  1  0  1  0  1  0  0  0  0  1  1  1  0  1  0  1  0  1  0  0  0  0  1  1  0  1  0  0  1  1  1  1  1  1  1  0  0  0  0  1  1  0  1  1 -505.25       1    0.04
433  1  1  1  0  0  1  1  1  0  0  1  0  1  0  1  0  1  1  0  0  0  0  0  1  1  0  0  1  1  0  0  0  1  0  1  1  1  0  1  0  1  0  1  0  0  1  1  0  0  1 -505.25       1    0.06
435  0  1  1  0  1  0  1  0  1  0  1  1  0  1  1  0  0  0  1  1  0  0  0  0  1  0  0  0  1  0  0  1  1  1  1  1  1  0  1  0  1  0  0  0  0  1  1  0  1  1 -505.25       1    0.06
463  0  1  0  1  0  0  1  1  0  1  1  1  1  1  1  1  0  1  0  0  0  0  1  1  1  0  0  1  1  0  0  0  1  0  1  1  1  0  1  0  1  0  1  0  0  1  1  0  0  1 -505.25       1    0.08
207  1  1  1  1  0  1  0  1  1  0  1  0  1  1  1  0  0  1  0  1  1  0  0  1  1  0  0  1  1  0  0  1  1  0  0  1  0  0  1  0  0  1  0  0  0  0  1  1  0  1  -505.0       1     0.0
291  1  0  1  1  0  0  0  0  0  0  0  1  0  0  0  0  0  1  0  1  1  1  1  1  0  1  1  1  0  1  1  1  0  1  0  1  0  1  1  0  1  1  0  1  0  0  0  0  0  1  -505.0       1    0.02
328  1  1  0  0  0  1  1  1  0  0  1  1  1  1  1  1  0  1  0  1  1  1  0  0  0  0  0  1  1  0  0  1  0  0  0  1  1  0  1  0  0  0  0  0  1  1  1  0  1  1  -505.0       1    0.02
333  0  1  1  1  1  1  0  1  0  0  1  0  0  1  0  1  1  0  0  0  1  0  0  0  1  0  0  1  1  1  1  1  1  0  0  1  1  0  1  1  0  0  0  0  0  1  1  0  1  1  -505.0       1    0.02
210  1  1  0  0  0  0  1  0  0  0  0  1  0  1  0  1  1  1  0  1  1  1  1  1  0  1  0  0  0  0  0  1  1  1  1  0  1  1  1  1  1  0  0  0  0  0  1  0  0  1 -504.25       1     0.0
307  1  1  0  1  0  1  1  0  1  0  1  1  1  0  1  1  0  1  0  1  0  1  0  1  1  0  0  1  1  0  1  0  0  0  0  1  1  1  1  1  0  0  0  0  0  1  1  0  0  1 -504.25       1    0.02
337  1  1  1  1  0  1  0  0  0  0  1  0  0  0  1  0  1  1  0  1  0  0  0  1  0  0  1  1  1  0  0  1  1  1  1  1  1  1  1  1  0  0  1  0  0  1  1  0  0  1 -504.25       1    0.02
341  1  0  0  0  0  0  1  0  0  0  1  1  1  1  1  0  0  1  0  0  1  1  0  0  1  0  0  1  1  1  0  1  0  0  1  1  1  0  1  1  1  0  0  0  0  1  1  0  1  1 -504.25       1    0.02
344  1  1  0  0  0  1  1  0  0  0  1  1  1  1  1  0  1  0  0  1  0  0  0  1  1  1  1  0  1  0  0  1  0  0  0  1  1  1  1  0  0  0  0  0  0  1  1  0  1  1 -504.25       1    0.02
364  0  1  0  1  1  1  1  0  0  0  1  1  0  1  1  0  0  1  0  0  0  1  0  0  1  0  0  1  1  0  0  1  1  0  1  1  1  1  1  1  0  0  0  0  0  1  1  0  0  1 -504.25       1    0.04
430  1  1  0  0  0  1  1  0  1  0  1  0  1  1  1  1  0  1  0  1  0  1  0  1  1  0  0  1  1  0  0  1  0  1  0  1  1  0  1  0  1  0  0  0  0  1  1  0  1  1 -504.25       1    0.06
213  0  1  0  0  1  0  1  0  0  1  0  1  1  0  0  0  1  0  1  1  0  0  0  0  1  0  1  1  1  0  1  0  0  0  1  1  0  1  1  0  1  0  0  0  0  1  1  1  1  1  -504.0       1     0.0
214  0  0  0  1  0  0  0  0  1  0  1  1  1  1  0  1  1  0  0  1  1  1  1  0  1  0  0  0  1  1  0  1  1  0  0  1  0  1  1  0  0  1  0  1  0  0  1  0  0  1  -504.0       1     0.0
215  1  1  0  0  0  1  1  0  1  0  1  0  0  0  0  1  1  0  0  1  1  1  0  1  0  0  0  1  0  1  0  1  0  0  1  1  0  0  1  0  0  1  0  0  0  0  1  0  1  1  -504.0       1     0.0
347  0  1  1  1  0  1  0  1  0  0  1  0  1  1  0  0  0  1  0  1  1  0  1  0  1  0  0  1  1  0  1  1  0  0  0  1  1  1  1  0  0  0  0  0  1  1  1  0  1  1  -504.0       1    0.02
350  1  1  0  1  0  1  1  0  1  0  1  0  0  1  1  1  1  0  0  1  0  0  0  0  1  0  0  1  1  1  0  1  1  0  1  1  1  1  1  0  0  0  0  0  0  1  1  0  0  1  -504.0       1    0.04
390  1  1  0  1  0  1  0  1  1  0  1  0  0  1  0  0  0  0  0  1  0  0  0  0  1  0  0  1  1  0  0  1  1  0  1  1  1  0  1  0  1  0  0  0  0  0  1  1  0  1  -504.0       1    0.04
410  1  1  0  1  1  1  1  0  0  0  1  0  1  1  1  1  0  1  0  0  0  0  0  1  1  0  1  1  1  1  0  0  1  0  1  1  1  0  1  0  0  0  1  1  0  1  1  0  0  1  -504.0       1    0.04
429  1  0  1  1  1  0  1  0  1  1  0  1  0  0  0  0  1  1  1  1  1  1  0  1  0  1  1  0  0  0  1  0  0  0  0  1  0  1  1  0  0  1  0  1  0  0  1  0  1  1  -504.0       1    0.06
440  1  1  0  1  0  1  1  1  1  0  1  0  0  1  1  1  1  0  0  0  1  1  0  0  0  0  0  1  1  1  0  1  1  0  1  1  1  0  1  0  0  0  0  0  0  1  1  0  0  1  -504.0       1    0.06
492  1  1  0  0  0  1  1  0  0  0  1  1  1  1  1  0  1  1  0  1  0  0  0  0  1  0  1  1  1  0  0  1  1  0  1  1  1  0  1  1  1  0  0  0  0  1  1  1  0  1  -504.0       1    0.14
493  1  1  0  1  0  0  0  1  0  0  0  1  1  0  1  0  1  0  0  1  1  0  0  0  1  0  0  1  1  1  0  1  1  0  1  1  0  0  1  1  0  0  0  0  0  1  1  1  0  1  -504.0       1     0.1
217  0  0  1  0  0  0  1  1  1  1  1  1  1  0  1  1  0  1  0  0  1  1  0  1  0  0  0  1  1  0  0  1  1  1  1  0  0  1  1  0  1  1  0  1  0  0  1  0  0  1 -503.25       1     0.0
363  1  0  0  1  1  0  0  0  1  1  0  1  1  1  0  1  0  0  0  1  1  1  1  1  0  0  1  0  1  1  0  1  1  0  0  0  0  0  0  0  1  1  0  1  0  0  1  0  1  1 -503.25       1    0.02
418  1  1  0  1  0  0  1  1  1  1  1  0  1  1  1  1  1  0  0  1  0  0  0  1  1  0  1  1  1  0  0  1  0  0  0  1  0  1  1  1  1  0  0  1  0  1  1  0  0  1 -503.25       1    0.04
446  0  0  0  1  0  1  0  0  1  0  1  0  0  1  0  0  0  1  1  1  1  1  1  1  0  0  1  1  0  0  0  0  1  0  1  1  0  1  1  0  1  1  0  1  0  0  1  0  1  1 -503.25       1    0.04
218  1  1  0  0  0  0  1  0  1  1  1  1  0  0  1  1  0  0  1  1  0  1  0  0  1  0  0  1  1  0  0  1  0  1  1  0  1  0  1  0  1  0  0  0  0  1  1  0  0  1  -503.0       1     0.0
219  1  0  0  1  1  1  0  0  1  0  1  0  1  0  0  1  1  1  0  0  1  0  1  0  1  0  1  1  1  0  0  1  0  0  0  1  0  1  1  0  1  0  0  0  0  0  0  1  1  1  -503.0       1     0.0
220  1  1  0  1  0  0  1  1  0  0  1  1  0  1  0  0  1  1  1  1  1  0  1  0  0  0  0  1  0  1  1  1  1  1  0  1  0  1  1  0  0  0  0  0  0  0  1  0  1  1  -503.0       1     0.0
221  0  1  1  1  0  0  0  0  1  1  1  1  0  1  1  1  0  1  0  1  1  1  1  1  0  0  0  0  1  0  1  0  0  0  0  0  0  1  1  0  0  0  0  0  0  1  1  0  1  1  -503.0       1     0.0
222  1  0  1  0  0  1  0  0  1  1  0  0  0  1  0  1  0  1  0  0  1  1  0  1  0  0  1  1  0  1  1  0  1  1  0  0  0  1  0  0  1  1  0  1  0  0  0  1  1  1  -503.0       1     0.0
223  1  1  0  0  0  1  1  0  1  0  1  0  1  0  1  1  0  1  1  1  0  0  0  0  0  0  0  1  1  1  0  0  1  0  1  1  1  0  1  1  1  0  0  0  0  1  0  0  0  1  -503.0       1     0.0
326  1  1  1  1  0  0  1  1  1  1  1  1  0  0  0  0  1  1  0  1  0  0  0  1  0  0  0  1  1  0  0  1  1  1  1  1  1  0  1  0  1  0  0  0  0  1  1  1  0  1  -503.0       1    0.02
388  0  1  1  1  0  0  1  1  0  1  1  1  0  1  1  0  0  0  0  1  1  0  0  0  1  0  0  1  1  0  1  1  1  0  1  1  1  1  1  0  1  0  0  0  0  1  1  0  0  0  -503.0       1    0.04
437  1  0  0  1  0  0  1  0  1  1  0  0  0  0  0  1  0  1  0  0  1  1  0  1  0  0  0  0  0  1  0  1  0  1  0  1  0  1  0  1  1  1  0  1  0  0  0  1  1  1  -503.0       1    0.04
444  1  1  0  0  1  0  1  1  1  1  1  0  0  1  0  0  1  1  1  1  1  1  0  0  0  0  0  1  1  1  0  1  0  1  1  0  1  0  1  0  1  0  1  0  1  0  1  0  1  0  -503.0       1    0.02
495  1  1  0  1  0  1  1  1  1  1  1  0  0  1  1  1  0  0  0  1  0  0  0  1  0  0  0  1  1  1  0  1  0  0  1  1  1  0  1  1  1  0  1  0  0  1  1  0  0  1  -503.0       1    0.16
227  1  1  1  1  0  0  0  0  1  1  0  1  1  0  0  0  0  1  0  0  0  1  1  1  1  1  0  1  0  0  0  1  0  0  0  1  0  1  1  1  0  1  0  1  0  1  0  0  1  1 -502.25       1     0.0
228  0  1  0  0  0  1  0  0  1  1  0  0  0  0  0  1  0  1  0  1  1  0  0  1  0  0  1  0  1  0  1  0  1  1  1  1  0  1  0  0  0  1  0  1  0  1  1  1  0  1 -502.25       1     0.0
325  0  1  0  1  0  1  1  1  1  1  0  1  0  1  0  0  1  0  1  1  1  0  0  0  1  0  0  1  1  0  0  1  0  0  1  1  0  0  1  0  1  0  0  0  0  0  1  0  0  1 -502.25       1    0.02
338  1  1  0  1  0  1  0  0  1  0  1  1  0  0  0  0  1  1  0  1  1  0  0  1  1  0  0  0  1  0  0  1  0  0  0  1  1  1  1  1  0  0  0  0  0  1  1  0  0  1 -502.25       1    0.02
374  0  0  0  1  0  1  0  0  1  0  1  0  1  1  0  1  0  0  0  0  0  1  1  1  0  0  1  1  1  0  0  1  0  0  0  1  1  1  1  0  1  0  0  1  1  1  1  0  0  0 -502.25       1    0.02
413  0  1  0  1  0  1  1  1  1  0  1  0  0  1  1  0  1  0  0  1  1  0  0  0  1  0  0  1  1  1  0  1  1  0  1  1  0  0  1  0  0  1  1  0  0  1  1  1  0  1 -502.25       1    0.06
434  1  0  0  1  1  0  0  0  1  0  0  1  0  0  0  1  0  1  0  0  1  1  1  1  0  1  0  0  0  1  1  1  0  1  0  1  0  1  0  0  0  1  0  1  0  0  1  0  1  1 -502.25       1    0.06
475  0  0  0  1  0  1  1  1  0  0  1  0  1  1  1  0  0  1  0  0  0  0  0  1  1  0  0  1  1  0  0  0  1  0  1  1  1  1  1  1  1  0  1  0  0  1  1  0  0  1 -502.25       1     0.1
372  1  1  0  1  0  0  1  0  0  0  1  0  1  1  1  1  1  0  0  1  1  0  0  0  1  0  0  1  1  0  0  1  1  0  1  1  1  0  1  1  0  0  1  0  0  1  1  0  0  1  -502.0       1    0.04
387  1  0  0  1  0  1  1  0  1  0  1  0  0  1  1  0  0  1  0  1  1  0  0  0  1  0  0  1  1  1  0  1  0  0  0  0  1  1  1  0  1  0  1  0  0  0  1  0  1  1  -502.0       1    0.04
424  1  0  0  1  1  0  0  0  1  1  1  1  0  0  0  0  1  1  1  0  1  1  1  0  0  1  1  0  0  1  0  0  0  1  0  1  1  1  0  0  0  1  0  0  0  1  0  0  1  1  -502.0       1    0.04
477  0  1  1  1  0  1  1  1  1  0  1  0  1  1  1  0  0  0  0  1  1  0  0  0  0  0  0  1  1  0  0  1  1  0  1  1  1  1  1  1  0  0  0  0  0  0  1  1  0  1  -502.0       1     0.1
485  1  1  1  1  0  0  0  0  1  1  0  0  0  1  0  1  0  1  1  1  1  1  1  1  0  1  1  0  0  1  1  0  0  0  0  1  0  1  0  0  1  1  0  1  0  0  0  0  0  0  -502.0       1     0.1
235  1  1  0  1  1  0  0  0  1  1  0  1  1  1  0  0  1  0  1  1  1  1  0  1  0  0  1  1  0  1  0  0  0  0  0  0  0  1  0  1  1  0  0  1  0  0  1  0  1  1 -501.25       1     0.0
361  1  1  1  1  0  0  1  0  0  0  1  0  1  1  1  1  1  0  1  1  1  0  0  0  1  0  0  0  0  1  0  1  1  0  1  0  1  0  1  1  1  0  0  0  0  0  1  0  0  1 -501.25       1    0.02
368  1  0  0  0  0  0  0  0  1  1  1  0  0  1  0  1  0  1  1  1  1  0  1  0  1  1  1  0  0  0  1  1  0  1  0  1  0  0  1  0  1  1  0  0  0  0  0  0  1  1 -501.25       1    0.02
414  1  1  0  1  0  0  0  1  1  0  0  0  1  0  0  0  0  1  0  1  0  0  0  1  1  0  0  1  1  0  0  1  1  1  1  1  1  1  1  0  1  0  0  0  0  1  1  0  1  1 -501.25       1    0.04
454  1  1  0  0  0  1  1  0  1  0  1  0  1  0  1  1  1  0  1  1  0  1  0  0  1  0  0  1  1  0  0  1  0  0  1  1  1  0  1  1  0  0  0  0  0  1  1  0  0  1 -501.25       1    0.08
467  0  1  0  1  0  1  1  0  1  0  1  0  0  0  1  1  1  1  0  1  0  0  0  1  0  0  0  1  1  0  0  1  0  0  1  1  1  1  1  1  0  0  1  0  0  1  1  0  0  1 -501.25       1     0.1
237  1  1  0  1  0  0  0  1  1  1  1  0  0  1  0  0  0  1  0  1  1  1  1  1  0  1  0  0  0  1  0  1  0  1  0  1  0  1  0  0  1  1  0  1  0  0  0  0  0  1  -501.0       1     0.0
351  0  0  1  1  1  0  0  0  0  0  1  1  0  1  0  1  1  1  1  0  1  1  1  1  0  1  1  0  0  1  0  0  0  1  0  0  0  1  0  1  0  1  0  1  0  1  1  0  1  1  -501.0       1    0.02
370  1  1  0  0  0  1  0  1  1  0  0  0  0  1  0  1  1  1  0  1  1  1  0  0  1  0  0  1  1  0  0  1  1  0  0  1  0  1  1  0  0  0  0  0  0  1  1  1  0  1  -501.0       1    0.02
428  1  0  0  0  1  1  1  0  1  0  1  0  0  0  1  1  1  1  1  0  1  1  1  0  1  1  0  0  1  0  1  0  0  1  0  0  0  0  0  0  1  1  0  1  1  0  1  1  0  1  -501.0       1    0.04
459  1  1  0  1  0  1  1  1  1  0  1  1  0  1  1  1  0  1  0  1  0  1  0  1  1  0  0  1  1  0  0  1  0  0  1  1  1  0  1  1  0  0  0  0  0  1  1  0  0  1  -501.0       1     0.1
244  1  0  0  0  0  1  1  1  0  1  1  1  0  1  0  0  1  1  0  0  1  0  0  0  1  0  0  1  1  1  1  1  0  0  0  1  1  0  1  1  0  0  0  0  0  1  1  0  1  1 -500.25       1     0.0
245  1  1  0  1  0  0  0  0  0  0  0  1  0  1  0  1  0  0  1  1  1  1  0  1  0  0  1  0  0  1  0  1  1  0  1  1  1  1  1  0  1  0  0  1  0  1  1  0  0  1 -500.25       1     0.0
246  1  1  0  1  1  0  1  1  1  0  1  0  0  0  0  0  0  1  1  1  0  1  0  0  0  0  0  1  1  0  0  1  1  1  0  1  0  0  1  1  1  0  1  0  0  0  1  0  1  1 -500.25       1     0.0
247  0  1  1  0  0  1  0  1  1  0  1  0  0  0  0  0  1  1  1  1  1  1  0  1  0  0  0  0  1  0  0  1  0  1  1  0  0  0  1  0  1  0  0  0  0  1  1  0  1  1 -500.25       1     0.0
386  0  1  0  0  1  0  0  0  1  0  1  1  1  0  0  1  0  1  1  1  1  1  1  1  0  1  1  0  1  1  0  0  0  1  0  1  0  1  0  0  1  1  0  1  0  0  1  0  1  1 -500.25       1    0.04
481  1  1  0  0  0  0  0  0  0  0  1  0  0  0  1  1  1  0  0  1  0  0  0  0  0  0  0  1  1  1  0  1  1  0  1  1  1  0  1  1  1  0  1  0  0  1  1  0  1  1 -500.25       1     0.1
251  1  1  0  1  0  0  0  1  1  0  0  1  1  1  0  1  0  1  0  1  1  1  1  1  1  0  0  0  1  1  0  1  1  1  0  0  0  1  1  0  1  1  0  1  0  0  0  0  1  1  -500.0       1     0.0
252  1  1  0  1  0  0  0  0  1  0  1  0  0  0  0  0  0  1  1  1  1  1  1  0  0  0  0  0  1  0  1  1  1  0  1  1  0  1  1  0  0  1  0  0  1  1  0  1  0  1  -500.0       1     0.0
253  1  1  0  0  1  1  1  0  1  0  1  0  1  0  0  1  1  1  0  1  1  0  1  0  0  0  0  0  1  1  0  0  0  0  0  1  0  1  1  0  1  1  0  1  0  1  1  1  0  1  -500.0       1     0.0
377  0  0  1  0  1  0  0  0  0  0  1  1  0  0  0  0  0  1  1  1  1  1  1  0  1  1  1  0  0  1  1  1  1  1  0  0  0  1  0  1  1  1  0  1  0  0  0  0  0  1  -500.0       1    0.02
416  1  1  1  1  1  0  0  1  1  0  0  0  0  0  0  1  0  1  0  0  1  1  0  1  0  1  1  0  0  1  1  0  1  1  0  0  0  1  1  0  0  0  0  1  0  1  1  0  1  0  -500.0       1    0.04
457  1  1  0  0  0  1  0  0  0  1  1  1  0  0  0  1  0  1  0  1  1  1  1  0  0  0  1  0  0  1  1  0  0  0  0  1  0  0  1  0  1  1  0  1  1  1  0  1  0  1  -500.0       1    0.04
473  1  1  1  1  0  1  1  1  0  0  1  1  0  1  1  0  0  0  0  1  0  0  0  1  1  0  0  1  1  0  0  1  1  0  1  1  1  1  1  1  0  0  0  0  0  1  1  1  0  1  -500.0       1     0.1
479  0  1  0  0  0  1  1  0  0  1  1  1  0  1  1  1  1  1  1  1  1  0  0  0  1  0  0  1  1  1  0  1  1  0  1  0  1  0  1  1  0  0  0  0  0  0  1  0  0  1  -500.0       1     0.1
260  0  0  0  1  0  1  1  1  1  0  0  1  1  1  0  0  0  1  1  0  1  0  0  0  0  1  1  1  1  1  1  0  0  0  0  0  0  1  1  1  1  0  0  0  0  0  1  0  0  1 -499.25       1     0.0
262  0  0  1  0  0  0  1  0  1  0  1  1  0  1  0  1  1  1  0  1  1  1  0  0  1  0  0  0  1  0  0  1  1  0  0  1  0  1  1  1  1  0  0  0  0  1  1  0  1  1 -499.25       1     0.0
360  1  1  0  1  1  0  1  0  0  0  1  1  0  1  1  0  1  0  1  1  1  0  0  1  0  0  1  0  1  0  0  0  1  0  0  1  0  0  1  1  0  0  1  0  0  0  1  0  1  1  -499.0       1    0.02
466  1  1  1  0  0  1  1  0  1  0  1  0  1  0  1  1  0  1  0  1  0  0  0  1  0  1  0  1  1  0  0  1  1  0  1  1  1  0  1  1  0  1  0  0  0  0  1  0  0  1  -499.0       1    0.06
499  1  1  0  1  0  0  1  1  0  0  1  0  0  1  1  1  1  0  0  1  0  0  0  0  1  0  0  1  0  1  0  1  0  0  1  1  1  0  1  1  0  0  0  0  0  1  1  0  1  1  -499.0       1    0.14
354  1  1  0  1  0  1  1  0  0  0  1  0  0  1  1  1  0  0  0  1  0  0  1  0  1  0  0  1  1  1  0  0  1  0  1  1  1  1  1  1  0  0  1  0  0  1  1  1  0  1 -498.25       1    0.04
482  1  1  0  1  0  1  1  1  0  0  1  0  0  1  1  0  1  1  0  1  0  0  0  0  1  0  0  1  1  1  0  1  1  0  1  1  1  1  1  0  1  0  0  0  0  1  1  0  0  1 -498.25       1     0.1
267  1  1  0  1  0  0  0  1  1  1  0  1  0  0  0  0  0  1  1  0  1  1  0  1  0  0  1  0  1  0  0  1  1  1  0  1  1  0  1  0  1  0  0  0  0  1  1  0  0  1  -498.0       1     0.0
352  1  1  1  1  0  0  0  0  1  1  1  0  0  0  1  1  0  1  0  0  1  0  0  1  1  1  1  0  1  1  0  1  1  1  1  0  1  0  0  0  1  1  0  1  0  1  1  0  0  1  -498.0       1    0.02
480  1  1  0  1  0  1  1  1  1  0  1  0  1  0  1  1  1  0  0  0  0  0  0  0  1  0  0  1  1  1  0  1  1  0  1  1  0  0  1  0  1  0  0  0  0  1  1  1  0  1  -498.0       1    0.12
490  1  1  0  0  0  1  0  0  1  0  1  0  1  1  1  1  1  0  0  1  0  0  0  0  1  0  0  1  1  1  0  0  0  0  1  1  1  0  1  1  1  0  0  0  0  1  1  0  0  1  -498.0       1    0.12
269  0  1  0  1  0  1  0  0  1  0  1  1  1  0  0  0  0  1  1  1  1  1  0  0  1  1  1  0  1  0  0  1  1  1  1  1  0  1  0  0  0  1  0  0  0  0  1  0  0  1 -497.25       1     0.0
383  1  0  1  1  1  0  0  1  1  1  1  1  0  0  0  1  1  1  0  0  0  1  1  1  1  1  1  0  0  1  0  1  0  1  0  0  0  1  0  0  1  1  0  1  0  0  1  0  0  1 -497.25       1    0.04
400  1  1  0  1  1  0  1  1  0  0  1  0  0  1  1  1  1  1  0  1  1  0  0  0  0  1  0  1  0  1  0  1  0  0  0  1  1  0  1  1  0  0  0  0  0  1  1  1  1  1 -497.25       1    0.04
442  0  1  0  1  0  0  0  1  0  0  1  1  1  0  1  0  0  1  0  1  1  1  0  0  1  0  0  1  0  1  0  1  1  0  1  1  1  1  1  0  1  0  0  0  0  1  1  0  0  1 -497.25       1    0.04
456  0  1  0  1  1  1  1  0  1  0  1  0  0  1  1  1  1  0  0  1  1  0  0  0  0  0  0  1  1  1  0  0  1  0  1  1  0  0  1  0  0  0  0  0  0  1  1  0  0  1 -497.25       1    0.06
487  1  1  1  0  0  0  1  1  1  0  1  0  0  0  1  1  1  0  0  1  0  1  0  0  1  0  0  0  1  1  0  1  1  0  1  1  1  0  1  0  1  1  1  0  0  1  1  0  0  1 -497.25       1     0.1
274  0  1  1  1  0  1  0  1  0  0  0  1  0  0  0  0  0  0  0  1  1  0  0  1  1  0  0  1  0  1  0  1  1  0  0  1  1  0  1  0  0  1  1  0  0  1  1  1  1  1  -497.0       1     0.0
398  1  1  0  1  0  1  1  0  0  0  1  0  1  0  0  1  0  1  0  1  0  1  0  1  1  1  0  0  1  0  0  1  1  0  1  1  1  0  0  1  0  0  1  0  0  1  1  1  0  1  -497.0       1    0.04
461  0  1  0  1  0  0  1  0  0  0  1  0  1  1  1  1  1  0  1  1  0  0  0  0  1  0  1  0  1  1  0  0  0  0  1  1  1  0  1  1  0  0  1  0  0  1  1  0  0  1  -497.0       1    0.08
491  1  0  1  1  0  0  1  0  1  1  0  0  0  1  0  0  0  1  1  0  0  1  1  1  0  1  1  0  1  1  1  1  1  1  0  0  0  1  0  0  1  1  0  1  0  0  0  0  0  0  -497.0       1    0.06
278  1  0  1  1  0  0  0  0  1  1  1  1  0  0  0  1  1  1  0  0  1  1  0  1  0  1  0  0  0  1  1  1  0  1  0  1  0  1  0  1  0  1  0  1  0  0  0  0  1  1 -496.25       1     0.0
279  1  0  0  0  0  0  1  0  1  1  0  0  0  1  1  1  1  1  1  0  0  1  0  0  1  1  1  0  1  0  0  1  1  1  0  1  1  1  1  0  0  0  0  1  1  0  0  0  0  1 -496.25       1     0.0
415  1  1  1  1  0  0  0  0  0  1  0  0  1  0  0  0  0  1  0  0  1  1  1  1  0  1  1  0  0  1  1  1  1  1  0  0  0  1  0  1  0  1  0  1  0  0  0  0  1  0 -496.25       1    0.04
439  1  1  0  0  1  1  0  0  0  0  1  0  0  1  1  0  0  0  1  1  1  0  0  0  0  0  0  0  1  0  0  1  1  0  1  0  1  0  1  0  0  1  0  0  1  1  1  0  1  0 -496.25       1    0.04
380  1  1  0  1  1  1  1  0  1  0  1  0  1  0  0  0  1  0  0  0  1  1  0  0  1  0  0  0  1  1  0  1  1  0  1  1  0  1  1  0  0  0  0  0  0  1  1  0  0  1  -496.0       1    0.02
441  0  1  0  1  0  1  1  1  0  0  1  1  0  0  1  0  1  1  0  0  0  0  1  1  1  0  0  1  1  0  0  1  1  1  1  1  0  0  1  1  0  0  0  0  0  1  1  1  0  1  -496.0       1    0.06
464  0  1  0  0  0  1  0  1  0  0  1  0  0  0  1  1  1  1  0  1  1  1  0  0  1  0  0  1  1  1  0  1  1  0  1  1  0  0  1  0  0  1  0  0  0  1  1  0  1  1 -495.25       1    0.06
286  0  1  0  1  0  0  1  1  0  0  0  0  0  0  0  1  1  0  1  1  1  1  0  0  0  0  0  0  1  0  1  1  0  0  1  1  1  1  1  0  0  1  0  0  1  1  0  1  1  1  -495.0       1     0.0
292  1  0  1  1  0  0  0  1  1  1  0  0  1  1  0  0  1  1  0  0  1  1  0  1  0  1  1  0  1  0  0  1  0  0  0  1  0  1  1  0  1  1  0  0  0  0  1  0  1  1 -494.25       1     0.0
394  1  1  0  0  0  0  0  1  1  0  1  1  0  1  1  1  0  0  0  0  1  0  0  1  0  0  0  1  1  0  1  1  1  0  0  1  0  0  1  0  1  0  0  1  0  1  1  0  1  0 -494.25       1    0.02
484  1  0  1  0  0  0  0  0  1  1  1  0  0  0  0  1  1  1  1  0  1  1  1  1  0  1  1  0  0  1  0  1  1  0  1  0  1  1  0  0  1  1  0  1  0  0  1  0  1  1 -494.25       1    0.08
496  1  0  0  0  1  0  0  0  1  1  0  1  0  1  0  1  1  1  1  1  1  1  1  1  0  1  1  0  1  1  1  0  0  1  0  0  0  1  0  0  1  1  0  1  0  1  1  0  0  0 -494.25       1    0.12
497  1  1  0  1  0  1  1  0  1  0  0  0  0  1  1  1  1  1  0  1  0  1  0  0  1  0  0  1  1  1  0  1  1  0  1  1  1  0  1  1  0  0  0  0  0  1  1  0  0  1 -494.25       1    0.14
425  0  1  0  1  0  1  1  0  1  0  1  0  1  1  1  0  0  0  0  0  1  0  0  0  1  0  0  1  1  0  0  1  1  0  0  1  1  0  1  1  0  0  0  0  0  0  1  1  0  1  -494.0       1    0.06
436  0  1  0  1  0  1  0  1  0  1  1  1  1  1  1  0  0  1  0  1  0  0  0  1  1  0  0  1  1  1  0  0  1  0  0  1  1  0  1  1  1  0  0  0  0  1  1  1  0  1 -493.25       1    0.04
488  0  1  0  1  0  1  1  1  1  1  0  0  0  1  1  0  0  0  0  1  1  0  0  0  1  0  1  1  1  1  0  0  1  0  1  1  0  0  1  0  0  0  1  0  0  1  1  0  0  1  -493.0       1     0.1
312  0  1  0  1  1  1  0  0  0  0  1  1  1  0  0  0  0  1  1  1  1  1  0  1  1  0  0  0  1  0  0  1  0  1  0  1  0  0  1  0  1  0  0  1  1  1  0  0  1  1 -492.25       1     0.0
393  1  1  0  0  0  1  0  1  1  0  1  0  0  1  0  1  1  0  0  1  1  0  0  0  0  0  0  1  1  1  1  1  1  1  0  1  0  0  1  0  0  0  0  0  0  1  1  0  0  0  -492.0       1    0.02
494  1  1  0  0  0  1  1  0  0  1  1  0  1  0  0  1  1  0  1  1  0  0  0  1  1  0  0  0  1  1  0  1  1  0  1  1  1  0  1  1  0  1  1  0  0  1  1  0  0  1 -491.25       1     0.1
323  0  1  0  1  0  0  1  1  1  1  0  1  0  0  0  0  0  0  0  1  0  1  0  0  1  0  0  1  1  0  0  1  1  0  0  1  1  1  1  0  1  0  0  1  0  1  1  0  1  1  -491.0       1     0.0
389  0  0  0  1  0  1  1  1  1  0  1  0  0  1  1  1  0  0  0  1  1  1  1  1  1  0  1  1  1  0  0  1  0  0  1  1  1  0  1  0  0  0  0  0  1  1  1  1  0  1  -489.0       1    0.02
443  0  1  0  1  1  1  1  1  1  0  1  0  0  0  1  1  0  1  0  1  1  0  0  1  0  0  0  1  1  0  0  1  1  0  1  1  0  0  1  0  1  1  0  1  0  1  1  0  1  1  -489.0       1    0.04
469  1  1  1  1  1  0  0  0  1  1  0  1  0  0  0  1  1  1  1  0  1  1  0  1  0  1  0  0  0  1  0  1  0  1  0  0  0  0  0  0  1  1  0  1  0  0  0  0  1  1  -489.0       1    0.06
451  0  1  0  1  0  0  1  1  0  0  1  0  0  1  1  0  1  1  1  1  1  0  0  0  0  0  0  1  1  1  1  1  0  0  1  1  1  0  1  1  1  0  1  0  0  1  1  0  1  1  -487.0       1    0.06
452  0  1  1  1  0  1  0  1  1  0  1  0  0  1  1  1  0  1  0  0  0  1  0  0  1  0  1  0  1  1  0  1  1  0  1  1  1  1  1  0  0  1  1  0  0  1  1  0  0  1  -487.0       1    0.04
489  1  0  1  1  1  0  0  0  1  1  1  1  0  1  0  1  0  0  0  0  0  1  1  1  0  1  0  0  0  1  1  1  0  1  0  0  0  1  0  0  1  1  0  1  0  0  0  0  1  1  -487.0       1    0.08
356  1  0  0  1  0  0  1  0  1  0  1  0  0  1  0  1  0  0  1  1  1  0  0  1  0  1  0  0  1  0  0  1  1  0  0  0  0  1  1  1  1  0  0  1  0  1  1  0  0  1 -485.25       1     0.0
359  1  1  0  1  0  1  1  0  0  0  0  0  0  0  1  1  0  1  0  1  1  0  0  0  0  0  1  0  1  0  0  0  1  1  1  1  1  0  1  1  1  0  0  0  0  0  1  0  0  1  -485.0       1     0.0
471  1  1  1  0  1  0  0  0  1  1  0  1  0  1  0  1  1  1  1  0  1  1  1  1  0  1  1  0  0  1  1  1  0  1  0  0  0  1  0  0  1  1  0  1  0  0  0  0  1  0 -484.25       1    0.08
478  1  0  1  0  1  0  0  0  0  1  0  0  0  1  0  0  1  1  0  0  1  1  0  1  0  1  1  0  1  1  1  1  1  0  0  0  1  1  0  1  0  1  0  1  0  0  0  1  1  1 -483.25       1    0.06
470  0  1  0  1  0  1  1  1  0  0  0  0  0  1  1  0  0  1  0  1  1  0  0  0  0  0  0  1  1  1  0  1  0  1  1  1  1  0  1  1  0  1  1  0  0  1  1  1  0  1  -482.0       1    0.06
['BINARY', 500 rows, 500 samples, 50 variables]Valid partition found with 242 cut edges
Solution:  [1, 1, 0, 0, 0, 0, 1, 0, 1, 1, 0, 1, 1, 1, 0, 1, 1, 0, 0, 1, 0, 1, 0, 1, 0, 0, 0, 1, 1, 0, 0, 1, 0, 0, 0, 1, 1, 0, 1, 1, 1, 0, 0, 0, 0, 1, 1, 0, 1, 1]