--------------- DW_2000Q_6 ---------------
     0  1  2  3  4  5  6  7  8  9 10 11 12 13 14 15 16 17 18 19 20 21 22 23 24 25 26 27 28 29 30 31 32 33 34 35 36 37 38 39  energy num_oc. chain_.
62   0  1  1  1  0  1  0  0  0  1  1  0  0  1  0  0  0  1  0  1  0  1  1  1  0  0  1  1  0  0  1  0  1  1  1  1  1  0  0  0  -448.0       1   0.025
153  0  1  1  1  0  1  0  0  1  1  1  0  0  1  0  0  0  1  0  1  0  0  1  1  0  0  1  0  0  0  1  0  1  1  1  1  1  0  0  0 -446.75       1   0.075
0    1  1  1  1  1  1  0  0  1  0  1  0  0  1  0  0  1  1  0  0  1  0  1  1  0  0  1  1  1  0  0  0  1  1  1  1  0  0  0  0 -444.75       1     0.0
312  1  0  0  0  1  0  1  0  0  0  0  1  1  0  1  1  1  1  1  0  1  1  0  0  0  1  0  1  1  0  0  1  0  0  1  0  0  1  1  1  -444.0       1     0.1
257  1  0  0  0  1  1  1  0  1  0  0  1  1  0  0  0  1  0  1  1  1  1  0  0  0  1  0  1  1  1  0  1  0  0  0  0  1  1  1  1 -443.75       1   0.075
386  0  1  1  1  0  1  0  0  1  1  1  0  0  1  1  0  0  0  0  1  0  0  1  1  0  0  1  0  0  0  1  0  1  1  1  1  1  0  0  0 -443.75       1     0.1
114  0  1  1  1  0  1  0  0  1  0  1  0  0  0  0  1  1  1  1  1  1  1  1  1  0  0  1  0  0  0  0  1  0  1  1  1  0  0  0  0  -443.0       1   0.025
1    1  1  1  1  0  1  0  0  1  0  1  0  0  1  0  0  0  0  1  1  1  0  1  1  1  0  1  0  1  1  1  0  0  0  1  0  0  1  0  1 -442.75       1     0.0
83   0  1  1  1  1  1  0  0  1  0  1  0  0  1  0  0  0  1  0  1  1  1  1  1  0  0  1  1  0  0  1  0  1  1  1  1  0  0  0  0 -442.75       1   0.025
170  0  1  1  0  0  1  0  0  0  1  1  0  0  1  0  0  0  1  0  1  0  0  1  1  1  0  1  1  0  0  1  0  1  1  1  1  1  0  0  0 -442.75       1    0.05
194  0  1  1  1  0  1  0  1  1  1  1  0  0  1  1  0  0  1  0  0  0  0  1  1  1  0  1  0  0  1  1  0  1  1  1  1  0  0  0  0 -442.75       1    0.05
2    1  0  1  1  0  1  1  0  1  0  1  0  1  0  0  0  0  1  1  1  1  1  1  0  0  0  0  0  1  0  0  1  0  1  0  1  1  0  1  0  -442.0       1     0.0
89   1  1  1  1  0  1  1  1  1  0  1  0  0  1  0  0  0  1  0  1  1  0  1  1  0  0  1  0  0  0  0  1  0  1  1  1  0  0  0  0  -442.0       1   0.025
272  0  1  1  0  0  1  1  0  1  1  1  0  0  1  0  0  0  1  0  0  1  0  1  1  1  0  1  0  1  0  1  0  1  1  1  1  0  0  0  0  -442.0       1    0.05
3    1  1  1  0  0  1  1  0  1  0  0  0  0  1  0  0  0  1  0  1  1  0  1  1  0  0  1  0  1  1  0  1  0  0  1  1  0  0  0  1 -441.75       1     0.0
87   1  0  0  0  1  0  1  1  0  1  1  1  1  0  0  1  1  1  1  0  1  1  0  0  0  1  0  0  0  1  0  1  0  1  0  0  1  0  1  1 -441.75       1   0.025
4    1  1  1  0  0  1  0  1  1  0  0  0  0  1  0  0  0  1  1  1  1  1  1  1  1  0  1  0  0  0  0  0  0  1  1  1  0  0  0  1  -441.0       1     0.0
77   0  1  1  1  0  1  0  0  1  1  1  1  0  1  0  0  0  0  0  1  0  0  1  1  0  0  1  0  0  1  1  0  1  1  1  1  1  0  0  0  -441.0       1   0.025
192  1  0  0  0  0  0  1  1  1  0  0  0  1  0  1  1  1  1  1  0  1  1  0  0  1  0  0  1  1  1  0  1  0  1  0  0  0  0  1  1  -441.0       1    0.05
5    0  0  1  0  0  1  0  1  0  1  1  0  0  1  1  0  0  1  0  1  0  1  1  1  1  0  1  0  0  1  0  0  1  1  1  1  0  0  0  0 -440.75       1     0.0
6    0  1  1  1  0  1  0  0  1  0  1  0  0  1  0  0  0  1  0  1  0  0  1  1  1  0  1  0  0  1  1  0  1  1  1  1  0  0  0  0 -440.75       1     0.0
7    0  1  0  1  0  1  0  1  1  0  1  0  0  1  0  0  0  1  1  0  0  0  1  1  1  0  1  0  0  0  1  0  1  1  1  1  0  0  0  1 -440.75       1     0.0
8    0  1  1  1  0  1  0  0  1  0  1  0  0  1  0  0  1  1  0  0  1  0  1  1  0  0  1  1  0  0  1  0  1  1  1  1  0  0  0  0 -440.75       1     0.0
99   0  1  1  1  0  1  0  0  1  1  1  0  0  1  1  0  0  1  0  1  0  0  1  1  0  0  1  0  0  0  1  0  1  1  1  1  0  0  0  0 -440.75       1   0.025
205  0  1  1  1  0  1  0  1  1  1  1  1  0  0  0  0  0  1  0  0  0  0  1  1  1  0  1  0  0  0  1  0  1  1  1  1  0  0  0  0 -440.75       1    0.05
9    1  1  1  0  0  1  0  1  1  1  1  0  0  1  0  0  0  0  0  1  1  0  1  1  1  0  1  0  0  1  1  0  1  1  0  1  0  0  0  0  -440.0       1     0.0
10   1  0  1  1  0  1  0  1  1  0  1  0  0  1  1  0  0  1  0  1  1  0  1  1  0  0  1  0  0  0  1  0  1  1  1  1  0  0  0  0  -440.0       1     0.0
140  1  0  0  0  1  0  1  0  1  0  0  1  1  0  0  1  1  0  1  0  1  1  0  0  1  1  1  1  1  1  0  1  1  0  0  0  0  1  1  1  -440.0       1   0.025
218  1  0  0  0  1  1  0  0  1  0  0  1  1  0  0  1  1  0  1  1  1  1  0  0  0  1  0  0  1  1  0  1  0  0  0  0  1  1  1  1  -440.0       1   0.075
11   1  0  1  0  1  0  0  1  0  0  1  1  1  1  0  1  1  1  0  0  1  1  0  0  1  0  0  0  1  0  0  0  0  0  1  1  0  0  1  1 -439.75       1     0.0
12   1  0  1  1  0  1  0  0  0  1  1  0  0  1  0  0  0  1  0  1  1  0  1  1  0  0  1  0  0  0  1  1  1  1  1  1  1  0  1  0 -439.75       1     0.0
13   0  1  1  1  0  1  0  0  1  1  1  0  0  1  0  0  0  0  0  1  0  0  1  1  0  0  1  0  0  0  1  1  1  1  1  1  1  0  0  0 -439.75       1     0.0
14   0  0  1  1  0  0  0  1  0  0  1  0  0  0  1  1  1  1  1  0  1  1  1  0  1  0  1  0  1  1  0  1  1  1  1  0  0  0  0  1 -439.75       1     0.0
86   0  1  1  1  0  1  0  0  1  1  1  0  0  1  0  0  0  1  0  1  1  0  1  0  0  0  1  0  0  0  1  0  1  1  1  1  1  0  0  0 -439.75       1   0.025
93   1  0  1  0  0  1  0  1  1  0  1  0  1  0  1  1  0  1  1  0  1  1  0  0  0  0  0  1  0  1  0  0  0  1  0  1  1  1  1  1 -439.75       1   0.025
101  1  1  1  1  0  1  0  0  1  0  1  0  0  1  0  0  0  0  0  0  1  0  1  1  0  0  1  1  0  1  1  0  1  1  1  1  0  0  0  0 -439.75       1   0.025
233  0  1  1  0  0  1  0  0  1  1  1  0  1  0  0  0  0  1  0  1  1  1  1  1  0  1  1  1  0  0  0  0  1  1  0  1  1  1  0  0 -439.75       1    0.05
337  1  0  0  0  1  0  0  0  1  0  0  1  1  0  1  0  1  1  1  0  1  0  1  0  1  0  1  1  1  1  0  0  1  0  0  0  0  1  0  1 -439.75       1    0.05
15   1  1  0  1  0  1  0  0  1  0  1  0  0  1  1  1  0  1  0  0  1  0  1  1  1  0  1  0  1  0  1  0  1  1  0  1  0  0  0  0  -439.0       1     0.0
16   0  0  1  1  0  1  1  0  1  0  1  0  0  1  0  0  0  1  0  1  1  1  1  1  1  0  1  0  1  0  1  0  1  1  0  1  0  0  0  0  -439.0       1     0.0
17   1  1  0  1  0  1  1  0  1  1  0  0  0  1  0  0  0  0  0  0  1  0  1  1  1  0  1  0  1  1  1  0  0  0  1  1  0  0  0  0  -439.0       1     0.0
68   0  0  1  1  0  0  0  1  1  1  1  0  0  1  1  0  0  1  0  1  0  0  1  1  1  0  1  0  0  1  1  0  1  1  1  1  0  0  0  0  -439.0       1   0.025
84   0  1  1  1  0  1  0  1  1  1  1  0  0  1  1  0  0  0  0  0  0  0  1  1  1  0  1  0  0  0  1  1  1  1  1  1  0  0  0  0  -439.0       1   0.025
151  1  0  0  0  1  0  1  0  1  0  0  1  1  0  0  1  1  1  1  0  1  1  0  0  0  1  0  1  1  1  0  1  0  0  0  0  1  0  1  1  -439.0       1    0.05
156  0  0  0  0  0  0  1  0  1  0  0  1  1  0  1  1  1  1  1  1  1  1  0  0  0  0  0  1  0  1  0  1  0  1  0  1  0  1  1  1  -439.0       1    0.05
241  0  1  1  0  0  1  0  1  1  1  1  0  0  1  0  0  0  1  0  0  0  1  1  1  0  0  1  1  0  1  1  0  1  1  1  1  0  0  0  0  -439.0       1    0.05
18   0  1  1  1  1  1  0  0  1  0  0  0  0  1  0  0  0  1  1  1  0  0  1  1  0  0  1  1  0  0  1  0  1  1  0  1  1  1  0  1 -438.75       1     0.0
19   1  0  1  1  0  1  0  0  1  1  1  0  0  1  0  0  0  0  0  1  1  0  1  1  1  0  1  0  0  1  1  0  0  1  1  1  0  0  0  0 -438.75       1     0.0
88   0  1  1  1  0  1  1  0  1  0  1  0  0  1  0  0  0  1  0  1  0  0  1  1  0  0  1  0  1  0  1  0  1  1  1  1  0  0  0  0 -438.75       1   0.025
145  1  0  0  0  1  0  1  0  1  0  0  1  1  0  1  1  1  1  1  0  1  1  0  0  0  1  0  1  0  1  0  1  0  0  0  0  1  1  1  1 -438.75       1    0.05
188  0  1  1  1  0  1  0  0  1  0  1  0  0  1  0  0  0  1  0  1  1  1  1  1  0  0  1  0  0  1  1  1  0  0  1  1  0  0  0  0 -438.75       1    0.05
214  0  1  1  1  0  1  0  0  1  1  0  0  0  1  0  0  0  1  0  1  0  0  1  1  0  0  1  0  0  1  1  0  1  1  1  1  0  1  0  0 -438.75       1    0.05
20   1  0  0  0  1  0  1  1  0  0  0  1  1  0  0  1  1  0  1  0  1  1  0  0  1  0  0  1  1  1  0  1  0  0  0  0  1  1  1  1  -438.0       1     0.0
21   0  1  1  0  1  1  1  0  0  0  1  0  1  1  0  0  0  1  0  1  1  1  1  1  0  0  0  1  1  0  0  0  1  1  0  1  0  0  0  1  -438.0       1     0.0
66   0  1  1  1  0  1  0  1  0  1  1  0  0  1  1  0  0  0  0  0  0  0  1  1  1  0  1  0  0  1  1  1  1  1  1  1  0  0  0  0  -438.0       1   0.025
124  1  0  0  0  1  1  1  1  1  0  0  1  1  0  0  0  1  0  1  0  1  1  0  0  0  1  1  1  1  1  0  0  0  0  0  0  0  1  1  1  -438.0       1   0.025
128  1  0  0  0  1  0  0  0  1  0  1  0  1  1  0  1  1  1  1  0  1  1  1  0  0  0  0  1  1  1  0  1  0  0  0  0  0  1  1  1  -438.0       1   0.025
135  0  1  1  0  0  1  1  1  0  1  0  0  0  1  0  0  1  0  0  0  0  0  1  1  1  0  1  1  1  1  0  0  1  1  1  1  0  1  0  0  -438.0       1   0.025
357  1  0  0  0  1  0  1  1  1  0  0  1  1  0  0  1  1  0  1  1  1  1  1  0  0  1  0  0  1  0  0  0  0  0  0  0  1  1  1  1  -438.0       1     0.1
22   1  1  0  0  0  0  1  1  1  0  0  0  1  1  1  1  1  1  1  0  1  0  1  0  0  0  0  1  1  1  0  0  0  1  0  0  0  1  1  1 -437.75       1     0.0
23   1  0  1  1  0  1  0  0  0  1  1  0  1  1  0  0  0  1  1  1  1  1  0  1  0  1  1  0  0  1  1  0  0  0  1  1  1  0  0  0 -437.75       1     0.0
78   0  1  1  1  0  1  0  1  1  1  1  0  0  1  0  0  0  0  0  1  1  0  1  1  0  0  1  0  0  0  1  0  1  1  1  1  0  0  0  0 -437.75       1   0.025
100  0  1  1  1  0  1  0  1  1  1  1  0  0  0  0  0  0  0  0  1  0  0  1  0  0  0  1  0  0  1  1  0  1  1  1  1  1  0  0  1 -437.75       1   0.025
137  0  1  1  1  0  1  0  0  1  1  1  0  0  0  0  0  0  1  0  1  1  1  1  1  0  0  1  1  0  1  1  0  1  1  1  1  0  0  0  0 -437.75       1   0.025
157  1  0  0  0  1  0  1  0  1  0  0  1  1  0  0  1  1  0  1  0  1  1  0  0  1  1  0  1  1  1  0  1  0  0  0  1  0  1  1  1 -437.75       1    0.05
211  0  1  1  1  0  1  0  1  1  1  1  0  0  1  0  0  0  1  0  0  1  0  1  1  0  0  1  1  1  0  1  0  1  1  1  1  0  0  0  0 -437.75       1    0.05
217  1  0  0  0  1  1  1  0  1  0  0  1  1  0  0  1  1  1  1  1  1  1  0  0  0  0  0  1  0  0  0  0  0  0  1  0  0  1  1  1 -437.75       1   0.075
242  1  0  0  0  1  0  1  0  1  0  0  1  1  0  1  1  0  1  1  1  1  1  0  0  1  0  0  1  1  1  0  1  0  0  0  0  0  1  1  1 -437.75       1    0.05
246  1  0  0  0  1  0  1  1  1  0  0  0  1  0  1  1  1  1  1  0  1  1  0  0  0  0  0  1  1  1  0  0  0  0  0  0  0  1  1  1 -437.75       1    0.05
306  1  0  0  0  1  0  1  1  1  0  0  0  1  1  1  1  1  1  1  0  1  1  0  0  1  0  1  1  1  1  0  0  0  0  0  0  0  0  1  1 -437.75       1    0.05
24   1  0  0  0  1  0  1  0  1  0  0  1  1  1  0  0  1  1  1  0  1  0  1  0  1  1  0  1  0  1  1  0  0  0  0  0  0  1  1  1  -437.0       1     0.0
25   0  0  0  0  1  0  1  0  1  0  0  1  1  0  0  1  1  1  1  0  1  1  1  0  0  1  1  1  1  0  0  1  0  0  0  1  0  0  1  1  -437.0       1     0.0
110  1  0  0  0  1  0  1  0  0  0  0  0  1  0  1  1  1  1  1  1  1  1  0  0  1  1  0  1  0  1  0  1  1  1  0  0  0  0  0  1  -437.0       1   0.025
150  0  1  1  1  0  1  1  0  1  1  1  0  0  0  0  0  0  1  0  1  1  1  1  1  1  0  1  0  0  0  0  1  1  1  1  0  0  0  0  0  -437.0       1   0.025
155  1  0  0  0  1  0  0  0  1  0  0  1  1  1  1  1  1  0  1  0  1  1  0  0  0  1  0  1  0  1  0  1  0  0  0  0  1  1  1  1  -437.0       1    0.05
206  1  0  0  0  1  0  1  1  1  0  0  1  1  0  0  1  1  0  1  1  1  1  0  0  0  1  0  1  1  1  0  1  0  0  0  0  1  1  1  1  -437.0       1    0.05
228  1  0  0  0  1  0  1  1  1  0  0  1  1  0  0  1  1  1  1  0  1  0  0  0  0  1  0  1  0  1  0  1  0  0  0  0  1  1  1  1  -437.0       1   0.075
240  0  1  1  1  0  1  0  0  1  1  0  0  0  1  1  0  0  0  0  1  0  0  1  1  1  0  1  0  0  1  1  0  1  0  1  1  0  0  0  0  -437.0       1   0.075
247  1  0  0  0  1  0  1  1  1  0  0  1  1  0  0  1  1  1  1  0  1  1  0  0  1  1  0  1  1  0  0  0  0  0  0  0  0  1  1  1  -437.0       1     0.1
285  1  0  0  0  1  0  0  0  1  0  0  1  1  0  0  1  1  1  1  0  1  1  0  0  0  1  1  1  1  0  0  1  0  1  0  0  0  1  1  1  -437.0       1   0.075
342  1  0  0  0  1  0  0  1  0  1  1  1  1  0  0  1  1  0  1  0  1  1  0  0  0  1  0  0  0  1  0  0  0  0  0  0  1  1  1  1  -437.0       1     0.1
356  1  0  0  0  1  0  0  1  0  0  1  1  1  0  0  1  1  1  1  0  1  1  0  0  0  1  0  1  0  1  0  0  0  0  0  1  1  1  1  1  -437.0       1     0.1
402  1  0  0  0  1  0  1  1  1  0  0  1  1  0  0  1  1  0  1  1  1  1  0  0  0  1  0  1  0  0  0  1  0  0  0  0  1  1  1  1  -437.0       1    0.15
26   0  1  1  1  0  1  0  0  1  0  1  0  0  1  0  0  0  0  0  1  1  0  1  1  1  0  1  1  1  1  1  0  1  0  1  0  0  0  0  0 -436.75       1     0.0
27   1  1  1  1  0  1  1  0  1  1  0  0  0  1  0  0  1  0  0  0  1  0  1  1  0  0  1  0  0  1  1  1  1  0  1  1  0  0  0  1 -436.75       1     0.0
28   1  1  1  0  0  1  1  1  1  0  1  0  1  0  0  1  1  0  1  0  1  1  1  0  0  0  1  0  0  1  1  0  0  0  0  0  1  0  1  1 -436.75       1     0.0
67   0  1  1  1  0  1  0  0  0  1  1  0  0  1  0  0  0  1  0  0  0  0  1  1  1  0  1  0  1  1  1  0  1  1  1  1  0  0  0  0 -436.75       1   0.025
96   1  1  0  0  1  1  1  0  1  0  0  1  1  0  0  0  1  1  1  1  1  0  0  0  1  0  0  1  1  0  0  0  0  1  1  1  0  1  0  1 -436.75       1   0.025
123  1  1  1  1  0  1  0  0  1  0  1  0  0  1  0  0  0  1  0  1  1  1  1  1  0  0  1  0  0  0  1  0  0  0  1  0  0  0  0  0 -436.75       1   0.025
138  1  0  0  0  1  0  0  1  0  0  1  1  1  0  1  1  1  1  0  0  1  1  0  0  1  0  0  1  1  1  0  0  0  1  0  0  1  1  1  1 -436.75       1   0.025
149  0  1  1  1  0  1  0  0  1  0  1  0  1  1  0  0  0  1  0  1  0  1  1  1  0  0  1  0  0  0  0  0  1  1  0  1  1  0  1  0 -436.75       1   0.025
177  0  1  1  1  0  1  1  1  1  1  1  0  0  1  0  0  0  1  0  1  1  0  1  1  0  0  1  0  0  0  1  0  1  1  1  1  0  0  0  0 -436.75       1    0.05
198  0  1  1  1  0  1  0  0  1  1  1  0  0  1  1  0  0  0  0  1  1  0  1  1  0  0  1  0  0  0  1  1  1  0  1  0  1  0  1  1 -436.75       1    0.05
216  1  1  0  0  1  1  1  0  1  0  0  1  1  0  0  1  1  1  1  0  1  1  0  0  1  1  0  1  0  0  0  1  0  0  0  0  0  1  1  1 -436.75       1    0.05
269  0  1  1  1  0  1  0  0  1  1  0  0  0  1  0  0  0  1  0  1  0  0  1  1  0  0  1  0  1  1  1  0  1  1  1  1  0  0  0  0 -436.75       1   0.075
274  1  0  0  0  1  0  1  0  1  0  0  1  1  0  0  0  1  1  1  1  1  0  1  0  0  1  0  1  1  1  0  0  0  1  0  0  1  1  1  1 -436.75       1    0.05
288  1  0  0  0  1  0  1  1  0  0  0  1  1  0  0  1  1  0  1  1  1  1  0  0  1  1  0  1  1  1  0  0  0  0  0  0  1  1  1  1 -436.75       1     0.1
489  1  0  0  0  1  0  1  0  1  0  0  1  1  0  0  1  1  1  1  1  1  1  0  0  0  1  0  1  1  1  0  0  0  0  0  0  1  1  1  1 -436.75       1     0.2
29   0  1  1  1  0  1  0  1  1  0  1  0  0  1  0  0  0  1  1  0  0  1  1  1  0  0  1  1  0  1  1  0  1  1  1  0  0  0  0  0  -436.0       1     0.0
30   0  1  1  1  0  1  0  0  1  1  1  0  1  1  0  0  0  1  0  0  1  0  1  1  0  0  1  1  1  0  0  0  1  1  1  1  0  0  0  0  -436.0       1     0.0
111  1  0  0  0  1  0  1  1  1  0  0  1  1  0  0  1  1  1  1  0  1  1  0  0  0  1  0  1  1  1  0  1  0  0  0  0  1  1  1  1  -436.0       1    0.05
166  1  0  0  0  1  0  1  1  1  0  0  1  1  0  0  1  1  0  1  0  1  1  0  0  0  1  0  1  1  1  0  0  0  0  0  0  1  1  1  1  -436.0       1   0.075
175  0  0  1  1  0  1  1  1  1  1  1  0  0  1  0  0  0  1  0  1  0  0  1  1  1  0  0  0  0  1  1  0  1  1  1  1  0  0  0  0  -436.0       1    0.05
202  0  1  1  1  1  1  0  0  0  0  0  0  1  1  0  0  0  1  0  1  0  1  1  1  1  1  1  0  0  1  1  0  0  0  1  1  1  0  0  0  -436.0       1   0.025
409  0  1  1  1  0  1  0  1  1  1  1  0  0  1  1  0  0  1  0  0  1  0  1  1  1  0  1  0  0  1  0  0  1  1  0  1  0  0  0  0  -436.0       1   0.075
439  1  0  0  0  1  0  0  1  1  0  1  1  1  0  0  1  1  1  1  0  1  1  0  0  0  1  0  1  0  1  0  0  0  0  0  0  1  1  1  1  -436.0       1    0.15
31   0  0  1  1  0  0  1  0  1  1  1  0  0  1  0  0  0  1  0  1  1  1  1  1  0  0  1  0  0  0  0  0  1  1  1  1  1  0  0  0 -435.75       1     0.0
32   0  0  0  0  1  0  0  0  1  0  0  1  1  0  0  0  1  1  0  1  1  1  1  0  0  0  1  1  0  0  0  0  1  1  1  1  0  1  1  1 -435.75       1     0.0
61   1  0  0  0  1  0  1  1  0  0  0  1  1  0  0  1  1  1  1  0  1  1  0  0  1  1  0  1  1  1  0  0  0  0  0  0  1  1  1  1 -435.75       1   0.025
92   1  0  0  0  1  0  1  1  1  0  0  1  1  0  0  1  1  1  1  0  1  0  0  0  1  0  1  1  1  1  0  0  0  1  0  0  0  1  1  1 -435.75       1   0.025
112  1  0  0  0  1  0  1  1  0  0  1  1  1  0  0  1  1  1  1  0  1  1  0  0  1  0  1  1  1  0  0  0  0  1  0  0  0  1  1  1 -435.75       1   0.025
129  0  1  1  1  0  1  0  1  1  0  1  0  0  1  0  0  0  0  0  1  1  0  1  1  1  0  1  0  0  1  0  0  1  0  1  0  1  0  0  1 -435.75       1   0.025
131  1  0  0  0  1  0  1  0  1  0  0  1  1  0  0  1  1  1  1  0  1  1  0  0  0  1  0  1  1  0  0  0  0  0  0  0  1  1  1  1 -435.75       1    0.05
147  1  0  0  0  1  1  1  1  1  0  0  1  1  0  0  1  1  1  1  0  1  1  0  0  1  1  0  0  1  1  0  0  0  0  0  0  0  1  1  1 -435.75       1    0.05
173  1  0  0  0  0  0  1  1  1  0  0  1  1  0  0  1  1  0  1  0  1  1  0  0  1  1  0  1  1  1  0  0  0  0  0  0  0  1  1  1 -435.75       1    0.05
223  1  0  0  0  1  0  1  1  1  0  1  1  1  0  0  1  1  1  1  0  1  1  0  0  0  1  0  1  0  1  0  0  0  0  0  0  1  1  1  1 -435.75       1   0.075
299  0  1  1  1  0  1  0  0  0  0  1  0  0  1  0  0  0  1  1  0  0  1  1  1  0  0  1  0  0  1  0  1  1  1  1  1  0  0  0  1 -435.75       1    0.05
350  1  0  0  0  1  0  1  1  1  0  0  1  1  0  0  1  1  0  1  0  1  1  0  0  1  0  0  1  1  1  0  1  0  0  0  0  1  1  1  1 -435.75       1     0.1
33   0  0  1  1  0  1  1  0  1  0  0  0  0  0  0  0  0  1  0  1  1  0  1  1  1  0  1  0  0  1  1  0  1  1  1  1  1  0  0  1  -435.0       1     0.0
34   1  0  0  0  1  0  1  0  1  0  1  1  1  0  0  0  1  0  0  0  1  1  0  0  1  0  0  1  1  1  0  1  1  1  0  0  0  1  1  1  -435.0       1     0.0
35   1  0  1  0  1  0  1  0  1  0  1  0  1  0  0  1  0  1  1  0  1  0  0  0  1  0  1  1  1  1  1  0  1  1  0  0  0  0  0  1  -435.0       1     0.0
115  1  0  0  0  1  0  1  1  1  0  0  1  1  0  0  1  1  1  1  0  1  1  0  0  0  0  0  1  1  1  0  0  0  1  0  0  0  1  1  1  -435.0       1   0.025
116  1  0  0  0  1  0  0  0  0  0  0  1  1  1  0  1  1  1  1  0  1  1  0  0  1  1  0  1  0  1  0  1  0  0  0  0  1  1  1  1  -435.0       1   0.025
154  0  1  1  0  0  0  0  1  1  1  1  0  1  1  1  0  0  1  0  0  0  0  1  1  0  0  1  0  0  1  1  0  1  1  1  1  0  0  0  1  -435.0       1   0.025
162  1  0  0  0  1  0  1  0  1  0  0  1  1  0  0  1  1  1  1  0  1  1  0  0  1  1  0  1  1  0  0  0  0  0  0  0  1  1  1  1  -435.0       1   0.075
174  1  1  0  0  1  0  1  0  1  0  0  1  1  0  0  1  1  0  1  0  1  1  0  1  0  0  0  1  1  1  0  1  1  0  0  0  0  0  1  1  -435.0       1   0.025
255  1  1  1  0  1  0  1  0  1  0  0  1  1  0  0  0  1  1  1  0  1  1  0  0  0  0  0  1  1  1  0  0  0  1  0  0  0  1  1  1  -435.0       1    0.05
256  1  0  0  0  1  0  1  1  1  0  0  0  1  0  0  1  1  1  1  1  1  1  0  0  0  1  0  1  0  1  0  1  0  0  0  0  1  0  1  1  -435.0       1   0.075
384  1  0  0  0  1  0  0  1  1  0  0  1  1  0  1  1  1  0  1  0  1  1  0  0  1  1  1  1  0  1  0  0  0  0  0  0  0  1  1  1  -435.0       1     0.1
399  1  1  0  0  1  1  0  0  1  0  0  1  1  1  0  1  1  0  0  0  1  1  0  0  0  1  0  1  0  1  0  1  0  0  0  0  1  1  1  1  -435.0       1     0.1
473  1  0  0  0  1  0  0  1  1  0  0  1  1  0  0  1  1  1  1  0  1  1  0  0  0  1  0  1  0  1  0  1  0  0  0  0  1  1  1  1  -435.0       1   0.175
36   0  0  0  0  1  0  1  1  1  0  0  0  1  0  1  0  1  1  1  0  0  1  0  0  1  1  1  1  1  1  0  0  0  1  0  1  1  1  0  1 -434.75       1     0.0
37   0  0  0  0  1  1  0  0  1  0  1  0  1  0  1  0  1  1  1  0  1  1  1  0  0  0  0  1  0  1  0  1  0  1  0  1  1  1  1  1 -434.75       1     0.0
38   0  0  1  1  0  0  0  1  0  0  1  0  1  0  1  0  0  0  1  1  1  0  1  1  1  0  1  1  1  1  1  0  0  0  0  0  1  1  0  0 -434.75       1     0.0
39   0  0  0  0  1  0  1  0  1  0  0  0  0  0  1  0  1  0  1  0  1  1  0  1  1  0  1  1  1  1  1  0  1  1  0  1  1  0  0  0 -434.75       1     0.0
40   0  1  1  1  1  1  0  0  1  1  0  1  0  1  0  0  0  1  0  1  1  0  1  1  0  0  1  0  0  0  1  0  0  0  1  1  0  0  0  1 -434.75       1     0.0
125  1  0  1  1  0  1  0  0  1  1  1  0  0  1  1  0  0  1  0  1  0  0  1  0  1  0  1  1  1  0  1  0  1  1  1  1  0  0  0  0 -434.75       1   0.025
133  1  0  0  0  1  0  1  1  0  0  0  0  1  0  1  1  1  1  0  1  1  1  0  0  1  0  1  0  1  0  0  1  0  0  0  0  1  0  1  1 -434.75       1   0.025
134  0  1  1  1  0  1  0  0  1  0  1  0  0  1  1  0  0  1  0  1  1  0  1  1  0  0  1  0  1  0  1  0  0  1  0  1  1  0  0  0 -434.75       1   0.025
139  0  1  1  1  0  1  0  0  1  1  1  0  1  1  0  0  0  0  0  1  1  0  1  1  1  0  1  0  1  0  0  0  1  1  0  1  0  0  0  0 -434.75       1   0.025
171  0  1  1  1  0  1  0  1  0  1  1  0  0  1  1  0  0  0  0  1  0  1  1  1  0  0  1  1  1  1  0  0  1  1  1  1  0  0  0  0 -434.75       1    0.05
302  1  0  0  0  1  1  1  0  1  0  1  0  1  0  0  1  1  1  1  0  1  1  0  0  0  0  0  1  0  1  0  1  0  0  0  1  1  1  1  1 -434.75       1   0.075
321  1  0  0  0  1  0  1  0  0  0  1  1  1  1  0  1  1  1  1  0  1  0  0  0  1  1  0  1  1  1  0  0  0  1  0  0  0  1  1  1 -434.75       1   0.075
353  1  0  0  0  0  0  1  1  1  0  1  0  1  0  0  1  1  1  1  1  1  1  1  0  0  0  0  1  0  1  0  0  0  1  0  0  1  1  1  1 -434.75       1   0.075
361  1  0  0  0  1  0  1  1  0  0  0  1  1  0  0  1  1  1  1  1  1  1  0  0  1  0  0  1  1  1  0  0  0  0  0  0  1  1  1  1 -434.75       1     0.1
418  1  0  0  0  1  0  0  0  0  0  0  1  1  0  0  1  1  1  1  0  1  1  0  0  0  1  0  1  1  0  0  1  0  1  0  0  1  1  1  1 -434.75       1   0.125
41   1  0  0  0  1  0  1  1  1  0  0  1  1  0  0  1  1  0  1  0  1  1  0  0  1  1  0  1  0  1  1  0  0  0  0  0  0  1  1  1  -434.0       1     0.0
42   1  0  0  0  0  0  1  1  1  0  0  1  1  1  1  1  1  0  1  0  1  0  1  0  1  1  0  1  0  1  0  0  0  1  0  0  0  1  0  1  -434.0       1     0.0
43   0  0  1  1  0  1  0  0  1  0  1  0  1  0  0  0  1  1  1  1  0  1  1  1  0  0  1  0  1  1  1  0  0  1  0  1  1  0  0  0  -434.0       1     0.0
44   1  0  0  0  1  0  1  1  0  0  0  1  1  1  0  1  1  1  1  1  1  1  0  0  0  1  0  1  0  0  0  0  0  0  0  1  0  1  1  1  -434.0       1     0.0
126  1  0  0  0  1  0  1  0  1  0  0  1  1  0  0  1  1  1  1  1  1  1  1  0  0  1  0  1  1  1  0  0  0  0  0  0  1  1  1  1  -434.0       1   0.025
152  0  0  1  0  0  0  0  1  1  1  1  0  0  1  1  0  0  0  0  1  1  0  1  1  1  0  1  0  0  1  1  0  1  1  1  1  0  0  1  0  -434.0       1   0.025
197  0  1  1  1  0  1  0  0  0  1  1  0  0  1  1  0  0  1  0  1  0  0  1  1  0  0  1  0  0  1  1  1  1  1  1  1  0  0  0  0  -434.0       1   0.075
212  0  1  1  1  0  1  0  0  0  0  1  0  0  1  1  0  0  1  0  1  0  1  1  1  0  0  1  1  1  0  1  0  1  1  1  1  1  0  0  1  -434.0       1    0.05
239  1  0  0  0  1  1  0  0  1  0  0  1  1  0  0  1  1  1  1  0  1  1  0  0  1  1  0  1  1  0  0  0  0  0  1  0  0  1  1  1  -434.0       1   0.075
251  0  1  1  1  0  1  0  1  0  1  1  0  0  1  0  0  0  1  0  0  1  0  1  1  1  0  1  1  1  0  1  0  1  0  1  1  0  0  0  0  -434.0       1    0.05
266  1  1  1  1  0  1  0  0  0  0  1  0  0  1  0  0  0  1  0  1  1  0  1  1  1  0  1  0  1  1  1  0  1  0  1  1  0  0  0  0  -434.0       1    0.05
297  0  1  1  1  0  1  0  0  1  1  1  0  0  1  0  0  0  0  0  1  1  0  1  1  0  0  1  0  1  0  1  1  1  1  1  1  0  0  0  0  -434.0       1     0.1
324  1  0  0  0  1  0  1  0  1  0  0  0  1  0  0  0  1  1  1  1  1  1  0  0  1  1  0  1  1  1  0  0  0  0  0  0  0  1  0  1  -434.0       1   0.075
498  1  0  0  0  1  1  0  0  1  0  0  1  1  0  0  1  1  1  1  1  1  1  0  0  1  0  0  1  1  0  0  0  0  1  0  0  0  1  1  1  -434.0       1    0.15
45   1  0  0  0  1  0  0  1  1  0  1  1  1  0  0  1  1  1  1  0  1  1  1  0  0  1  0  1  0  1  0  0  0  0  0  0  1  1  1  1 -433.75       1     0.0
46   0  1  1  1  0  1  0  1  1  1  1  0  0  1  0  0  0  1  0  1  1  0  1  0  0  0  1  1  1  1  1  0  0  1  1  1  0  0  0  0 -433.75       1     0.0
79   1  0  0  0  1  0  1  0  1  0  0  1  1  0  0  1  1  1  1  0  1  1  0  0  0  1  0  1  0  1  0  1  0  1  0  0  1  1  1  1 -433.75       1   0.025
82   0  1  1  1  1  1  0  0  1  1  1  0  0  1  1  0  0  0  0  1  0  0  1  1  0  0  1  1  1  1  0  0  1  1  1  1  0  0  0  0 -433.75       1   0.025
103  1  0  0  0  1  0  1  0  1  0  0  1  1  0  0  1  1  1  1  0  1  1  0  0  1  1  0  1  1  1  0  0  0  0  0  0  1  1  1  1 -433.75       1   0.025
136  0  1  1  1  0  1  1  0  1  1  1  0  0  0  1  0  0  0  0  1  0  0  1  1  0  0  1  1  0  0  1  1  1  1  0  1  0  0  0  0 -433.75       1   0.025
141  0  0  1  1  0  1  0  1  1  1  0  0  0  1  0  0  0  0  0  1  0  0  1  1  1  0  1  0  0  1  1  1  1  1  1  1  0  0  0  0 -433.75       1   0.025
144  0  1  1  0  0  1  0  0  1  1  1  0  0  1  0  0  1  1  0  0  1  0  1  1  1  0  1  0  1  1  1  0  1  1  1  1  0  0  0  0 -433.75       1   0.025
178  1  0  1  0  1  0  1  0  1  0  0  0  1  0  0  0  1  1  1  0  1  0  1  0  0  0  1  1  1  1  0  0  0  1  0  0  1  1  0  1 -433.75       1   0.025
181  0  1  1  1  1  1  0  0  1  1  1  0  0  1  0  0  0  1  0  1  0  0  1  1  1  0  1  1  0  1  1  0  1  0  1  1  0  0  0  0 -433.75       1   0.025
185  1  1  1  1  0  0  1  1  0  0  1  0  0  0  0  0  0  1  0  1  1  0  0  0  1  0  1  0  1  0  0  1  1  1  0  1  1  0  1  0 -433.75       1   0.025
225  1  0  1  0  1  1  0  1  1  0  1  1  1  0  0  1  1  1  1  0  1  1  0  0  0  1  0  1  0  0  0  0  0  0  0  0  1  1  1  1 -433.75       1   0.075
229  0  1  1  1  0  1  0  0  1  1  1  0  0  1  0  0  0  1  0  0  1  0  1  1  1  0  1  0  0  1  1  0  1  0  1  1  0  0  0  0 -433.75       1    0.05
237  1  0  0  0  1  0  1  0  1  0  1  1  1  0  0  1  1  1  1  0  1  1  0  0  0  1  0  1  0  1  0  0  0  0  1  0  1  1  1  1 -433.75       1   0.075
282  0  0  1  1  0  1  0  0  1  1  1  0  0  1  0  0  0  1  0  1  0  1  1  1  1  0  1  0  1  0  0  1  1  1  1  1  1  0  0  0 -433.75       1    0.05
290  0  1  1  1  0  1  0  1  1  1  1  0  0  1  0  0  0  1  0  1  0  0  1  1  1  0  1  0  1  1  1  0  1  0  1  1  0  0  0  0 -433.75       1    0.05
310  1  0  0  0  1  0  0  0  1  0  0  0  1  0  0  1  1  0  1  0  1  1  0  0  1  1  1  1  1  1  1  1  0  0  0  0  1  1  1  1 -433.75       1   0.075
317  1  0  0  0  1  1  1  0  1  0  0  1  1  0  0  1  1  1  1  0  1  1  0  0  0  1  0  1  0  0  0  0  0  0  0  1  0  1  1  1 -433.75       1   0.075
327  0  1  1  1  0  1  1  0  0  0  1  0  1  1  0  0  0  1  0  1  1  1  1  1  0  0  1  0  1  1  1  1  0  0  1  1  0  0  0  0 -433.75       1   0.075
374  1  0  1  0  1  0  0  0  0  0  0  1  1  0  0  0  1  1  1  1  1  1  0  0  0  0  0  1  1  1  0  0  0  0  0  1  1  1  1  1 -433.75       1   0.075
431  1  0  0  0  1  0  1  1  1  0  1  1  1  0  1  1  1  0  1  0  1  1  0  0  0  1  0  1  0  1  0  0  0  1  0  0  0  1  1  1 -433.75       1   0.125
47   0  1  1  1  0  1  0  0  0  0  1  0  0  1  1  0  0  1  1  1  0  0  1  0  0  0  1  0  0  1  0  1  1  1  1  1  0  1  0  1  -433.0       1     0.0
48   1  1  1  0  1  1  1  0  1  0  0  1  1  1  0  1  0  0  0  0  1  1  0  0  0  1  0  1  1  1  0  0  0  0  0  1  0  0  1  1  -433.0       1     0.0
49   0  0  1  1  0  1  1  1  0  1  1  0  0  0  0  0  0  1  0  1  1  1  1  1  1  0  1  1  1  0  0  1  1  0  0  1  0  0  0  0  -433.0       1     0.0
146  1  0  0  0  1  1  0  0  0  0  1  0  1  0  1  0  1  1  1  0  1  1  0  0  0  1  0  1  1  1  0  1  0  0  0  1  1  0  1  1  -433.0       1   0.025
191  1  0  0  0  1  0  1  1  1  0  0  1  1  0  0  1  1  0  1  0  1  1  0  0  0  1  0  1  1  1  0  1  0  0  1  0  1  1  1  1  -433.0       1    0.05
208  1  0  0  0  1  1  1  0  1  0  0  0  1  0  0  0  1  0  1  1  1  1  0  0  0  0  1  0  0  1  0  1  1  1  1  0  0  1  1  1  -433.0       1   0.025
250  0  1  1  1  0  0  0  0  1  1  1  0  0  1  1  0  0  1  0  0  1  0  1  1  0  0  1  0  0  1  1  1  1  1  1  1  0  0  0  0  -433.0       1   0.075
326  0  1  1  0  0  1  0  1  0  1  1  0  1  1  0  0  0  1  0  1  1  1  1  1  0  0  1  0  1  0  0  0  1  1  0  1  1  0  0  0  -433.0       1    0.05
334  0  1  1  1  0  1  0  0  0  0  1  0  0  1  0  0  0  0  1  1  0  0  1  1  1  0  1  0  0  1  1  1  1  1  1  1  0  0  0  1  -433.0       1   0.075
335  0  1  1  1  0  1  0  1  0  0  1  0  0  1  0  0  0  0  0  1  0  0  1  1  1  0  1  0  1  1  1  0  1  1  0  1  0  0  0  0  -433.0       1   0.075
442  1  0  0  0  1  0  0  0  1  0  1  1  1  0  0  1  1  1  1  0  1  1  0  0  0  1  0  1  0  1  0  0  0  1  0  0  1  1  1  1  -433.0       1    0.15
474  1  0  0  0  1  0  0  0  1  0  0  1  1  1  1  1  1  1  1  0  1  1  0  0  0  1  0  1  1  1  0  1  0  0  0  0  1  1  1  1  -433.0       1   0.125
50   1  0  1  0  0  1  1  1  1  0  0  0  0  0  0  0  1  1  1  0  1  0  0  0  0  0  1  1  1  1  0  0  0  1  1  0  1  1  0  1 -432.75       1     0.0
51   0  0  0  0  1  1  0  1  1  0  0  0  1  1  0  1  1  0  1  1  1  0  1  0  1  0  1  0  1  1  0  0  0  0  0  0  1  1  0  1 -432.75       1     0.0
52   1  0  1  1  0  1  1  0  1  0  1  0  1  0  0  1  1  1  0  0  1  1  1  0  0  0  0  1  0  0  0  0  0  1  1  0  1  1  1  1 -432.75       1     0.0
53   0  0  1  1  0  1  1  0  1  0  1  0  0  1  0  0  0  1  0  1  1  0  1  1  0  0  1  0  1  1  0  1  0  1  1  1  0  1  0  1 -432.75       1     0.0
160  1  0  0  0  0  0  0  0  1  0  1  1  1  0  0  1  1  1  1  1  1  1  0  0  0  1  0  1  0  1  0  0  0  0  0  0  1  1  1  1 -432.75       1    0.05
161  0  0  1  1  0  0  1  1  1  0  1  0  0  1  1  0  0  0  0  1  1  0  1  1  1  0  1  0  0  1  0  0  1  1  0  1  1  0  0  0 -432.75       1   0.025
164  1  0  0  0  1  0  0  0  1  0  0  1  1  0  0  1  1  1  1  1  1  1  0  0  0  1  0  1  0  1  0  0  0  0  0  0  1  1  1  1 -432.75       1    0.05
172  0  1  1  1  0  1  0  1  0  1  1  0  0  0  0  0  0  1  0  1  0  0  0  1  0  0  1  0  0  1  1  1  1  1  1  1  1  0  0  0 -432.75       1   0.025
189  0  1  1  1  0  1  0  0  1  0  1  0  0  1  0  0  0  1  0  1  1  0  1  1  0  0  1  0  1  1  1  0  1  0  1  1  0  0  0  0 -432.75       1    0.05
203  0  1  1  1  0  1  0  0  0  1  1  0  0  1  0  0  0  1  0  1  0  0  1  1  0  0  1  0  0  0  1  0  1  1  1  1  0  0  0  0 -432.75       1   0.075
227  1  0  0  0  1  0  1  1  1  0  0  1  1  0  0  1  1  1  1  1  1  1  0  0  1  1  0  0  0  1  0  0  0  0  0  0  1  1  1  1 -432.75       1   0.075
278  1  0  0  0  1  0  0  1  1  0  1  1  1  0  0  1  1  1  1  1  1  0  1  0  1  1  0  1  0  1  0  0  0  0  0  0  0  1  1  1 -432.75       1   0.075
295  0  1  1  1  0  1  0  1  1  1  1  0  0  1  0  0  0  1  1  1  0  0  1  1  1  0  1  0  0  1  1  0  1  0  0  1  0  0  0  1 -432.75       1    0.05
300  0  0  1  1  0  1  1  1  1  1  1  0  1  1  1  0  0  0  0  1  0  0  1  1  0  0  1  0  0  1  1  0  1  1  0  1  1  0  0  0 -432.75       1    0.05
363  1  0  0  0  1  0  1  1  1  0  0  1  1  0  0  1  1  1  1  0  1  0  0  0  0  1  0  1  0  1  0  0  0  0  0  0  1  1  1  1 -432.75       1   0.075
395  0  1  1  1  0  1  0  1  1  1  1  0  0  1  0  0  0  0  0  1  0  0  1  1  0  0  1  1  0  1  1  0  1  0  1  1  0  0  0  0 -432.75       1     0.1
422  1  0  0  0  1  0  1  1  1  0  0  1  1  0  0  1  1  1  1  1  1  1  0  0  0  1  0  1  0  1  0  0  0  0  0  0  1  1  1  1 -432.75       1    0.15
440  1  0  0  0  1  1  1  0  0  0  0  1  1  0  0  1  1  0  1  1  1  1  0  0  0  1  0  1  0  1  0  0  0  0  0  0  1  1  1  1 -432.75       1    0.15
456  1  0  0  0  1  0  1  1  1  1  0  0  1  0  1  1  1  1  1  1  1  1  0  0  0  1  0  1  1  1  0  0  0  0  0  0  0  1  0  1 -432.75       1     0.1
494  0  1  1  1  0  0  0  1  0  0  1  0  0  1  1  0  0  0  0  1  0  0  1  1  1  0  1  0  1  1  1  1  1  1  0  1  0  0  0  0 -432.75       1    0.15
54   1  0  1  0  0  1  0  1  0  0  1  0  0  0  0  1  1  1  0  0  1  1  1  1  1  0  1  1  1  1  0  0  0  1  0  1  0  0  0  1  -432.0       1     0.0
55   0  0  1  0  0  1  1  1  1  0  1  0  1  0  0  1  0  1  0  0  1  1  1  1  0  0  1  0  0  1  0  1  1  0  1  0  0  0  1  1  -432.0       1     0.0
56   1  0  0  0  1  1  1  1  1  0  1  1  1  0  0  1  1  1  1  0  1  1  0  0  0  0  0  1  0  1  0  0  1  1  0  0  0  1  1  1  -432.0       1     0.0
57   0  1  1  1  1  1  1  0  1  0  0  0  0  1  1  0  0  0  0  0  1  0  1  0  0  0  1  1  1  1  0  0  1  0  0  1  0  1  0  0  -432.0       1     0.0
179  1  0  0  0  0  0  0  1  1  0  1  1  1  0  0  1  1  1  1  0  1  1  0  0  1  1  0  1  0  1  0  0  0  0  0  0  1  1  1  1  -432.0       1    0.05
204  1  0  0  0  1  0  0  0  1  1  0  1  1  0  0  1  1  1  1  0  0  1  0  0  0  1  0  1  1  1  0  0  0  1  0  0  1  1  1  1  -432.0       1    0.05
261  1  0  0  0  1  0  0  1  1  0  0  1  1  0  0  1  1  1  1  1  1  1  0  0  0  1  0  1  1  0  0  0  0  0  0  0  1  1  1  1  -432.0       1    0.05
311  1  0  0  0  1  1  1  0  1  0  0  1  1  0  0  1  1  1  1  0  1  1  0  0  0  1  0  1  0  1  0  0  0  0  0  0  1  1  1  1  -432.0       1   0.075
331  1  0  1  0  1  0  0  0  1  0  0  1  1  0  0  1  1  1  1  0  1  1  0  0  0  1  0  1  1  1  0  1  0  0  1  0  1  1  1  1  -432.0       1   0.075
459  1  0  0  0  1  0  1  0  0  0  0  1  1  1  0  1  1  1  1  1  1  1  0  0  0  1  0  1  0  0  0  0  0  1  0  0  1  1  1  1  -432.0       1    0.15
58   1  0  1  1  0  1  0  0  0  0  1  0  1  1  0  1  1  1  0  1  1  1  1  1  0  0  0  0  1  0  0  1  1  1  1  0  0  0  0  1 -431.75       1     0.0
59   0  1  1  1  0  1  0  0  1  1  1  0  1  1  0  0  0  1  0  0  1  0  1  1  1  0  1  0  0  1  1  0  1  1  1  1  0  0  0  0 -431.75       1     0.0
60   1  1  0  1  1  1  0  1  1  0  1  0  0  1  0  0  1  1  1  1  0  1  1  0  0  0  1  1  1  0  1  0  0  0  0  0  1  0  0  1 -431.75       1     0.0
143  0  1  1  1  0  1  1  0  1  1  1  0  0  1  0  0  0  1  0  1  0  0  1  1  0  0  1  0  0  1  1  1  1  1  1  1  0  0  0  0 -431.75       1    0.05
210  0  1  1  1  0  1  0  1  1  0  1  1  0  1  0  0  0  1  0  1  0  0  1  1  0  0  1  0  0  0  1  1  1  1  1  1  0  0  0  1 -431.75       1    0.05
215  0  1  1  1  0  1  0  0  0  1  1  0  0  1  0  0  0  1  0  1  0  0  1  1  0  0  1  0  0  1  1  1  1  1  1  1  0  0  0  0 -431.75       1   0.075
224  1  0  0  0  1  0  1  0  1  0  0  1  1  0  0  1  1  1  1  0  1  1  0  0  0  1  0  1  1  1  0  0  0  1  0  0  1  1  1  1 -431.75       1   0.075
268  1  0  0  0  1  0  0  0  1  0  0  1  1  0  0  1  1  1  1  0  1  1  0  0  1  1  0  0  0  1  1  0  1  0  1  0  1  1  1  1 -431.75       1    0.05
292  0  0  0  0  1  1  1  0  1  0  0  1  1  0  0  1  1  1  1  0  1  1  1  0  0  1  0  1  1  1  0  0  0  0  0  0  1  1  1  1 -431.75       1    0.05
308  1  0  0  0  1  0  1  0  1  0  0  1  1  0  0  1  1  1  1  0  1  1  0  0  0  1  0  1  1  1  0  0  0  1  0  0  1  1  1  1 -431.75       1   0.125
345  1  0  0  0  1  0  1  1  1  0  0  1  1  1  0  1  1  1  1  0  1  1  0  0  0  1  0  1  1  1  0  0  0  0  0  0  1  0  1  1 -431.75       1   0.075
355  0  1  1  1  0  1  0  1  1  1  1  0  0  1  0  0  0  1  0  1  0  0  1  1  0  0  1  0  0  1  1  1  1  0  1  1  0  0  0  1 -431.75       1   0.075
380  1  0  0  0  1  0  0  1  1  0  0  1  1  0  0  1  1  1  1  0  1  1  0  0  1  1  0  1  0  1  0  1  0  0  0  0  1  1  1  1 -431.75       1   0.125
393  1  0  0  0  1  0  1  1  1  0  0  1  1  0  0  1  1  0  1  0  1  1  0  0  0  1  0  1  0  1  0  0  0  0  0  0  1  1  1  1 -431.75       1    0.15
465  1  0  0  0  1  0  1  0  1  0  0  1  1  0  0  1  1  0  1  0  1  1  0  0  1  0  0  1  1  1  0  0  0  0  0  0  1  1  1  1 -431.75       1     0.1
104  1  0  0  0  1  0  0  0  1  0  0  1  1  0  0  1  1  1  1  0  1  1  0  0  1  1  0  1  1  0  0  0  0  0  1  0  1  1  1  1  -431.0       1    0.05
186  0  0  0  0  1  1  1  0  1  0  1  1  1  1  0  1  1  1  1  1  1  0  0  0  0  1  0  0  0  1  0  0  0  0  0  0  1  1  1  1  -431.0       1   0.025
254  0  1  1  1  0  1  0  0  0  1  1  0  0  1  1  0  0  0  0  1  1  1  1  1  0  0  1  1  0  1  1  0  1  1  1  1  1  0  0  0  -431.0       1    0.05
262  1  0  1  0  1  0  1  0  1  0  0  1  1  0  0  1  1  1  1  0  1  1  0  0  0  1  0  1  1  0  0  0  1  0  1  0  1  1  1  1  -431.0       1   0.075
271  1  0  0  0  1  1  1  0  1  0  0  1  1  0  0  1  1  0  1  0  1  1  0  0  0  1  0  1  0  1  0  0  1  0  0  0  1  1  1  1  -431.0       1   0.075
279  1  1  1  0  1  0  1  0  1  0  0  1  1  0  0  1  1  0  1  0  1  0  1  0  1  1  0  1  0  1  0  0  0  1  0  0  0  1  0  1  -431.0       1    0.05
305  1  0  0  0  1  0  0  0  1  0  0  1  1  0  0  1  1  1  1  1  1  1  0  0  0  0  0  1  1  1  0  0  0  1  0  0  1  1  1  1  -431.0       1     0.1
320  1  0  0  0  1  1  1  0  1  0  0  1  1  0  0  1  1  1  1  0  1  1  0  0  0  1  0  1  0  1  0  1  0  1  0  0  0  0  1  1  -431.0       1   0.075
340  1  0  1  0  1  0  1  0  1  0  0  1  1  0  0  1  1  1  1  0  1  1  0  0  0  1  0  1  0  1  1  0  0  0  1  0  1  1  1  1  -431.0       1   0.075
401  1  0  1  0  1  0  0  0  1  0  0  1  1  0  0  0  1  1  1  0  1  1  0  0  0  1  0  1  0  1  0  1  0  1  0  0  1  1  1  1  -431.0       1   0.075
421  1  1  1  1  0  1  0  0  0  1  1  0  0  1  0  0  0  1  0  1  1  0  1  1  0  0  1  0  0  1  0  1  1  1  1  1  0  0  0  0  -431.0       1   0.075
458  1  0  0  0  1  0  0  0  1  0  0  1  1  0  1  1  1  0  1  0  1  1  0  0  0  1  0  1  0  1  0  0  1  1  0  0  1  1  1  1  -431.0       1    0.15
63   0  1  1  1  0  1  0  1  0  0  0  0  0  0  1  0  0  1  0  1  1  0  1  1  0  0  1  0  1  1  0  0  1  1  1  1  1  0  0  0 -430.75       1     0.0
64   0  0  1  1  0  1  0  0  1  1  1  0  1  1  0  0  0  1  0  1  1  0  1  1  1  0  1  0  0  1  1  0  1  1  1  1  0  0  0  0 -430.75       1     0.0
65   1  0  0  0  0  1  1  1  1  0  0  1  1  0  0  1  1  0  1  0  1  1  0  0  1  1  0  1  1  1  0  0  0  0  0  0  1  1  1  1 -430.75       1     0.0
193  1  0  0  0  1  0  1  0  1  0  0  1  1  0  0  1  1  0  1  0  1  1  0  0  0  0  1  1  1  1  0  0  1  0  1  0  0  0  1  1 -430.75       1   0.025
248  1  0  0  0  1  0  0  0  1  0  0  1  1  0  0  1  1  1  1  0  1  1  0  0  1  1  0  1  1  0  0  0  0  0  0  0  1  1  1  1 -430.75       1     0.1
283  1  0  0  0  1  0  1  0  1  0  0  1  1  0  0  1  1  0  1  0  1  1  0  0  1  1  0  1  0  1  0  1  0  0  1  0  1  1  1  1 -430.75       1     0.1
291  0  1  1  1  0  1  0  0  0  1  1  1  0  1  1  0  0  0  0  0  0  0  1  1  0  0  1  0  0  1  1  1  1  1  1  1  0  0  0  0 -430.75       1   0.075
314  1  0  0  0  1  0  1  1  1  0  0  1  1  0  0  1  1  0  1  1  1  1  0  0  1  1  0  1  0  1  0  0  0  0  0  0  1  1  1  1 -430.75       1   0.125
359  1  0  0  0  1  0  1  0  1  0  0  1  1  1  0  1  1  1  1  0  1  1  0  0  0  1  0  1  1  1  0  0  0  1  0  0  1  1  0  1 -430.75       1   0.075
375  0  1  1  1  1  1  0  1  0  1  1  0  0  1  0  0  0  1  0  1  0  0  1  1  1  0  1  0  1  1  1  0  1  0  1  1  0  0  0  0 -430.75       1     0.1
392  1  0  0  0  1  0  0  1  1  0  0  0  1  0  0  1  1  1  1  0  1  0  0  0  1  1  1  0  0  1  0  1  0  0  1  0  1  0  1  1 -430.75       1   0.075
419  1  0  0  0  1  0  1  1  0  0  1  0  1  0  0  1  1  0  1  0  1  1  0  0  0  1  0  0  1  1  0  0  0  1  0  0  1  1  1  1 -430.75       1     0.1
425  1  0  0  0  1  0  1  1  1  0  0  1  1  0  0  1  1  1  1  0  1  1  1  0  0  1  0  1  0  1  0  0  0  0  0  0  1  1  1  1 -430.75       1    0.15
430  1  0  0  0  1  0  0  0  0  0  0  1  1  0  1  1  1  1  1  0  1  1  0  0  1  1  0  1  0  1  0  0  0  1  0  0  0  1  1  1 -430.75       1     0.1
69   1  0  1  0  1  0  0  1  0  0  1  1  1  0  0  0  1  1  1  0  1  1  1  0  1  0  1  1  1  1  0  0  0  0  1  0  0  1  1  1  -430.0       1     0.0
70   1  0  0  1  0  1  1  1  1  0  0  0  1  1  0  0  1  1  0  0  1  0  1  0  1  0  1  0  1  1  1  0  0  1  0  1  1  0  0  0  -430.0       1     0.0
71   1  0  1  0  1  1  1  0  1  0  0  0  1  0  0  0  1  1  1  1  1  0  0  0  0  1  1  0  1  0  0  1  0  1  0  0  1  0  1  1  -430.0       1     0.0
72   1  0  0  0  1  1  0  0  0  0  1  0  1  0  0  0  1  1  1  0  0  1  1  1  0  0  0  1  0  1  0  1  0  1  0  1  1  1  1  1  -430.0       1     0.0
73   1  0  1  0  0  0  0  1  1  0  1  1  1  0  0  1  1  1  1  0  1  1  1  0  1  0  0  1  1  1  0  0  1  0  0  0  0  1  1  1  -430.0       1     0.0
74   0  1  1  1  0  1  0  0  1  0  1  0  0  0  0  0  1  1  0  1  1  0  1  1  1  0  1  1  1  1  0  0  1  1  0  0  1  0  0  0  -430.0       1     0.0
75   0  0  1  0  0  1  0  1  1  1  0  0  0  1  0  0  0  0  1  1  1  0  1  1  1  0  1  0  0  1  1  0  1  0  1  1  0  0  0  0  -430.0       1     0.0
130  0  1  1  1  0  1  0  0  0  1  1  0  0  1  0  0  0  1  0  1  1  1  1  1  0  0  1  0  1  0  1  1  1  0  1  1  0  0  0  0  -430.0       1   0.025
163  0  1  1  0  0  1  0  0  0  1  1  0  0  1  0  0  0  0  0  1  1  0  1  1  1  0  1  0  1  1  1  0  1  1  1  1  0  1  0  0  -430.0       1   0.025
187  1  0  0  0  1  1  0  1  1  0  1  1  1  0  0  1  1  1  1  1  1  1  0  0  1  0  0  1  1  1  0  0  0  0  0  0  1  0  1  1  -430.0       1   0.025
207  1  0  0  0  1  0  0  1  0  0  0  1  1  0  0  1  1  1  1  0  1  1  0  0  1  1  0  0  1  1  0  0  0  1  0  0  1  1  1  1  -430.0       1    0.05
221  1  0  1  0  1  0  0  0  1  0  1  1  1  0  0  0  1  1  1  0  1  1  0  0  0  0  0  1  0  0  0  0  0  0  1  0  1  1  1  1  -430.0       1    0.05
234  1  0  0  0  1  0  1  0  1  0  0  1  1  0  0  1  1  1  1  0  1  1  0  0  0  1  0  1  0  1  0  0  0  1  0  0  1  1  1  1  -430.0       1   0.075
265  1  0  0  0  1  0  1  1  1  0  0  1  1  0  0  1  1  1  1  1  1  1  0  0  1  0  0  1  1  1  0  0  0  0  0  0  1  1  1  1  -430.0       1   0.075
390  1  0  0  0  1  0  0  1  1  0  0  1  1  0  1  1  1  1  1  0  1  1  0  0  1  1  0  1  1  1  0  0  0  1  0  0  0  1  1  1  -430.0       1   0.125
416  1  0  0  0  1  0  1  0  1  0  0  1  1  0  0  1  1  1  1  0  1  1  0  0  0  1  0  1  0  1  0  0  0  1  0  0  1  1  1  1  -430.0       1    0.15
426  1  0  0  0  1  0  0  1  0  0  0  1  1  0  0  1  1  0  1  0  1  1  0  0  1  1  0  1  1  1  0  0  0  1  0  0  1  1  1  1  -430.0       1   0.125
443  1  0  0  0  1  0  0  0  1  0  0  1  1  0  0  1  1  1  1  0  1  1  0  0  0  1  0  1  0  1  0  0  0  0  1  0  0  1  1  1  -430.0       1   0.125
446  1  0  0  0  1  0  1  1  0  0  0  1  1  0  0  1  1  1  1  0  1  1  0  0  0  1  0  1  0  1  0  0  0  1  0  0  1  1  1  1  -430.0       1    0.15
449  0  1  1  1  0  1  1  0  1  1  1  0  0  1  1  0  0  1  0  1  0  0  1  1  0  0  1  0  0  0  1  1  1  0  1  1  0  0  0  0  -430.0       1    0.15
477  1  0  0  0  1  0  1  1  1  0  0  1  1  0  0  1  1  1  1  0  1  1  1  0  0  1  0  1  0  0  0  0  0  0  0  0  1  1  1  1  -430.0       1   0.175
479  1  0  0  0  1  0  1  0  1  0  0  1  1  0  0  1  1  1  1  0  1  1  0  0  0  1  0  1  0  1  0  0  0  1  0  0  1  1  1  1  -430.0       1   0.225
76   1  1  0  0  1  0  1  0  0  0  1  0  1  0  0  1  1  1  1  0  1  1  0  0  1  1  0  1  1  1  0  0  0  1  0  0  1  1  1  0 -429.75       1     0.0
102  1  0  0  0  1  0  1  1  1  0  0  1  1  0  0  1  1  1  1  0  1  1  0  0  1  1  0  1  0  1  0  0  0  0  0  0  1  1  1  1 -429.75       1   0.025
159  1  0  0  0  1  0  1  0  1  0  0  1  1  0  0  1  1  1  1  0  1  1  0  0  1  1  0  1  0  1  0  1  0  0  1  0  1  0  1  1 -429.75       1   0.025
213  1  0  0  0  1  1  1  0  0  0  1  1  1  0  0  1  1  1  1  0  1  1  0  0  1  1  0  1  0  1  0  0  0  0  0  0  1  1  1  1 -429.75       1    0.05
318  1  0  0  0  1  0  0  1  1  0  0  1  1  0  0  1  1  1  1  0  1  1  0  0  1  1  1  1  0  1  0  0  0  0  0  0  1  1  1  1 -429.75       1    0.05
339  1  0  0  0  1  0  1  1  1  0  0  1  1  0  0  1  1  1  1  0  1  1  0  0  1  1  0  1  0  1  0  0  0  0  0  0  1  1  1  1 -429.75       1   0.125
344  0  1  1  1  0  1  0  0  0  1  1  0  0  1  0  0  0  0  0  1  1  0  1  1  0  0  1  0  0  1  1  0  1  1  1  1  0  0  0  1 -429.75       1    0.05
349  0  1  1  1  0  1  0  0  0  1  1  0  0  1  0  0  0  1  1  0  0  0  1  1  1  0  1  0  1  1  1  0  1  0  1  1  0  0  0  0 -429.75       1   0.075
367  1  0  0  0  1  1  1  0  1  0  0  1  1  0  0  1  1  1  1  1  1  1  0  0  0  1  0  1  0  0  0  0  0  1  0  0  1  1  1  1 -429.75       1   0.125
382  1  0  0  0  1  0  0  0  1  0  0  1  1  0  1  1  1  1  1  1  1  1  0  0  0  1  0  1  0  1  0  0  0  1  0  0  1  1  1  1 -429.75       1     0.1
387  1  0  0  0  1  0  1  1  1  0  0  0  1  0  0  1  1  0  1  1  1  1  0  0  0  0  1  1  0  1  0  1  0  1  0  0  1  1  1  1 -429.75       1   0.075
415  1  0  0  0  1  0  0  1  1  0  0  1  1  0  1  1  1  1  1  0  1  1  0  0  0  1  0  1  0  1  0  0  0  1  0  0  1  1  1  1 -429.75       1   0.175
429  0  1  1  1  0  1  0  0  1  1  1  0  0  1  0  0  1  1  0  1  1  0  1  1  0  0  1  0  1  0  1  0  1  0  1  1  0  0  0  1 -429.75       1   0.075
484  1  0  0  0  1  0  1  0  0  0  0  1  1  0  0  1  1  1  1  0  1  1  0  0  0  1  0  1  0  1  0  0  0  1  0  0  1  1  1  1 -429.75       1     0.2
196  1  0  0  0  1  0  0  0  1  0  0  0  1  0  1  0  1  1  1  0  1  1  0  0  1  0  0  1  1  1  0  0  1  1  0  0  1  1  1  1  -429.0       1   0.025
201  1  1  1  1  1  0  0  0  0  0  0  1  0  1  0  0  0  1  0  1  0  0  1  1  1  0  1  0  0  1  1  0  1  1  0  1  0  0  0  0  -429.0       1   0.025
209  1  0  0  0  0  0  0  0  1  1  0  1  1  0  0  1  1  1  1  0  1  1  0  0  1  1  0  1  1  0  0  0  0  1  0  0  1  1  1  1  -429.0       1    0.05
231  1  0  1  0  1  1  1  0  1  0  1  0  1  0  0  1  1  1  0  0  0  1  1  0  0  1  1  0  0  0  0  0  0  1  1  1  0  0  1  1  -429.0       1   0.025
232  0  1  1  1  0  1  0  0  0  0  1  0  0  1  0  0  1  1  0  1  1  0  1  1  0  0  1  1  0  0  1  0  1  0  1  1  0  0  0  0  -429.0       1    0.05
263  1  0  0  0  1  0  1  0  1  0  0  1  1  0  0  1  1  1  1  0  1  1  0  0  0  1  0  0  0  0  0  0  0  1  1  1  1  1  1  1  -429.0       1    0.05
293  1  0  0  0  1  0  1  1  1  0  0  1  1  0  0  1  1  1  1  0  1  1  0  0  1  1  0  1  0  0  0  0  0  0  0  0  1  1  1  1  -429.0       1   0.125
313  0  1  1  1  0  1  0  0  1  1  1  0  0  1  1  0  0  0  0  1  0  0  1  1  0  0  0  0  1  1  1  1  1  1  1  1  0  0  0  0  -429.0       1   0.075
315  1  0  0  0  1  0  1  1  1  0  0  1  1  0  0  0  1  0  1  0  1  1  0  0  0  1  0  1  0  1  0  0  1  1  0  0  0  1  0  1  -429.0       1   0.075
341  1  0  0  0  1  0  0  1  0  0  0  1  0  0  0  1  1  1  1  0  1  1  0  0  0  1  0  1  0  1  0  1  0  1  1  0  1  1  1  1  -429.0       1    0.05
352  1  0  0  0  1  0  1  1  0  0  1  1  1  0  0  1  0  0  1  0  1  1  0  0  0  1  0  1  0  1  0  0  0  0  0  0  1  1  1  1  -429.0       1     0.1
389  1  0  0  0  0  1  0  1  1  0  0  1  1  0  0  1  1  1  1  0  1  1  0  0  0  1  0  1  0  1  0  0  0  1  0  1  0  1  1  1  -429.0       1   0.075
391  0  0  0  0  1  0  1  1  1  0  0  1  1  1  0  1  1  1  1  0  1  1  0  0  0  1  0  0  0  0  0  1  0  1  0  0  1  1  1  1  -429.0       1     0.1
404  1  0  0  0  1  0  1  0  1  0  0  1  1  0  0  1  1  0  1  1  1  1  0  0  0  1  0  1  0  1  0  0  0  1  0  0  1  1  1  1  -429.0       1    0.15
406  0  1  1  1  0  1  0  0  0  1  1  0  0  1  1  0  1  0  0  1  1  0  1  1  0  0  1  0  0  1  1  1  1  0  0  1  1  0  0  0  -429.0       1     0.1
437  0  1  1  1  0  0  0  0  1  1  1  0  1  1  0  0  0  0  0  1  1  1  1  1  0  0  1  0  0  1  1  0  1  1  1  1  0  0  0  0  -429.0       1   0.075
451  1  0  0  0  1  0  1  0  1  0  0  0  1  0  0  0  1  0  1  1  1  1  1  0  1  1  1  1  0  1  0  0  0  1  0  0  0  1  1  1  -429.0       1     0.1
462  1  0  0  0  1  1  0  0  1  0  0  1  1  0  1  1  1  1  1  0  0  1  0  0  0  1  0  1  0  1  0  0  0  1  0  0  1  1  1  1  -429.0       1   0.125
491  1  0  0  0  1  1  0  0  0  0  0  1  1  0  0  1  1  1  1  0  1  1  0  0  0  1  0  1  0  1  0  0  0  1  1  0  1  1  1  1  -429.0       1    0.15
80   0  1  0  1  0  1  0  0  0  0  1  0  0  1  0  1  1  0  0  1  1  1  1  1  1  0  1  0  0  1  1  0  1  0  1  1  0  0  0  0 -428.75       1     0.0
81   0  1  1  0  1  0  1  0  0  0  0  0  0  1  0  0  1  0  1  1  1  1  1  0  0  1  0  1  0  1  0  1  1  0  0  1  0  0  1  1 -428.75       1     0.0
148  1  0  0  0  1  1  1  0  1  0  0  0  1  1  0  1  1  0  1  1  1  1  0  0  0  1  0  1  0  1  0  0  0  0  0  1  1  1  1  1 -428.75       1   0.025
220  1  0  0  0  1  0  1  0  1  0  0  1  1  0  0  1  1  1  1  0  1  1  0  0  0  1  0  1  0  0  0  0  0  1  0  0  1  1  1  1 -428.75       1   0.075
332  1  0  0  0  1  0  1  1  1  0  0  1  1  0  0  1  1  0  1  0  1  1  0  0  0  1  0  1  0  1  0  0  0  1  0  0  0  1  1  1 -428.75       1   0.125
333  1  0  0  0  0  0  1  0  1  0  0  1  1  1  0  1  1  1  0  0  1  0  0  0  1  1  1  1  1  0  0  0  0  1  0  1  1  1  1  1 -428.75       1    0.05
383  1  0  0  0  0  0  1  0  1  0  0  1  1  0  0  1  1  1  1  1  1  1  0  0  1  1  0  0  1  1  0  0  0  1  0  0  1  1  1  1 -428.75       1     0.1
394  0  0  1  1  0  1  1  1  1  0  1  0  0  0  0  0  0  1  0  1  0  0  1  1  1  0  1  0  1  0  0  0  1  1  0  1  0  0  0  0 -428.75       1   0.075
436  1  0  0  0  1  0  1  1  1  0  0  1  1  0  0  0  1  0  1  0  1  0  0  0  1  1  0  1  0  1  0  0  0  1  0  0  1  1  1  1 -428.75       1   0.125
460  1  1  0  0  1  0  0  0  1  0  0  1  1  0  0  1  1  1  1  1  1  1  0  0  0  0  0  1  0  0  0  0  0  1  0  0  1  1  1  1 -428.75       1    0.15
480  1  0  0  0  1  0  1  1  1  0  0  1  1  0  0  1  1  1  1  0  1  1  0  0  1  1  0  1  0  1  0  0  0  1  0  0  0  1  1  1 -428.75       1    0.15
85   1  0  0  0  1  1  0  1  1  0  1  0  1  0  1  1  0  1  1  1  0  1  0  1  0  0  1  1  0  1  0  0  0  1  1  0  1  0  1  1  -428.0       1     0.0
176  0  1  1  0  0  1  0  0  1  1  1  0  0  1  1  0  0  0  1  1  1  0  1  1  0  0  1  0  0  1  1  1  1  0  1  1  0  0  0  0  -428.0       1   0.025
180  1  0  0  0  1  1  1  0  1  0  0  1  1  0  0  1  1  0  1  1  1  1  0  0  0  1  0  1  0  1  0  0  0  0  0  0  0  0  1  1  -428.0       1    0.05
222  1  0  0  0  1  0  0  0  1  0  1  1  1  0  1  1  1  1  1  0  1  1  0  0  1  1  0  1  0  0  0  0  0  0  0  0  1  1  1  1  -428.0       1   0.075
258  1  0  1  0  1  0  1  0  1  0  0  1  1  0  0  0  1  1  1  0  1  0  0  0  1  1  0  1  0  1  0  0  0  1  0  0  1  1  1  1  -428.0       1    0.05
267  1  0  0  0  1  0  1  1  1  0  1  1  1  0  0  1  1  1  1  1  1  1  0  0  1  1  0  1  0  1  0  0  0  0  0  0  1  0  1  1  -428.0       1   0.075
277  1  1  0  0  1  0  0  0  1  0  0  1  1  0  0  1  1  0  1  0  1  1  0  0  0  1  0  1  0  1  0  0  0  0  0  0  1  1  1  1  -428.0       1   0.075
301  0  0  0  0  1  0  1  0  1  0  1  0  1  0  1  0  1  1  1  1  1  1  0  0  1  1  0  1  1  1  0  0  0  0  0  0  1  0  1  1  -428.0       1    0.05
417  1  0  0  0  1  0  1  0  1  0  0  1  1  0  0  1  1  1  1  0  1  0  0  0  1  1  0  0  0  1  0  0  0  0  0  0  1  1  1  1  -428.0       1     0.1
468  1  0  0  0  1  1  0  1  1  0  1  1  1  0  0  1  1  0  1  1  1  1  0  0  0  0  0  1  0  1  0  0  0  1  0  0  1  0  1  1  -428.0       1   0.125
469  1  0  0  0  1  1  1  1  0  0  0  1  1  0  0  1  1  1  0  0  1  1  0  0  1  1  0  1  1  1  0  0  0  0  1  0  1  1  1  1  -428.0       1     0.1
483  1  0  0  0  1  0  0  0  1  0  0  1  1  0  1  1  1  1  1  0  1  1  0  0  1  1  0  1  0  1  0  0  0  0  0  0  1  1  1  1  -428.0       1   0.175
496  1  0  0  0  1  1  1  0  1  0  0  1  1  0  0  1  1  1  1  0  1  1  0  0  0  1  0  1  0  0  0  0  0  1  0  0  1  1  1  1  -428.0       1     0.2
90   0  1  1  0  0  0  0  0  1  0  1  0  1  1  1  0  0  1  1  0  1  1  1  0  1  0  1  1  0  1  0  0  1  1  0  1  0  0  0  0 -427.75       1     0.0
91   1  0  1  0  1  0  1  0  1  0  0  1  1  0  0  1  1  1  1  0  0  1  1  0  1  0  1  1  1  1  0  0  0  1  0  0  0  1  0  1 -427.75       1     0.0
158  0  0  1  1  0  1  0  0  0  1  1  1  1  1  0  0  0  1  0  0  1  0  1  1  0  0  1  0  0  1  1  0  1  1  1  1  0  0  0  0 -427.75       1   0.025
167  0  1  1  1  0  0  0  1  0  1  1  0  0  1  0  0  0  1  0  1  0  0  1  1  0  0  1  0  0  0  1  0  1  1  1  1  0  0  0  0 -427.75       1    0.05
183  1  0  1  1  0  0  0  1  1  0  1  0  0  0  0  0  1  1  0  1  1  1  1  0  0  0  1  1  1  1  1  1  1  1  0  1  0  0  0  0 -427.75       1   0.025
200  1  0  1  0  1  0  1  1  0  0  1  1  1  0  0  1  1  1  1  0  1  1  0  0  0  1  0  1  1  0  0  0  0  1  1  0  1  1  1  1 -427.75       1    0.05
259  1  0  0  0  1  0  1  1  1  0  0  1  1  0  1  1  0  0  1  0  1  0  0  1  1  1  1  1  0  1  0  0  0  1  0  0  0  1  1  1 -427.75       1   0.025
303  1  0  0  0  1  0  1  1  1  0  0  1  1  0  0  1  1  1  1  0  1  1  0  0  0  1  0  1  0  1  0  0  0  1  0  0  1  1  1  1 -427.75       1     0.1
329  0  1  1  1  0  1  0  1  1  1  0  0  0  1  0  0  0  1  0  1  1  0  1  1  0  0  1  0  0  1  0  1  1  1  1  1  1  0  0  0 -427.75       1    0.05
360  1  0  0  0  1  0  1  0  1  0  0  1  1  0  0  1  1  0  1  0  1  1  0  0  1  1  0  1  1  1  0  0  0  1  0  0  1  1  1  1 -427.75       1     0.1
378  1  0  0  0  1  1  0  0  1  0  0  1  1  0  0  0  1  0  1  0  1  1  0  0  1  1  0  1  1  1  0  0  0  1  0  0  0  1  1  1 -427.75       1     0.1
433  1  0  0  0  1  1  1  1  1  0  0  1  1  0  0  1  1  0  1  0  1  1  0  0  1  1  0  1  0  1  0  0  0  0  0  0  1  1  1  1 -427.75       1   0.125
434  1  0  0  0  1  0  0  0  1  0  0  1  1  0  0  1  1  1  1  0  1  1  1  0  1  1  0  1  0  0  0  0  1  1  0  0  1  1  1  1 -427.75       1     0.1
438  0  1  1  1  0  1  0  0  0  1  1  0  0  1  1  1  0  0  0  1  1  0  1  1  0  0  1  0  0  1  1  1  1  1  1  1  0  0  0  0 -427.75       1   0.125
447  1  0  0  0  1  0  1  1  1  0  0  1  1  0  0  1  1  1  1  0  1  1  0  0  0  1  0  1  0  1  0  0  0  1  0  0  1  1  1  1 -427.75       1    0.15
476  1  0  0  0  0  0  0  0  1  0  1  1  1  0  0  1  1  1  1  0  1  1  0  0  0  1  0  1  1  1  0  0  0  1  0  0  1  0  1  1 -427.75       1   0.125
94   1  0  1  0  1  1  0  1  1  0  0  0  0  1  0  0  1  0  1  0  0  1  1  1  1  0  0  1  0  1  1  0  0  1  0  1  1  1  0  0  -427.0       1     0.0
243  0  1  1  0  0  1  1  0  0  0  0  0  1  1  1  0  0  1  0  0  1  1  0  1  1  0  0  1  1  1  1  1  1  0  0  1  1  0  0  0  -427.0       1   0.025
286  1  0  0  0  1  0  0  1  1  0  0  1  1  0  0  1  1  1  1  0  1  1  0  0  0  1  0  1  0  1  0  1  1  1  0  0  1  1  1  1  -427.0       1   0.075
289  0  1  1  1  0  1  0  0  0  1  1  1  0  1  0  0  0  1  0  0  1  1  1  1  0  0  1  0  1  1  1  0  1  1  1  1  1  0  0  0  -427.0       1    0.05
307  1  0  0  0  1  0  1  0  1  0  0  1  1  0  0  0  1  1  1  0  1  0  0  0  1  1  0  1  0  1  0  0  0  1  0  1  1  1  1  1  -427.0       1    0.05
336  1  0  0  0  1  0  1  1  1  0  0  1  1  0  0  1  1  1  1  1  1  1  0  0  1  1  0  1  0  1  0  0  0  0  0  0  1  1  1  1  -427.0       1     0.1
358  1  0  0  0  1  0  0  1  1  0  0  1  1  0  0  1  1  0  1  0  1  1  0  0  0  1  0  1  0  1  0  0  0  0  0  0  1  1  1  1  -427.0       1   0.125
396  1  0  0  0  1  0  1  0  1  0  0  1  1  0  0  0  1  1  1  1  1  1  0  0  1  1  0  1  0  0  0  0  0  1  0  0  1  1  1  1  -427.0       1     0.1
400  0  0  1  1  1  1  0  0  1  1  1  0  0  1  1  0  0  1  0  1  1  0  1  1  1  0  1  0  0  0  1  0  1  0  1  1  0  0  0  0  -427.0       1   0.075
403  1  0  0  0  1  0  1  0  1  0  0  1  1  0  0  1  1  1  1  1  1  1  1  0  0  1  0  1  1  1  0  0  0  1  0  0  1  0  1  1  -427.0       1   0.075
441  1  0  0  0  1  0  1  0  1  0  0  1  1  0  0  1  1  1  1  0  1  0  0  0  1  1  0  1  0  1  0  0  0  1  0  0  1  1  1  1  -427.0       1   0.125
445  1  0  0  0  1  0  0  1  1  0  0  1  1  0  0  0  1  0  1  0  1  0  0  0  0  1  1  1  0  1  0  1  0  1  0  0  1  0  1  1  -427.0       1     0.1
478  0  1  1  1  0  1  0  0  0  1  1  1  0  1  0  0  0  1  0  0  0  0  1  1  0  0  1  0  0  1  1  1  0  1  1  1  0  0  0  0  -427.0       1   0.125
492  1  0  0  0  1  1  0  0  1  0  0  1  1  0  0  1  1  1  1  0  1  1  0  0  1  1  0  1  0  1  0  0  0  0  0  0  1  1  1  1  -427.0       1    0.15
95   1  0  0  0  0  0  1  1  1  0  0  1  1  1  0  0  1  1  1  0  1  1  0  0  0  1  1  1  0  1  0  0  0  0  0  1  1  1  1  1 -426.75       1     0.0
97   0  0  1  1  0  1  0  0  1  1  1  0  0  1  0  0  0  0  0  1  1  0  1  1  1  0  1  1  1  1  1  0  1  1  0  1  0  0  0  1 -426.75       1     0.0
98   1  0  1  0  0  1  1  0  1  0  1  1  1  0  0  0  1  1  1  0  1  1  1  0  0  0  1  1  1  1  0  0  0  1  0  1  1  0  0  0 -426.75       1     0.0
230  1  1  0  0  1  1  1  0  1  0  1  1  1  0  0  1  1  1  0  0  1  1  0  0  1  1  0  1  1  1  0  0  0  0  0  0  1  1  1  1 -426.75       1    0.05
253  1  0  0  0  1  0  1  0  1  0  0  1  1  0  1  1  1  1  1  0  1  1  0  0  0  1  1  1  1  0  0  0  0  1  0  0  1  0  1  1 -426.75       1    0.05
270  1  0  0  0  1  1  1  0  1  0  0  1  1  0  0  1  1  1  1  0  1  1  0  0  0  1  0  1  0  1  0  0  0  1  0  0  1  1  1  1 -426.75       1    0.05
309  0  1  1  1  0  1  0  0  1  1  1  0  0  1  1  0  0  0  0  0  1  0  1  1  0  0  1  0  0  1  1  1  1  0  0  1  0  0  0  1 -426.75       1    0.05
351  1  0  0  0  1  0  0  0  1  0  0  1  1  0  0  1  1  1  1  0  1  1  0  0  0  1  1  1  1  0  0  0  0  1  1  0  1  1  1  1 -426.75       1     0.1
365  1  0  0  0  1  0  0  0  1  0  0  1  1  0  0  1  1  1  1  0  1  1  0  0  1  1  0  1  0  0  0  0  1  1  0  1  1  1  1  1 -426.75       1   0.125
369  1  0  0  0  1  0  1  1  0  0  0  1  1  0  0  1  1  1  1  0  1  1  0  0  0  1  0  1  0  0  0  0  0  1  0  0  1  1  1  1 -426.75       1     0.1
413  0  1  1  1  0  1  0  0  0  1  1  0  0  1  0  0  0  1  1  1  0  0  1  1  0  0  1  0  1  1  1  0  1  0  1  1  0  0  0  0 -426.75       1   0.125
450  1  0  0  0  1  0  0  1  1  0  1  1  1  0  0  1  1  0  1  0  1  1  1  0  1  0  0  0  0  1  0  0  0  1  0  0  1  0  1  1 -426.75       1     0.1
105  1  0  0  1  1  1  1  0  1  0  0  1  1  1  1  1  1  1  1  1  1  1  0  0  0  0  0  1  0  1  0  0  0  0  0  0  0  0  0  1  -426.0       1     0.0
106  1  0  0  0  1  1  1  0  1  1  1  1  1  0  0  1  1  1  1  0  1  1  1  0  1  0  0  0  1  0  1  0  0  1  0  0  0  1  0  1  -426.0       1     0.0
107  0  1  1  1  0  1  1  0  0  0  1  0  0  1  0  0  0  1  0  1  1  1  1  1  0  0  1  1  0  1  1  0  1  1  0  1  1  1  0  0  -426.0       1     0.0
108  1  1  1  0  1  0  1  0  0  0  0  1  1  0  1  1  1  1  1  0  1  1  0  0  0  0  1  1  1  0  0  1  1  0  0  1  1  0  0  1  -426.0       1     0.0
109  0  0  1  1  1  1  0  1  1  1  1  0  0  1  0  0  0  1  0  1  1  0  1  1  0  0  1  0  1  0  1  0  1  0  1  1  0  0  0  0  -426.0       1     0.0
169  1  0  0  0  1  0  1  1  1  0  0  1  1  0  0  1  1  0  1  0  1  0  0  0  0  1  0  1  0  1  0  0  0  1  0  1  1  1  1  1  -426.0       1   0.025
195  0  1  1  1  0  1  0  0  0  0  1  0  0  1  0  0  0  0  0  1  1  0  1  1  0  0  1  0  1  1  1  1  1  1  1  1  0  0  0  1  -426.0       1   0.025
273  1  0  0  0  1  0  1  0  1  0  0  1  1  0  0  1  1  1  1  0  1  1  0  0  1  1  0  1  1  1  0  0  0  1  0  0  1  1  1  1  -426.0       1    0.05
276  1  0  0  0  1  0  1  0  1  0  1  0  1  0  0  1  1  1  1  0  1  1  0  0  1  0  1  1  0  0  0  0  0  1  0  0  1  1  1  1  -426.0       1    0.05
296  1  0  0  0  1  0  1  1  1  0  0  1  1  0  0  1  1  1  1  0  1  0  0  0  0  1  0  1  1  1  0  0  0  1  0  1  1  1  1  1  -426.0       1   0.075
304  1  0  0  0  1  1  0  1  1  0  1  1  1  0  0  1  1  1  1  0  1  1  0  1  1  1  0  1  0  1  0  0  0  0  0  0  0  1  1  1  -426.0       1    0.05
405  1  0  0  0  1  0  1  0  1  0  0  1  1  0  0  1  1  0  1  1  1  0  0  0  1  1  0  1  0  1  0  0  0  1  0  0  1  1  1  1  -426.0       1   0.075
411  1  0  0  0  1  1  0  1  1  0  0  1  1  0  0  1  1  1  1  0  1  1  0  0  1  1  0  1  1  1  0  0  0  0  0  0  1  1  1  1  -426.0       1    0.15
444  1  0  0  0  1  0  1  1  1  0  0  0  1  0  0  1  1  1  1  0  1  1  0  0  1  1  0  1  1  0  0  0  0  1  0  0  1  0  1  1  -426.0       1     0.1
457  1  0  0  0  1  0  0  1  1  0  0  1  1  0  0  1  1  1  1  0  1  1  0  0  1  1  0  0  0  1  0  0  0  1  0  0  1  1  1  1  -426.0       1   0.125
461  1  0  0  0  1  0  1  0  1  0  0  1  1  0  0  1  1  1  1  1  1  1  0  0  0  1  0  1  0  1  0  0  0  1  0  1  1  1  1  1  -426.0       1   0.125
495  0  1  1  1  0  1  0  1  0  1  0  0  0  1  1  0  0  1  0  1  0  0  1  1  0  0  1  0  1  1  1  1  1  0  1  1  0  0  0  0  -426.0       1   0.175
113  0  1  1  0  0  1  0  0  0  0  1  0  0  1  1  0  0  1  1  0  1  0  0  1  0  0  1  0  0  1  0  0  1  1  1  1  0  0  0  1 -425.75       1     0.0
190  1  0  0  0  1  0  0  0  1  0  1  1  1  0  0  1  1  1  1  0  1  1  0  1  1  1  0  0  0  0  0  0  0  0  1  0  1  0  1  1 -425.75       1   0.025
226  1  0  0  0  1  0  1  1  1  0  1  1  1  0  0  1  1  1  1  0  1  1  0  0  1  1  0  1  1  0  0  0  0  0  1  0  1  1  1  1 -425.75       1     0.1
275  1  0  0  0  1  0  0  1  1  0  0  0  1  0  0  1  1  1  1  0  1  1  0  0  1  1  0  1  0  1  0  0  0  0  0  0  1  1  1  1 -425.75       1   0.075
328  1  0  0  0  1  1  1  0  1  0  0  1  1  0  0  1  1  1  1  0  1  1  1  0  1  1  0  1  0  0  0  0  0  0  0  0  1  1  1  1 -425.75       1   0.075
343  1  0  0  0  1  0  0  1  1  0  0  1  1  0  0  1  1  1  1  0  1  1  0  0  1  1  0  1  1  0  0  0  0  1  0  0  1  1  1  1 -425.75       1   0.125
370  1  0  0  0  0  0  1  1  1  0  0  1  1  0  0  1  1  0  1  0  1  1  0  0  1  1  0  0  0  1  0  0  0  1  0  0  1  1  1  1 -425.75       1     0.1
371  1  0  0  0  1  0  1  0  1  0  0  1  1  0  1  1  1  1  1  1  1  1  1  0  0  1  0  1  0  1  0  0  0  1  0  0  1  0  0  1 -425.75       1   0.075
412  1  0  0  0  1  1  0  0  1  0  0  1  1  0  0  1  1  1  1  0  1  1  0  0  0  1  0  1  0  1  1  0  0  1  0  0  1  1  1  1 -425.75       1   0.125
454  1  0  0  0  1  0  1  1  1  0  0  1  1  0  0  1  1  1  1  0  1  1  0  0  1  1  0  0  0  1  0  0  0  1  0  0  1  1  1  1 -425.75       1   0.125
475  0  0  0  0  1  1  0  0  0  0  0  1  1  0  0  1  1  1  1  0  1  1  1  0  0  1  1  1  0  1  0  0  0  1  0  1  1  1  1  1 -425.75       1     0.1
493  1  0  0  0  0  0  0  1  1  0  0  1  1  0  1  1  1  0  1  1  0  1  0  0  1  0  0  1  0  1  0  0  0  1  0  0  1  1  1  1 -425.75       1    0.15
117  1  1  1  0  1  0  0  1  0  0  0  1  1  1  0  1  1  0  1  1  1  0  0  1  0  1  0  1  0  1  0  0  0  0  0  1  1  1  1  1  -425.0       1     0.0
118  1  1  0  0  1  1  0  0  0  0  1  0  1  1  0  1  1  0  1  1  1  1  0  0  1  1  0  1  0  0  0  0  0  1  0  0  1  0  1  1  -425.0       1     0.0
119  1  0  1  0  0  1  0  0  1  0  1  1  0  1  0  1  1  1  1  1  1  1  0  0  1  1  0  0  0  1  0  0  1  0  1  0  1  0  1  1  -425.0       1     0.0
120  0  1  1  1  1  0  0  0  1  0  0  0  1  0  0  0  0  1  0  1  1  0  1  1  1  0  1  1  0  1  0  1  1  1  0  0  1  1  0  0  -425.0       1     0.0
121  1  0  0  0  1  0  1  1  0  0  1  0  1  0  0  1  0  1  1  0  1  1  1  1  1  0  0  1  1  1  0  0  0  1  0  0  1  0  0  1  -425.0       1     0.0
122  1  1  1  0  1  1  1  1  0  0  1  0  1  1  0  0  0  0  1  0  1  0  1  1  0  0  1  0  1  1  1  0  0  1  0  1  0  0  0  0  -425.0       1     0.0
182  0  1  1  1  0  1  0  0  1  1  1  0  0  1  1  0  0  1  0  1  1  0  1  1  0  0  1  0  0  1  1  1  1  0  0  1  0  0  0  0  -425.0       1   0.025
199  1  0  0  0  1  0  1  0  1  0  1  1  1  0  0  0  1  1  1  0  1  1  0  0  1  1  0  0  0  1  0  0  0  1  0  0  0  1  0  1  -425.0       1   0.025
362  1  0  0  0  1  0  0  0  1  0  0  1  1  0  0  1  1  1  1  0  1  1  0  0  1  1  0  1  0  1  0  0  0  1  0  0  1  1  1  1  -425.0       1   0.125
376  1  0  0  0  1  0  1  0  1  0  1  1  1  0  0  1  1  1  1  0  1  1  0  0  1  0  0  1  0  1  0  0  0  1  0  0  1  0  1  1  -425.0       1   0.075
435  1  0  0  0  1  0  0  0  1  0  0  1  1  0  0  1  1  1  1  1  1  0  0  0  1  1  0  1  0  1  0  0  0  1  0  0  1  1  1  1  -425.0       1   0.125
481  1  0  0  0  1  0  0  1  1  0  0  1  1  1  0  0  1  1  1  0  1  1  0  0  1  1  0  1  0  1  0  0  0  1  0  0  1  1  0  1  -425.0       1   0.125
235  1  0  0  0  1  0  0  0  1  0  0  1  1  0  0  0  1  0  1  0  1  1  0  0  0  1  0  1  1  1  0  0  0  0  0  0  1  1  1  1 -424.75       1   0.075
244  1  0  0  0  1  0  1  0  1  0  0  1  1  0  0  1  1  1  1  0  1  1  0  0  1  1  0  1  0  1  0  0  0  1  0  0  1  1  1  1 -424.75       1    0.05
249  0  0  1  1  1  1  1  0  0  1  1  1  0  0  0  0  0  1  0  1  1  0  1  0  0  0  1  1  1  0  1  0  1  0  0  1  1  0  0  0 -424.75       1   0.025
364  1  0  0  0  1  0  1  0  1  0  0  1  1  0  0  1  1  1  1  0  1  1  0  0  1  1  0  1  0  1  0  0  0  1  0  0  1  1  1  1 -424.75       1     0.1
385  1  0  0  0  1  0  1  0  1  0  0  1  1  0  0  1  1  1  1  0  1  1  0  0  1  1  0  1  0  1  0  0  0  1  0  0  1  1  1  1 -424.75       1   0.125
407  1  0  0  0  1  0  0  0  1  0  0  1  1  0  0  1  1  1  1  1  1  1  0  0  1  1  0  1  0  1  0  0  0  1  0  0  1  1  1  1 -424.75       1   0.125
408  1  0  0  0  1  0  0  0  1  0  0  1  1  0  0  1  1  1  1  1  1  1  0  0  1  1  0  1  0  1  0  0  0  1  0  0  1  1  1  1 -424.75       1    0.15
127  0  0  1  1  0  0  0  0  1  0  1  0  1  1  0  1  0  1  1  1  1  1  1  1  0  0  0  0  0  1  1  0  1  0  0  1  0  0  0  0  -424.0       1     0.0
252  1  0  1  0  0  1  0  0  1  0  1  1  0  0  0  0  1  0  1  0  1  0  1  1  1  1  1  0  1  0  0  0  1  1  0  0  1  1  0  1  -424.0       1   0.025
287  0  1  1  1  0  0  0  0  0  1  1  0  0  1  0  0  0  1  0  1  0  0  1  1  1  0  1  0  1  1  1  1  1  0  1  1  0  0  0  1  -424.0       1   0.075
319  1  0  1  0  1  0  0  0  1  0  0  1  1  0  0  0  1  1  1  0  1  1  0  0  1  1  0  1  0  1  0  0  0  1  0  0  1  1  1  1  -424.0       1    0.05
368  1  0  0  0  1  0  0  0  1  0  0  1  1  0  0  1  1  0  1  1  1  1  0  0  1  1  0  1  0  1  0  0  0  1  0  0  1  1  1  1  -424.0       1     0.1
379  1  0  0  0  1  0  0  0  1  0  0  1  1  0  0  1  1  1  1  0  1  1  0  0  0  1  0  1  0  0  0  0  0  1  0  0  1  1  1  1  -424.0       1   0.125
388  1  0  0  0  1  0  0  1  1  0  0  1  1  0  0  1  1  1  0  0  1  1  0  0  1  1  0  1  0  0  0  0  0  0  0  0  1  1  1  1  -424.0       1   0.125
414  1  0  0  0  1  1  0  0  1  0  0  1  1  0  0  0  1  1  1  1  1  1  0  0  0  1  0  1  0  1  0  0  0  0  0  0  1  0  1  1  -424.0       1     0.1
424  1  0  0  0  1  0  0  1  1  0  0  1  1  0  0  1  1  1  1  0  1  1  0  0  1  1  0  1  1  1  0  0  0  1  0  0  1  1  1  1  -424.0       1   0.125
486  1  0  0  0  1  0  0  1  1  0  0  1  1  0  0  1  1  0  1  0  1  1  0  0  1  1  0  1  0  1  0  0  0  1  0  0  1  1  1  1  -424.0       1     0.2
280  1  0  0  0  1  0  1  0  1  0  0  1  1  0  0  1  1  1  1  0  1  1  0  0  1  1  0  1  1  0  0  1  0  1  1  0  1  1  1  1 -423.75       1   0.075
322  1  0  0  0  1  0  1  0  1  0  0  1  1  0  0  1  1  0  1  1  1  1  0  0  1  1  0  1  0  1  0  0  0  1  0  0  1  1  1  1 -423.75       1   0.125
325  1  0  0  0  1  0  1  1  1  0  0  1  1  0  0  1  1  1  1  0  1  1  0  0  1  1  0  1  0  0  0  0  0  1  0  0  1  1  1  1 -423.75       1    0.15
330  1  0  0  0  1  0  1  1  1  0  0  1  1  0  0  1  1  0  1  0  1  1  0  0  1  1  0  1  0  1  0  0  0  1  0  0  1  1  1  1 -423.75       1   0.125
347  1  1  1  0  0  1  1  1  0  0  1  1  0  1  1  0  0  0  0  0  0  0  1  1  0  0  1  0  0  1  1  1  1  0  1  1  0  0  0  0 -423.75       1    0.05
348  1  0  0  0  1  0  1  1  1  0  0  1  1  0  0  1  1  1  1  0  1  1  0  0  1  1  0  1  0  0  0  0  0  1  0  0  1  1  1  1 -423.75       1    0.15
381  1  0  1  0  1  0  0  0  1  0  0  1  1  0  0  1  1  1  1  0  1  1  1  0  0  1  1  1  0  1  1  0  0  0  0  0  1  0  1  1 -423.75       1    0.05
427  1  0  0  0  1  0  1  1  1  0  0  1  1  0  0  1  1  1  1  0  1  1  0  0  1  1  0  1  0  0  0  0  0  1  0  0  1  1  1  1 -423.75       1   0.175
452  1  0  0  0  1  0  1  1  1  0  0  1  1  0  0  1  1  0  1  0  1  1  0  0  1  1  0  1  0  1  0  0  0  1  0  0  1  1  1  1 -423.75       1   0.125
463  1  0  0  0  1  0  1  1  1  0  0  1  1  0  0  1  1  0  1  0  1  1  0  0  1  1  0  1  0  1  0  0  0  1  0  0  1  1  1  1 -423.75       1   0.125
464  1  0  0  0  1  0  1  0  1  0  0  1  1  0  0  1  1  1  1  1  1  1  0  0  1  0  0  1  0  1  0  0  0  1  0  0  1  1  1  1 -423.75       1   0.125
485  1  0  0  0  1  0  1  1  1  0  0  1  1  0  0  1  1  1  1  0  1  1  0  0  0  0  0  1  0  0  0  0  0  1  0  0  1  1  1  1 -423.75       1   0.175
497  1  0  0  0  1  0  1  1  1  0  0  0  1  0  0  1  1  1  1  1  1  1  0  0  1  0  0  1  0  1  0  0  0  1  0  0  1  1  1  1 -423.75       1   0.225
132  1  1  1  0  1  0  1  0  1  0  0  1  1  0  1  1  1  1  1  0  1  0  0  0  0  0  1  0  1  0  1  0  1  1  0  0  0  0  0  1  -423.0       1     0.0
168  0  1  1  1  0  1  0  0  0  1  1  0  0  1  0  0  0  1  0  1  0  0  1  0  0  0  1  0  1  0  1  1  1  1  1  1  0  0  0  0  -423.0       1   0.025
281  0  1  1  1  0  1  0  1  1  1  1  0  0  1  1  0  0  0  0  1  1  0  1  1  0  0  1  0  1  1  1  1  1  0  1  1  0  0  0  0  -423.0       1   0.075
366  1  0  0  0  1  0  1  0  1  0  0  1  0  0  0  1  1  1  1  1  1  1  0  0  1  1  0  1  0  0  0  0  0  1  0  0  1  1  1  1  -423.0       1     0.1
372  1  1  0  0  1  0  1  0  0  0  0  0  1  0  0  1  1  1  1  0  1  1  0  0  1  1  0  1  1  1  0  0  1  1  0  0  1  1  1  1  -423.0       1   0.075
373  1  1  0  0  1  0  1  0  1  0  0  1  1  0  1  1  1  1  0  1  0  1  0  0  1  1  1  1  0  1  0  0  0  0  0  0  1  0  0  1  -423.0       1    0.05
219  1  0  0  0  1  1  1  0  1  0  1  1  1  0  0  1  1  0  1  0  1  1  1  0  1  1  0  1  1  1  0  0  0  0  0  0  1  1  1  1 -422.75       1    0.05
487  1  0  0  0  1  1  0  1  1  0  0  0  1  0  0  1  1  1  1  0  1  1  0  0  1  1  0  1  0  1  0  0  0  0  1  0  1  1  1  1 -422.75       1   0.175
490  1  0  0  0  1  0  1  0  1  0  0  0  1  0  0  1  1  1  1  1  1  1  0  0  1  1  0  1  0  1  0  0  0  1  0  0  1  1  1  1 -422.75       1    0.15
499  1  0  1  0  1  0  1  0  0  0  0  1  1  0  0  1  1  1  1  0  1  1  0  0  1  1  0  1  0  1  0  0  0  1  0  0  0  0  1  1 -422.75       1     0.2
142  0  0  0  0  1  1  0  1  1  0  0  1  0  1  0  1  0  1  1  0  1  1  0  0  1  0  1  1  1  0  0  0  1  1  0  1  1  0  0  1  -422.0       1     0.0
184  1  0  0  0  1  0  1  0  1  0  0  1  1  0  0  1  1  1  1  1  1  1  0  0  1  1  0  1  0  1  0  0  0  1  0  0  1  1  1  1  -422.0       1    0.05
238  1  0  0  0  1  1  1  0  1  0  0  1  1  0  0  1  1  1  1  0  1  1  0  0  1  0  0  1  0  0  0  0  0  1  0  0  1  1  1  1  -422.0       1   0.025
245  1  0  0  0  1  0  1  0  1  0  0  1  1  0  0  1  1  0  1  0  1  1  0  1  1  1  0  0  0  1  0  0  0  1  0  0  1  1  1  1  -422.0       1    0.05
420  0  1  1  1  0  1  0  0  0  1  1  0  0  1  0  0  0  1  0  0  1  0  1  1  0  0  1  0  0  1  1  1  1  0  1  1  0  0  0  0  -422.0       1     0.1
423  0  0  1  1  0  1  0  1  1  1  1  0  0  1  1  0  0  1  0  1  0  0  1  1  1  0  1  0  1  1  1  1  1  0  1  1  0  0  0  0  -422.0       1     0.1
467  1  0  0  0  1  0  0  1  1  0  0  1  1  0  0  1  1  1  1  1  1  1  0  0  1  1  0  1  0  1  0  0  0  1  0  0  1  1  1  1  -422.0       1     0.2
260  1  0  0  0  1  1  0  0  1  0  0  1  0  0  0  1  1  0  1  0  1  1  0  0  1  0  1  1  1  1  0  0  0  1  1  1  0  1  1  1 -421.75       1   0.025
323  0  0  1  1  0  1  0  0  0  1  1  0  0  1  0  0  0  1  0  1  1  0  1  1  0  0  1  0  1  1  1  1  1  0  1  1  0  0  0  0 -421.75       1   0.075
377  1  0  0  0  1  0  0  0  1  0  0  0  1  0  0  1  1  1  1  1  1  0  0  0  1  1  0  1  0  1  0  0  0  0  1  0  1  1  1  1 -421.75       1   0.075
284  1  0  0  0  1  0  1  0  0  0  1  0  0  0  0  1  1  1  0  0  1  1  0  0  1  0  1  1  1  1  0  0  0  1  0  0  1  1  0  1  -421.0       1   0.025
294  1  0  0  0  1  0  1  1  1  0  0  1  1  0  0  1  1  0  1  1  1  1  0  0  1  1  0  1  0  1  0  0  0  1  0  0  1  1  1  1  -421.0       1     0.1
338  1  0  0  0  1  0  1  1  1  0  0  1  0  0  0  1  1  0  1  0  1  0  0  0  1  0  0  1  0  1  0  0  0  1  0  0  1  1  1  1  -421.0       1   0.075
466  1  0  0  0  1  1  0  0  1  0  0  1  1  0  0  1  1  1  1  0  1  1  0  0  1  1  0  1  1  1  0  0  0  1  0  0  1  1  1  1  -421.0       1   0.125
482  1  0  0  1  1  0  0  1  1  0  0  1  1  0  1  1  1  0  1  0  1  1  0  0  0  1  0  1  0  1  0  0  0  1  0  1  1  1  1  1  -421.0       1   0.125
410  1  0  0  0  1  0  0  1  1  0  0  1  1  0  0  1  1  0  1  0  1  1  0  0  1  1  0  1  0  0  0  0  0  1  0  0  1  1  1  1 -420.75       1    0.15
471  1  0  0  0  1  0  1  1  1  0  0  1  1  0  0  1  1  1  1  0  1  1  0  0  1  1  0  1  0  1  0  1  0  1  0  0  1  1  1  1 -420.75       1   0.175
298  0  1  1  1  0  1  1  1  0  1  1  0  0  1  1  0  0  1  1  1  0  0  1  1  0  0  1  0  1  1  1  0  1  1  1  1  0  0  0  0 -419.75       1     0.1
448  1  0  1  0  1  1  1  0  1  0  1  0  1  0  0  1  1  1  1  0  1  1  0  0  1  1  0  1  1  1  0  0  0  1  0  0  1  1  1  0 -419.75       1     0.1
453  1  0  0  0  1  0  0  1  1  0  1  1  1  1  0  1  1  1  1  1  1  1  0  0  1  1  0  1  0  0  0  0  0  1  0  0  1  1  1  1 -419.75       1   0.125
488  1  0  0  0  1  0  1  1  1  0  1  1  1  0  0  1  1  0  1  0  1  1  0  0  0  1  0  1  1  1  0  0  0  1  1  0  1  1  1  1 -419.75       1   0.175
165  0  0  0  0  1  1  1  0  1  0  1  1  1  1  0  0  0  1  0  1  1  0  1  0  1  0  1  0  0  1  0  0  1  1  0  1  1  0  0  1  -419.0       1     0.0
354  1  0  0  0  0  0  0  1  1  0  0  1  1  0  0  1  1  1  1  0  1  1  0  0  0  1  0  1  0  0  0  0  0  1  0  0  1  1  1  1  -419.0       1     0.1
264  0  0  0  0  1  0  1  0  1  0  0  1  1  0  0  1  1  1  1  1  1  0  0  0  0  1  1  1  0  0  0  1  0  1  0  0  0  0  0  1 -418.75       1   0.025
432  1  0  0  0  1  1  1  0  1  0  0  1  1  0  0  1  1  1  1  0  1  1  0  0  0  0  1  1  0  0  0  0  0  1  0  0  1  0  1  1 -418.75       1   0.075
236  1  0  0  0  1  0  0  0  1  0  0  1  0  0  0  1  1  1  1  0  1  1  0  0  1  1  0  1  0  0  0  0  0  1  0  0  1  1  1  1  -418.0       1    0.05
428  1  1  1  1  0  0  0  0  0  0  1  0  0  1  0  0  0  0  0  1  0  0  1  1  0  0  1  0  0  1  1  0  1  1  1  1  0  0  0  0  -418.0       1   0.075
398  0  1  1  1  0  1  0  1  1  1  1  0  1  1  0  0  1  0  0  1  0  0  1  1  0  0  1  0  1  1  1  0  1  1  1  1  0  0  0  1 -417.75       1    0.05
472  1  0  0  0  1  0  1  1  1  0  0  1  1  0  1  1  1  0  1  0  1  1  0  0  1  1  1  1  0  1  0  0  0  1  0  0  1  1  1  1 -417.75       1    0.15
470  1  0  0  0  1  0  1  1  1  0  1  1  1  0  1  1  1  1  1  0  1  1  0  0  1  1  0  1  1  0  0  0  0  1  0  0  1  1  1  1  -417.0       1    0.15
316  1  0  1  1  1  1  0  1  1  0  0  0  1  0  0  1  1  1  1  0  1  1  0  0  1  0  0  1  0  0  0  0  0  1  0  0  1  1  1  1 -415.75       1   0.025
346  1  0  0  0  1  1  0  1  1  0  0  1  1  0  0  1  1  1  1  0  1  1  0  0  1  1  0  1  1  1  0  0  0  1  0  0  1  1  1  1 -415.75       1     0.1
397  1  0  0  0  1  1  0  0  1  0  1  1  1  0  0  1  1  1  1  0  1  1  0  0  1  1  0  1  1  1  0  0  0  1  1  0  1  1  1  1  -413.0       1   0.075
455  1  0  0  0  1  0  1  1  1  0  0  1  1  0  0  1  1  1  1  0  1  1  0  0  1  1  0  1  1  1  0  0  0  1  1  0  1  1  1  1  -411.0       1    0.15
['BINARY', 500 rows, 500 samples, 40 variables]Valid partition found with 52 cut edges
Solution:  [0, 1, 1, 1, 0, 1, 0, 0, 0, 1, 1, 0, 0, 1, 0, 0, 0, 1, 0, 1, 0, 1, 1, 1, 0, 0, 1, 1, 0, 0, 1, 0, 1, 1, 1, 1, 1, 0, 0, 0]