--------------- DW_2000Q_6 ---------------
     0  1  2  3  4  5  6  7  8  9 10 11 12 13 14 15 16 17 18 19 20 21 22 23 24 25 26 27 28 29  energy num_oc. chain_b.
0    1  1  0  1  0  0  0  0  0  1  0  1  1  0  1  0  1  1  1  0  0  0  1  1  0  0  1  1  1  0 -128.25       1      0.0
1    0  0  1  0  1  1  1  1  0  1  1  0  0  1  1  1  0  0  0  0  1  1  0  0  0  1  1  0  0  1 -128.25       2      0.0
2    0  1  0  1  1  0  1  0  0  1  0  1  1  0  1  0  0  1  1  0  0  0  1  0  0  1  1  1  0  0  -128.0       1      0.0
3    0  0  1  0  1  1  1  1  0  1  1  0  0  1  1  1  1  0  0  0  1  1  0  0  0  1  1  0  0  1  -128.0       1      0.0
4    0  1  0  1  0  0  1  0  0  1  0  1  1  0  1  0  1  1  1  0  0  0  1  0  0  1  1  1  0  0  -127.0       1      0.0
5    1  1  0  1  0  0  0  0  0  1  0  1  1  0  1  1  0  1  1  0  0  0  1  1  0  0  1  1  0  0  -127.0       1      0.0
6    0  1  0  1  0  0  0  0  0  1  0  1  1  0  1  1  1  1  1  0  0  0  1  1  1  0  0  1  0  0  -127.0       1      0.0
7    1  0  1  0  1  1  0  1  1  0  1  0  0  1  0  1  0  0  0  0  1  1  0  0  0  1  1  0  0  1  -127.0       1      0.0
8    1  1  0  1  0  0  1  0  0  1  0  1  1  0  1  0  0  1  1  0  0  0  1  1  0  1  1  1  0  0 -126.25       1      0.0
9    0  1  0  1  1  0  1  0  0  1  0  1  1  0  1  0  1  0  1  0  0  0  1  0  1  1  0  1  1  0 -126.25       1      0.0
10   0  0  1  0  1  1  1  1  0  1  1  0  0  1  1  1  1  0  0  0  0  1  0  0  0  1  0  1  0  1 -126.25       1      0.0
11   0  0  1  0  1  1  1  0  1  0  1  0  0  1  1  1  0  0  0  1  1  1  0  0  0  1  1  0  0  1 -126.25       1      0.0
328  0  1  0  1  0  0  0  0  0  1  0  1  1  0  1  1  1  1  1  0  0  0  1  1  0  0  1  1  1  0 -126.25       1 0.033333
12   1  0  1  0  0  1  0  1  1  0  1  0  0  1  0  1  0  0  0  1  1  1  0  1  0  0  0  0  1  1  -126.0       1      0.0
13   0  1  0  1  1  0  1  0  0  1  1  1  1  0  1  0  1  1  1  0  0  0  1  0  0  1  1  1  0  0  -126.0       1      0.0
14   1  1  0  1  1  0  0  0  0  1  0  1  1  0  1  0  1  1  1  0  0  0  1  1  0  1  1  1  0  0  -126.0       1      0.0
15   0  1  0  1  0  1  0  0  0  0  0  1  1  0  1  0  0  1  1  0  1  0  1  1  0  1  1  1  0  0  -126.0       1      0.0
16   1  0  1  0  1  1  1  1  1  0  1  0  0  1  0  1  1  0  0  1  0  1  0  0  0  1  0  1  0  1  -126.0       1      0.0
17   0  0  1  0  1  1  1  1  0  1  1  0  0  1  1  1  1  0  0  0  0  1  0  0  0  1  1  1  0  1  -126.0       1      0.0
18   1  1  1  0  1  1  0  1  1  0  0  1  0  0  0  1  0  1  0  0  1  0  0  1  0  1  1  1  0  1  -126.0       1      0.0
19   1  1  0  1  0  1  0  0  1  0  0  1  1  0  1  1  0  1  1  0  0  0  1  1  0  0  1  1  0  0 -125.25       1      0.0
20   0  1  0  1  0  0  1  0  0  1  0  1  1  0  1  0  1  0  1  0  0  1  1  0  1  1  0  1  1  0 -125.25       1      0.0
21   1  1  0  1  1  0  1  0  0  1  0  1  1  0  1  0  1  0  1  0  0  0  1  0  0  1  1  1  0  0 -125.25       1      0.0
363  0  0  1  0  1  1  1  1  0  0  1  1  0  1  1  0  0  0  1  1  1  0  0  0  0  1  1  0  0  1 -125.25       1 0.033333
22   1  1  0  1  1  0  0  0  0  1  0  1  1  0  1  1  1  1  1  0  0  0  1  0  0  1  1  1  0  0  -125.0       1      0.0
23   0  0  1  0  1  1  1  1  0  0  1  0  0  1  1  1  1  0  1  1  0  1  0  0  0  1  1  0  0  1  -125.0       1      0.0
24   1  0  1  0  1  1  0  0  1  0  0  1  0  1  1  1  0  1  0  1  1  0  0  1  0  1  1  0  0  1  -125.0       1      0.0
25   0  0  1  0  1  1  0  1  1  1  1  1  0  1  0  1  0  0  0  1  1  1  0  0  1  1  0  0  0  1  -125.0       1      0.0
26   0  0  1  0  0  1  1  1  0  0  1  0  0  1  1  1  0  0  0  1  1  1  0  0  1  1  0  0  0  1  -125.0       1      0.0
27   1  0  1  0  1  1  0  1  1  0  1  0  0  0  0  1  0  0  0  1  1  1  0  0  0  1  1  0  0  1  -125.0       1      0.0
28   0  1  0  1  1  0  0  0  0  1  0  1  1  0  1  0  1  1  1  0  0  0  1  1  1  1  0  1  1  0  -125.0       1      0.0
29   0  0  1  0  1  1  0  1  0  1  1  0  0  1  1  1  0  0  0  1  1  1  1  0  0  1  1  0  0  1  -125.0       1      0.0
30   0  0  1  0  1  1  1  0  0  1  1  0  0  1  1  1  1  0  0  0  0  1  0  0  0  1  1  0  0  1  -125.0       1      0.0
31   1  0  1  0  0  1  0  1  1  0  0  1  0  1  0  1  1  1  0  0  1  0  0  1  0  1  1  0  0  1 -124.25       1      0.0
32   0  1  0  1  0  0  1  0  0  1  0  1  1  0  1  1  1  1  1  0  0  0  1  1  1  0  0  1  0  0 -124.25       1      0.0
33   1  1  0  1  0  1  0  0  0  0  0  1  1  0  1  0  0  1  1  0  0  0  1  1  0  0  0  1  1  0 -124.25       1      0.0
34   0  1  1  0  1  1  1  1  0  0  1  0  0  1  1  0  0  0  1  0  1  1  0  0  0  1  1  0  0  1 -124.25       1      0.0
35   0  0  1  0  0  1  1  1  1  0  1  0  0  1  1  1  0  0  0  1  0  1  1  0  0  1  1  0  0  1 -124.25       1      0.0
36   0  0  1  0  0  1  0  0  1  1  1  0  0  1  1  1  0  0  0  1  1  1  1  0  0  1  1  0  0  1 -124.25       1      0.0
37   0  0  1  0  1  1  0  0  1  0  0  1  0  0  1  1  0  1  0  1  1  0  0  1  0  0  1  1  1  1 -124.25       1      0.0
38   1  1  1  0  1  1  0  0  1  0  0  1  0  0  1  1  0  1  0  0  1  0  0  1  0  0  1  1  0  1 -124.25       1      0.0
39   0  0  0  1  1  0  1  0  0  1  0  1  1  1  1  0  1  1  1  0  0  0  1  0  0  1  0  1  1  0 -124.25       1      0.0
378  1  1  0  1  1  1  1  0  0  1  1  0  1  0  1  0  0  0  1  0  0  1  1  0  0  1  1  0  0  0 -124.25       1 0.033333
40   0  0  1  0  1  1  1  1  0  0  1  0  0  1  1  1  0  1  1  1  1  0  0  0  0  1  1  0  0  1  -124.0       1      0.0
41   1  0  0  1  1  0  1  0  0  1  1  0  1  1  1  0  1  0  1  1  0  1  1  0  0  1  1  0  0  0  -124.0       1      0.0
42   1  0  1  0  1  1  1  1  0  1  1  0  0  1  0  1  1  0  0  1  0  1  0  0  0  1  0  0  1  1  -124.0       1      0.0
43   0  1  0  1  1  0  1  0  0  1  0  1  1  0  1  0  0  1  1  1  0  0  1  0  0  1  1  0  0  0  -124.0       1      0.0
44   0  1  0  1  1  0  1  0  0  1  1  1  1  1  1  0  0  1  1  0  0  0  1  0  0  1  1  1  0  0  -124.0       1      0.0
45   1  1  0  1  1  0  0  0  0  1  0  1  1  0  1  0  0  1  1  0  0  1  1  1  0  1  1  1  0  0  -124.0       1      0.0
46   0  1  0  1  0  1  0  0  0  0  0  1  1  0  1  0  0  1  1  0  0  0  1  1  0  1  1  1  0  1  -124.0       1      0.0
47   0  0  1  0  1  1  0  0  0  1  1  0  0  1  1  1  0  0  0  1  1  1  0  0  0  1  1  0  0  1  -124.0       1      0.0
48   0  0  1  0  0  0  1  1  0  1  1  0  0  1  1  1  1  0  0  0  0  1  0  0  1  1  1  0  0  1  -124.0       1      0.0
49   1  0  1  0  1  1  0  1  0  0  1  0  0  1  1  1  0  0  0  1  1  1  0  1  0  1  1  0  0  1  -124.0       1      0.0
50   1  0  1  0  1  1  1  1  0  0  1  0  0  1  1  1  1  0  0  0  1  1  0  0  0  1  0  1  0  1  -124.0       1      0.0
51   0  0  1  0  0  1  0  1  1  1  1  0  0  1  0  1  0  0  0  1  1  1  0  0  0  1  1  0  0  1  -124.0       1      0.0
52   0  1  1  0  1  1  0  0  1  0  0  1  0  0  1  1  0  1  0  0  1  1  0  1  0  1  1  1  0  1  -124.0       1      0.0
53   0  0  1  0  1  1  0  0  1  0  0  1  0  0  1  1  0  1  0  1  1  0  0  1  0  0  1  0  1  1  -124.0       1      0.0
54   0  0  1  0  1  1  0  1  1  1  1  1  0  1  1  1  0  0  0  1  1  1  0  0  0  1  0  0  0  1  -124.0       1      0.0
55   0  1  0  1  0  1  0  0  1  0  0  1  1  0  1  1  0  1  1  1  0  0  1  1  0  0  1  1  0  0 -123.25       1      0.0
56   1  0  1  0  1  1  1  1  1  0  1  0  0  0  0  1  1  0  0  1  0  1  0  0  0  1  0  0  1  1 -123.25       1      0.0
57   1  1  0  1  0  0  1  0  0  1  1  1  1  0  1  0  0  1  1  0  0  0  1  0  1  1  0  1  0  0 -123.25       1      0.0
58   0  1  0  0  1  1  1  0  0  1  0  0  1  0  1  0  1  1  1  0  0  1  1  0  0  1  1  1  0  0 -123.25       1      0.0
59   0  0  1  0  1  1  0  1  1  0  1  1  0  1  1  0  0  0  1  1  1  0  0  0  0  1  1  0  0  1 -123.25       1      0.0
60   1  0  1  0  1  1  0  0  1  0  0  1  0  0  1  1  0  1  0  1  1  0  0  1  0  1  1  0  0  1 -123.25       1      0.0
61   1  1  0  1  1  0  1  0  0  1  1  0  1  1  1  0  0  0  1  0  0  1  1  0  0  1  0  1  0  0 -123.25       1      0.0
62   0  1  0  1  1  0  0  0  0  1  0  1  1  0  1  1  0  1  1  0  1  0  0  1  1  0  0  1  1  0 -123.25       1      0.0
63   0  1  1  0  1  1  0  1  1  0  0  0  0  0  1  1  0  1  0  0  1  0  0  1  0  1  1  1  0  1 -123.25       1      0.0
64   0  0  1  0  1  1  1  1  0  0  1  0  0  1  1  1  0  0  0  0  0  1  0  0  0  1  1  0  0  1 -123.25       1      0.0
65   0  0  1  0  1  1  1  0  0  1  1  0  0  1  1  1  1  0  0  1  0  1  1  0  0  0  1  0  0  1 -123.25       1      0.0
66   0  1  1  0  0  1  0  1  1  1  1  0  0  1  0  1  0  0  0  1  1  1  0  0  1  1  1  0  0  0 -123.25       1      0.0
444  0  1  1  0  1  1  1  1  0  0  1  0  0  0  1  1  0  0  0  0  1  1  0  0  0  1  1  1  0  1 -123.25       1 0.033333
67   0  0  0  1  1  0  1  0  0  1  0  1  1  1  1  0  1  1  1  1  0  0  1  0  0  1  1  1  0  0  -123.0       1      0.0
68   1  0  0  1  1  0  1  0  0  1  0  1  1  1  1  0  1  1  1  0  0  0  0  0  0  1  1  1  0  1  -123.0       1      0.0
69   1  1  0  1  1  0  0  1  0  1  0  1  1  0  1  0  0  1  1  0  0  0  1  1  0  1  1  1  0  0  -123.0       1      0.0
70   1  0  1  0  1  1  0  0  1  0  0  1  0  1  1  1  1  1  0  0  1  0  0  1  0  1  1  0  0  1  -123.0       1      0.0
71   0  1  0  1  1  0  1  1  0  1  0  1  1  1  1  0  1  1  1  0  0  0  0  0  1  1  1  0  0  0  -123.0       1      0.0
72   1  1  1  0  1  1  0  0  1  0  0  1  0  0  1  1  1  1  0  0  1  0  0  1  0  0  0  1  1  1  -123.0       1      0.0
73   1  0  1  0  1  1  0  0  1  0  0  1  0  0  1  1  0  1  0  0  1  1  0  1  0  1  1  1  0  1  -123.0       1      0.0
74   0  1  0  1  1  0  1  0  0  1  1  0  1  0  1  0  0  0  1  1  0  0  1  0  0  1  1  1  0  0  -123.0       1      0.0
75   1  1  0  1  1  0  1  0  0  1  0  1  1  1  1  0  1  0  1  0  0  0  1  0  0  1  1  1  0  0  -123.0       1      0.0
76   1  0  1  0  0  1  1  1  1  0  1  0  0  1  1  1  0  0  0  1  1  1  0  1  0  1  0  0  0  1  -123.0       1      0.0
77   0  0  1  0  1  1  0  1  1  0  0  1  0  1  1  1  1  1  0  1  1  0  0  1  0  0  0  0  1  1  -123.0       1      0.0
78   1  1  0  1  1  0  1  0  0  1  1  0  1  1  1  0  1  0  1  0  0  1  1  0  1  1  0  0  0  0  -123.0       1      0.0
79   0  0  1  0  0  1  0  0  1  0  0  1  0  0  1  1  0  1  0  1  1  0  0  1  1  0  0  1  1  1  -123.0       1      0.0
80   0  1  1  0  0  1  0  1  1  0  1  0  0  0  1  1  0  0  0  0  1  1  1  1  0  1  1  1  0  1  -123.0       1      0.0
81   0  1  1  0  1  1  1  1  0  1  1  0  0  0  1  1  0  0  0  0  0  1  1  0  0  1  1  1  0  1  -123.0       1      0.0
82   1  0  0  1  0  1  0  0  1  0  0  1  1  0  1  0  1  1  1  0  0  0  1  1  0  1  1  1  0  0 -122.25       1      0.0
83   1  0  1  0  0  0  1  1  0  0  1  0  0  1  0  1  1  0  1  1  1  1  0  0  1  1  0  0  0  1 -122.25       1      0.0
84   0  1  0  1  1  0  1  0  0  1  0  1  1  1  1  1  0  1  1  0  0  0  0  0  0  1  1  1  0  0 -122.25       1      0.0
85   0  0  1  0  0  1  0  1  1  0  0  1  0  0  1  1  0  1  0  0  1  0  0  1  0  0  1  1  0  1 -122.25       1      0.0
86   0  1  0  1  1  0  0  0  0  1  0  1  1  0  1  0  0  1  1  0  1  0  0  1  0  1  1  1  0  1 -122.25       1      0.0
87   0  0  1  0  0  1  0  1  0  1  0  1  0  1  1  1  0  1  0  1  1  0  0  1  0  1  1  0  0  1 -122.25       1      0.0
88   1  0  1  0  1  0  1  1  1  0  1  1  0  1  0  1  1  0  0  1  1  1  0  0  0  1  1  0  0  1 -122.25       1      0.0
89   1  0  1  0  0  1  0  1  1  0  0  0  0  0  1  1  1  0  0  0  0  1  1  1  0  1  1  1  0  1 -122.25       1      0.0
90   1  0  1  0  1  0  1  0  0  1  1  0  0  1  1  1  0  0  0  1  0  1  1  0  0  1  1  0  0  1 -122.25       1      0.0
91   0  0  1  0  0  1  1  1  0  0  1  0  0  1  1  0  0  0  0  1  1  1  0  0  0  1  1  0  0  1 -122.25       1      0.0
92   1  0  1  0  1  0  1  1  0  1  1  1  0  1  0  0  0  0  1  1  1  0  0  0  0  1  0  0  1  1 -122.25       1      0.0
93   0  0  1  1  1  0  1  1  0  1  1  0  0  1  0  1  1  0  0  0  0  1  0  0  1  1  0  1  0  1 -122.25       2      0.0
94   0  0  1  0  1  1  1  1  1  0  1  0  0  0  0  1  1  0  0  0  0  1  1  0  0  1  1  1  0  1 -122.25       1      0.0
95   1  1  0  1  0  0  1  1  0  1  1  1  1  0  0  0  1  0  1  0  0  0  1  0  0  1  1  1  0  0 -122.25       1      0.0
96   0  0  1  0  1  1  1  1  0  1  1  1  0  0  1  0  0  0  0  1  1  1  0  0  0  1  1  0  0  1 -122.25       1      0.0
97   1  1  1  0  0  1  1  1  1  0  1  0  0  0  0  1  1  0  0  0  1  1  0  1  0  0  0  1  1  1  -122.0       1      0.0
98   1  1  0  1  1  0  1  0  0  1  1  0  1  0  1  1  0  1  1  0  0  0  1  0  0  1  1  1  0  0  -122.0       1      0.0
99   1  1  1  0  1  1  0  0  1  0  0  1  0  1  0  1  1  1  0  0  1  0  0  1  0  0  0  1  1  1  -122.0       1      0.0
100  1  0  1  0  1  1  0  0  1  0  0  1  0  0  1  1  0  1  1  0  1  0  0  1  0  1  1  1  0  1  -122.0       1      0.0
101  0  1  0  1  1  0  1  0  0  1  0  1  1  0  1  0  1  0  1  0  0  0  1  0  0  1  1  1  1  1  -122.0       1      0.0
102  1  1  0  1  1  0  1  0  0  0  0  1  1  0  0  0  1  0  1  0  0  0  0  1  1  1  0  1  1  0  -122.0       1      0.0
103  0  1  0  1  0  0  0  1  0  1  0  1  1  0  1  0  0  1  1  0  0  1  1  1  1  1  1  1  0  0  -122.0       1      0.0
104  0  0  0  1  0  0  1  1  0  1  1  1  1  1  1  0  1  0  1  0  0  1  1  0  1  1  0  1  0  0  -122.0       1      0.0
105  0  1  0  1  1  0  1  0  0  1  0  1  1  1  1  1  1  1  1  0  0  0  0  0  1  0  1  1  0  0  -122.0       1      0.0
106  1  0  1  0  1  0  0  0  1  0  0  1  0  1  1  1  0  1  0  1  1  1  0  1  0  1  1  0  0  1  -122.0       1      0.0
107  0  0  1  0  0  1  1  1  0  1  1  0  0  0  0  1  1  0  0  1  1  1  0  0  1  1  0  0  0  1  -122.0       1      0.0
108  1  0  1  1  1  0  0  0  1  1  0  1  1  1  0  1  1  1  0  0  0  0  0  1  1  0  0  1  1  0  -122.0       1      0.0
109  0  0  1  0  1  1  0  1  1  0  1  0  0  1  1  1  1  0  0  0  0  1  0  0  0  1  0  1  0  1  -122.0       1      0.0
110  1  0  1  0  1  0  1  1  0  1  0  1  0  1  0  1  0  0  0  1  1  1  0  0  0  1  1  1  0  1  -122.0       1      0.0
111  1  0  1  1  1  0  0  0  0  0  0  1  1  0  1  1  1  1  0  0  0  0  0  1  0  0  0  1  1  1  -122.0       1      0.0
112  0  1  1  0  1  1  0  0  1  0  0  0  0  0  1  1  0  1  0  0  1  0  0  1  0  1  1  1  0  1  -122.0       1      0.0
113  0  0  0  1  1  0  1  0  0  1  0  1  1  1  1  0  1  1  1  0  0  0  0  0  0  1  1  1  1  1  -122.0       1      0.0
114  0  1  1  0  1  0  1  1  0  1  1  0  0  1  1  0  0  0  0  0  1  1  0  0  0  1  1  0  0  1  -122.0       1      0.0
115  1  0  0  1  1  0  1  0  0  1  0  0  1  1  1  0  1  1  1  0  0  0  1  0  0  1  1  1  1  0  -122.0       1      0.0
434  0  0  1  1  0  0  1  0  0  1  0  1  1  1  1  0  1  1  1  0  0  0  0  0  1  0  0  1  1  0  -122.0       1 0.033333
116  1  0  1  0  0  1  0  0  1  0  1  0  0  0  1  0  0  1  1  1  1  0  1  1  0  1  1  0  0  1 -121.25       1      0.0
117  1  0  0  1  0  1  0  0  0  0  0  1  1  0  1  1  1  1  1  1  0  0  1  1  0  0  0  1  0  1 -121.25       1      0.0
118  1  0  0  1  0  1  0  0  0  0  0  0  1  0  1  1  0  1  1  1  0  1  1  1  0  0  1  1  0  1 -121.25       1      0.0
119  1  0  1  0  1  1  0  0  0  0  0  1  1  0  1  0  0  1  1  0  1  0  0  1  0  1  1  1  0  1 -121.25       1      0.0
120  0  1  0  0  0  1  0  0  0  0  0  0  1  0  1  1  0  1  1  0  1  1  1  1  0  0  1  1  0  0 -121.25       1      0.0
121  1  1  0  1  1  0  1  0  1  1  0  0  1  0  1  0  0  1  1  0  0  0  1  0  0  1  1  1  0  0 -121.25       1      0.0
122  1  1  0  1  0  0  1  0  0  0  0  1  1  0  1  0  1  1  1  0  0  1  1  1  0  1  1  1  0  1 -121.25       1      0.0
123  1  1  1  1  0  0  0  0  0  1  0  1  1  0  1  0  0  1  1  0  1  0  1  0  0  1  1  1  0  0 -121.25       1      0.0
124  0  1  0  1  1  1  1  0  0  1  0  0  1  0  1  1  1  1  1  0  0  0  1  0  0  1  1  0  0  0 -121.25       1      0.0
125  0  1  1  1  1  0  0  0  0  1  0  1  1  0  1  1  1  1  0  0  0  0  1  1  0  0  0  1  1  0 -121.25       1      0.0
126  0  0  1  0  1  1  0  1  0  0  0  0  0  0  1  1  1  1  0  0  1  1  0  1  0  1  1  1  0  1 -121.25       1      0.0
127  1  0  1  0  1  0  1  1  0  1  1  1  0  1  0  0  0  0  1  0  1  0  0  0  0  1  1  1  0  1 -121.25       1      0.0
128  0  1  0  1  1  0  1  0  0  1  0  0  1  0  1  1  1  1  0  0  0  0  1  0  0  0  0  1  1  0 -121.25       1      0.0
129  0  1  0  1  1  1  0  0  0  0  0  1  1  0  1  1  0  1  1  1  0  0  0  1  0  0  1  1  0  1 -121.25       1      0.0
130  0  1  0  1  1  1  0  0  1  0  0  1  1  0  1  0  0  1  1  0  1  0  0  1  1  0  0  1  1  0 -121.25       1      0.0
131  0  1  1  0  1  1  0  0  1  0  1  0  0  1  1  1  0  1  0  1  1  1  0  0  0  1  0  0  0  1 -121.25       1      0.0
132  0  0  1  0  1  1  1  1  0  1  1  0  0  1  0  0  1  0  0  0  1  1  1  0  0  1  1  0  0  1 -121.25       1      0.0
133  1  0  1  0  0  1  1  1  0  1  1  0  0  0  1  1  1  0  0  1  0  1  1  0  0  1  0  0  0  1 -121.25       1      0.0
134  0  1  1  0  1  1  1  1  0  0  1  0  0  1  1  1  0  0  1  0  1  1  0  0  0  1  1  1  0  1 -121.25       1      0.0
135  0  1  0  1  1  0  1  1  0  1  1  0  1  0  1  0  1  0  0  0  0  1  1  0  0  1  0  1  0  1 -121.25       1      0.0
469  1  0  1  0  1  0  0  1  1  0  0  1  0  1  1  1  0  1  1  0  1  0  0  1  0  1  1  1  0  1 -121.25       1 0.033333
136  0  0  0  1  1  0  1  0  0  1  0  1  1  1  1  0  1  1  1  0  1  0  0  0  0  1  1  1  0  1  -121.0       1      0.0
137  1  0  0  1  0  0  1  0  0  1  0  1  1  0  1  0  1  1  1  0  0  0  1  1  1  1  1  1  0  0  -121.0       1      0.0
138  0  0  0  1  1  0  1  0  0  1  0  1  1  1  1  0  0  1  1  1  0  0  1  0  0  1  1  1  0  1  -121.0       1      0.0
139  0  0  1  0  0  1  0  1  0  0  0  1  0  0  1  1  0  1  1  1  1  0  0  1  0  0  1  1  0  1  -121.0       1      0.0
140  1  0  0  1  1  0  1  0  0  0  0  1  1  1  1  0  0  1  1  0  0  0  0  0  0  1  1  1  0  1  -121.0       1      0.0
141  0  1  0  1  0  1  1  0  0  0  0  1  1  0  1  0  0  1  1  0  1  0  1  1  0  0  1  1  0  0  -121.0       1      0.0
142  0  1  0  1  0  1  0  0  1  0  0  1  0  0  1  1  1  1  0  0  0  0  1  1  0  0  0  1  1  1  -121.0       1      0.0
143  1  0  1  0  0  1  0  0  1  0  1  0  0  1  1  1  1  1  0  1  0  0  1  0  0  1  0  0  0  1  -121.0       1      0.0
144  0  1  1  0  1  1  0  1  1  0  0  1  0  0  0  1  0  1  0  1  1  0  0  1  0  0  0  0  1  1  -121.0       1      0.0
145  1  0  1  0  0  1  0  1  1  0  0  1  0  0  0  0  1  1  0  1  1  0  0  1  1  1  0  1  1  1  -121.0       1      0.0
146  1  0  1  0  1  0  1  1  0  1  0  0  0  1  1  1  0  0  0  0  1  1  0  0  0  1  1  0  0  1  -121.0       1      0.0
147  0  1  1  0  1  1  0  0  1  0  1  0  0  1  1  1  0  1  0  0  1  1  0  0  0  1  1  1  0  1  -121.0       1      0.0
148  1  0  1  0  1  0  1  1  0  1  1  0  0  0  1  1  1  0  0  0  0  1  0  0  0  1  0  1  0  1  -121.0       1      0.0
149  0  0  1  1  0  0  0  0  0  1  0  1  1  0  1  1  1  1  0  1  1  0  0  1  1  0  0  1  1  1  -121.0       1      0.0
150  1  1  0  1  1  0  1  0  0  1  0  1  1  0  1  0  0  1  0  0  0  1  1  0  0  1  1  1  0  1  -121.0       1      0.0
151  0  0  0  1  0  1  1  0  0  1  0  1  1  0  1  0  1  1  1  0  0  0  1  1  0  0  0  1  1  0  -121.0       1      0.0
152  0  0  0  1  1  0  0  0  0  1  1  1  1  0  1  0  1  1  1  1  0  0  1  0  0  1  0  1  0  1 -120.25       1      0.0
153  1  0  0  1  1  1  1  0  0  1  1  0  1  0  1  0  1  1  1  1  0  0  1  0  0  1  0  0  0  0 -120.25       1      0.0
154  0  0  1  0  1  1  0  0  1  0  0  0  0  0  1  1  0  1  1  1  1  1  0  1  0  1  1  0  0  1 -120.25       1      0.0
155  0  0  1  0  1  0  1  0  0  1  0  1  0  1  1  1  1  1  1  0  0  0  0  0  0  1  1  1  0  1 -120.25       1      0.0
156  1  0  0  1  0  0  0  0  0  0  0  1  1  0  1  1  1  1  1  1  0  0  1  1  0  1  0  1  0  1 -120.25       1      0.0
157  1  0  1  0  1  1  0  0  1  1  1  0  0  1  1  1  0  1  0  1  1  1  0  1  0  0  1  0  0  1 -120.25       1      0.0
158  0  1  0  1  0  1  0  0  0  1  1  0  1  0  1  1  1  0  1  0  0  1  1  1  0  0  0  1  1  0 -120.25       1      0.0
159  0  0  1  0  1  1  1  1  1  0  1  0  0  0  0  1  0  0  0  1  1  1  0  0  0  0  0  0  1  1 -120.25       1      0.0
160  0  1  0  1  0  1  0  0  0  1  0  1  1  0  1  0  0  1  1  0  1  0  0  1  0  1  1  1  0  1 -120.25       1      0.0
161  0  0  1  0  1  1  0  1  0  1  0  1  0  0  1  1  0  1  0  1  1  1  0  0  0  1  1  0  0  1 -120.25       1      0.0
162  0  0  1  0  1  1  0  1  1  0  0  1  0  1  0  1  1  1  0  0  0  0  0  1  0  1  1  0  1  1 -120.25       1      0.0
163  0  1  0  0  1  1  1  0  0  0  1  0  0  0  1  1  0  0  1  0  1  1  1  0  0  1  1  1  0  1 -120.25       1      0.0
164  1  1  1  0  1  1  0  0  0  0  1  0  0  0  1  1  0  1  0  0  1  1  1  0  0  1  1  0  0  1 -120.25       1      0.0
165  0  0  1  0  0  0  1  1  0  1  0  0  1  1  1  1  1  0  0  0  0  1  0  0  1  1  1  1  0  1 -120.25       1      0.0
166  1  1  0  1  0  0  1  0  0  1  0  1  1  0  1  0  1  0  1  0  0  1  1  1  1  1  1  1  0  0 -120.25       1      0.0
167  0  1  0  1  1  0  1  0  0  1  0  1  1  1  1  0  1  1  1  0  0  0  0  0  0  1  1  1  1  1 -120.25       1      0.0
168  1  1  0  1  0  0  1  0  0  0  0  1  1  1  0  0  0  1  1  0  0  0  1  1  0  0  1  1  1  1 -120.25       1      0.0
169  0  1  0  0  1  1  0  0  1  0  0  1  1  0  1  0  0  1  1  1  1  0  1  1  0  1  1  1  1  0 -120.25       1      0.0
170  0  0  1  0  1  1  0  1  1  0  0  1  0  1  1  1  1  1  0  1  1  0  0  0  0  0  0  0  1  1 -120.25       1      0.0
171  0  0  0  1  0  0  1  0  0  1  0  1  1  1  1  0  1  0  1  0  0  0  1  0  1  1  0  1  1  1 -120.25       1      0.0
172  0  1  0  0  0  1  1  0  0  0  1  0  1  0  1  0  1  0  1  0  0  1  1  0  0  1  0  1  0  1 -120.25       1      0.0
173  0  0  1  0  1  1  0  1  0  0  0  0  0  1  1  1  0  0  0  1  1  1  0  0  0  1  1  0  0  1 -120.25       1      0.0
174  1  1  0  0  1  1  0  0  0  0  0  0  1  0  1  1  1  1  0  0  0  1  1  1  0  0  1  1  0  1 -120.25       1      0.0
452  0  1  1  0  1  1  0  0  1  0  1  0  0  0  1  1  1  0  0  0  0  1  1  0  0  1  1  1  0  1 -120.25       1 0.033333
175  0  0  1  1  1  0  0  0  0  0  0  1  1  0  1  1  1  1  1  0  0  0  0  1  0  0  1  1  0  1  -120.0       1      0.0
176  1  0  0  1  0  0  0  0  0  1  0  1  1  0  1  1  0  1  1  0  0  0  1  1  1  0  1  1  0  0  -120.0       1      0.0
177  0  0  0  1  0  0  1  0  0  1  0  1  1  1  1  1  1  1  1  1  0  0  0  0  1  0  0  1  0  0  -120.0       1      0.0
178  1  0  1  0  0  1  0  1  1  0  0  1  0  0  0  1  1  1  0  1  1  0  0  1  0  1  0  0  0  1  -120.0       1      0.0
179  1  0  0  1  0  0  1  1  0  0  0  1  1  1  0  0  1  0  0  1  0  1  0  1  1  0  0  0  1  1  -120.0       1      0.0
180  1  0  1  0  0  1  1  0  0  0  1  0  0  1  0  1  1  0  0  1  0  1  1  0  0  1  0  0  1  1  -120.0       1      0.0
181  0  1  0  1  1  0  0  0  0  1  0  1  1  1  1  1  1  1  1  0  0  0  0  1  0  0  0  1  0  0  -120.0       1      0.0
182  0  0  1  1  0  0  0  0  0  1  0  1  1  1  1  1  1  0  0  1  0  0  0  1  1  0  0  0  1  1  -120.0       1      0.0
183  1  0  1  1  1  0  1  0  0  1  0  1  1  0  1  1  1  0  0  0  0  1  0  1  0  0  0  1  1  1  -120.0       1      0.0
184  1  0  1  0  1  1  0  1  0  1  1  1  0  1  1  0  0  1  0  1  1  0  0  0  0  1  1  0  0  1  -120.0       1      0.0
185  0  0  1  0  1  0  1  0  1  1  0  1  0  1  1  1  0  1  0  0  1  1  0  0  0  1  1  1  0  1  -120.0       1      0.0
186  1  1  0  1  1  0  1  1  0  0  1  0  1  0  1  1  0  0  1  0  0  1  1  0  0  1  1  1  0  0  -120.0       1      0.0
187  1  0  0  1  1  0  1  0  0  1  1  1  1  1  0  0  1  0  1  0  0  0  0  0  1  1  0  1  1  1  -120.0       1      0.0
188  1  0  1  0  0  1  1  0  0  0  1  0  0  0  1  1  1  0  0  1  0  1  1  0  0  1  0  1  0  1  -120.0       1      0.0
189  1  0  1  0  1  1  0  1  0  0  1  1  0  1  0  1  0  0  0  0  1  1  0  0  0  1  1  0  0  1  -120.0       1      0.0
190  0  1  1  0  0  1  1  1  0  0  1  0  0  0  1  1  0  0  1  0  1  1  0  1  0  1  1  1  0  1  -120.0       1      0.0
436  0  0  0  1  1  0  1  1  0  1  0  1  1  1  1  0  1  1  1  0  0  0  0  0  1  1  0  1  0  1  -120.0       1 0.033333
191  1  0  0  1  1  0  0  0  1  1  0  1  1  0  1  0  0  1  1  1  0  0  1  0  0  1  1  1  0  0 -119.25       1      0.0
192  0  1  0  1  0  0  1  0  0  1  0  1  1  1  1  0  1  0  0  0  0  0  1  1  1  0  1  1  1  0 -119.25       1      0.0
193  0  0  0  1  1  1  0  0  0  1  1  0  1  0  1  0  1  1  1  1  0  0  1  0  1  1  0  1  0  0 -119.25       1      0.0
194  1  0  1  0  1  1  0  0  1  0  0  0  0  0  0  1  0  1  1  0  1  1  0  1  0  1  1  1  0  1 -119.25       1      0.0
195  0  0  1  1  1  0  1  1  0  1  0  1  1  1  1  0  1  1  1  0  0  0  0  0  0  0  1  1  0  0 -119.25       1      0.0
196  1  1  0  1  1  0  1  0  0  1  0  0  1  1  1  0  1  0  0  0  0  1  1  0  0  0  0  1  1  1 -119.25       1      0.0
197  1  0  0  1  1  0  1  1  0  0  0  1  1  0  1  1  0  1  1  0  0  0  0  1  0  0  1  1  0  1 -119.25       1      0.0
198  0  0  1  0  0  1  1  0  1  0  1  0  0  1  1  1  1  0  0  1  0  0  0  0  1  0  0  0  1  1 -119.25       1      0.0
199  1  1  1  1  1  0  0  0  0  0  0  1  1  0  1  0  1  1  0  0  0  0  0  1  0  0  1  1  1  1 -119.25       1      0.0
200  0  0  1  0  0  1  0  0  0  1  0  0  0  0  1  1  0  1  0  0  1  1  1  0  0  1  1  1  0  1 -119.25       1      0.0
201  0  0  1  0  0  1  0  1  1  0  1  0  0  0  1  1  1  0  0  0  1  1  0  1  1  0  1  0  1  1 -119.25       1      0.0
202  1  0  1  0  0  1  0  0  0  0  1  0  0  0  1  1  1  1  0  0  1  1  1  1  0  1  0  1  0  1 -119.25       1      0.0
203  0  0  1  0  1  1  1  0  1  1  1  0  0  1  1  0  1  0  0  0  0  1  1  0  0  1  0  1  1  0 -119.25       1      0.0
204  1  1  0  1  1  1  0  1  0  0  0  0  1  0  1  1  1  1  1  0  0  0  1  1  0  0  1  1  0  1 -119.25       1      0.0
205  0  1  0  1  1  0  0  1  0  0  0  1  1  1  1  1  0  1  1  0  0  0  0  1  0  0  1  1  0  1 -119.25       1      0.0
206  0  1  1  0  1  0  1  0  0  1  0  1  1  0  1  1  0  1  1  0  0  0  0  0  0  1  1  1  0  1 -119.25       1      0.0
207  1  1  0  1  0  1  0  0  1  0  0  1  1  0  1  0  0  0  1  0  0  0  1  1  0  0  1  1  1  1 -119.25       1      0.0
208  0  0  1  0  0  1  0  0  1  1  0  1  0  0  1  1  0  1  0  1  1  1  1  0  0  1  1  0  0  1 -119.25       1      0.0
209  1  1  0  1  0  0  0  0  1  0  0  1  1  0  0  0  1  1  1  0  1  0  1  1  1  1  0  1  1  1 -119.25       1      0.0
210  1  0  0  1  1  0  1  0  0  0  1  1  1  1  1  0  1  0  1  0  0  1  0  0  0  0  0  1  1  1 -119.25       1      0.0
211  1  0  1  0  0  0  1  1  0  0  0  1  1  0  1  1  1  0  0  0  0  1  0  1  0  1  1  1  0  1 -119.25       1      0.0
212  1  0  1  0  1  1  0  1  0  1  1  0  0  0  1  1  0  0  0  1  0  1  1  0  0  1  1  0  0  1 -119.25       1      0.0
213  0  0  1  0  1  0  1  0  0  1  1  1  1  1  1  0  1  0  0  1  1  1  0  0  1  1  0  1  0  1 -119.25       1      0.0
214  0  0  1  0  0  0  0  0  0  1  0  1  0  1  1  1  1  1  0  1  1  1  0  1  1  0  0  0  1  1 -119.25       1      0.0
215  1  0  1  0  0  1  0  0  0  0  0  1  0  0  1  1  0  1  1  1  1  0  1  1  0  0  1  0  1  1 -119.25       1      0.0
467  0  0  1  1  0  0  1  1  0  1  1  0  0  1  1  0  0  0  1  0  1  1  0  0  1  1  1  0  0  1 -119.25       1 0.033333
483  0  1  0  1  0  0  0  0  0  1  0  1  1  1  1  1  0  0  1  0  0  0  1  1  1  0  1  1  1  0 -119.25       1 0.033333
486  1  0  1  1  1  0  0  0  0  0  0  1  1  1  1  0  0  1  1  0  1  0  0  0  0  1  1  1  0  1 -119.25       1 0.033333
216  0  0  1  0  0  1  1  1  0  0  1  0  0  1  1  1  1  1  1  0  0  0  0  0  0  1  1  0  0  1  -119.0       1      0.0
217  0  0  1  1  1  1  0  0  0  0  0  0  1  0  1  1  1  1  1  0  0  0  0  1  0  0  1  1  0  1  -119.0       1      0.0
218  1  0  1  1  1  0  1  0  0  0  0  1  1  1  1  0  1  1  1  0  0  0  0  1  0  1  1  0  0  1  -119.0       1      0.0
219  0  1  0  1  1  0  1  0  0  1  0  1  1  1  1  0  1  0  0  0  0  0  1  0  0  0  0  1  1  1  -119.0       1      0.0
220  0  0  1  0  1  1  0  1  0  1  0  0  0  1  1  1  0  1  1  0  1  0  0  0  0  1  1  0  0  1  -119.0       1      0.0
221  0  0  0  0  1  0  1  0  0  1  0  1  1  0  1  0  1  1  1  1  0  0  1  0  0  1  0  1  0  1  -119.0       1      0.0
222  0  1  0  1  1  0  0  0  0  1  0  1  1  0  1  1  1  0  0  0  0  1  0  1  0  0  0  1  1  1  -119.0       1      0.0
223  0  0  1  0  1  1  0  0  0  0  0  1  1  0  1  0  0  1  1  1  1  1  0  1  0  1  1  1  0  1  -119.0       1      0.0
224  1  0  0  0  1  1  1  0  0  1  1  0  1  0  1  0  1  0  1  1  0  1  1  0  0  1  0  1  0  1  -119.0       1      0.0
225  0  0  1  1  0  0  1  1  1  1  1  0  0  1  0  0  1  0  0  0  0  1  0  0  1  0  0  1  1  1  -119.0       1      0.0
226  0  0  0  1  1  1  1  0  0  1  1  0  1  0  1  0  1  0  1  1  0  1  1  0  0  0  0  0  0  1  -119.0       1      0.0
227  0  1  0  0  1  1  0  0  0  0  0  1  1  0  1  0  1  1  1  0  0  0  0  1  0  1  1  1  0  1  -119.0       1      0.0
228  0  1  0  0  1  0  1  1  0  1  0  1  1  1  1  0  0  1  1  1  1  0  0  0  0  1  1  1  0  0  -119.0       1      0.0
229  0  1  0  0  0  1  0  0  0  0  0  0  1  0  1  1  0  1  1  0  1  1  1  0  0  1  1  1  0  1  -119.0       1      0.0
230  1  0  1  0  1  0  1  0  0  1  0  0  1  0  1  1  1  0  0  1  0  1  1  0  0  1  0  1  1  1  -119.0       1      0.0
231  0  0  1  1  1  1  1  1  0  0  1  0  0  1  1  0  0  0  1  0  1  1  1  0  0  1  1  0  0  1  -119.0       1      0.0
232  1  0  1  1  1  0  1  0  0  1  0  1  1  1  1  0  1  0  0  0  0  0  0  0  0  0  1  0  1  1  -119.0       1      0.0
233  0  0  1  1  1  1  1  1  0  1  1  0  0  1  1  1  1  0  0  1  0  0  0  0  0  0  0  1  1  1  -119.0       1      0.0
234  1  0  1  0  1  0  1  0  0  1  1  1  0  1  1  1  1  1  0  0  0  1  0  0  0  1  1  0  0  1  -119.0       1      0.0
235  0  0  1  0  1  0  1  0  0  1  0  1  1  0  1  1  0  1  0  0  0  1  0  0  0  1  1  1  0  1  -119.0       1      0.0
236  0  0  1  0  0  1  0  1  1  0  0  1  0  0  0  1  1  0  0  1  0  1  0  1  1  1  1  0  0  1  -119.0       1      0.0
237  0  1  0  0  0  1  1  0  0  1  1  0  0  0  1  1  1  0  1  0  0  1  1  0  0  1  0  1  0  1  -119.0       1      0.0
238  1  1  0  0  0  0  1  0  0  0  0  0  1  0  1  0  1  1  1  0  0  0  1  1  0  1  0  1  1  1  -119.0       1      0.0
239  0  0  1  0  1  1  1  1  1  0  0  0  0  1  1  1  1  0  0  0  1  1  0  0  0  1  0  0  0  1  -119.0       1      0.0
240  1  1  0  1  1  1  1  1  0  1  1  0  1  0  1  0  1  0  1  1  0  1  1  0  0  1  0  1  0  0  -119.0       1      0.0
241  1  1  0  0  1  1  0  1  1  0  1  0  0  0  1  1  1  0  1  0  0  1  1  0  0  1  0  1  0  1  -119.0       1      0.0
242  0  1  0  0  0  0  0  0  1  1  0  1  1  0  1  1  1  1  0  0  0  0  1  1  0  1  1  1  0  0  -119.0       1      0.0
243  0  0  1  0  1  1  0  1  0  1  1  1  0  0  1  1  1  0  0  1  1  1  0  0  0  1  1  0  0  1  -119.0       1      0.0
244  0  0  1  1  1  1  0  0  0  0  0  1  1  0  1  1  1  1  0  0  1  0  0  1  0  0  1  1  1  1  -119.0       1      0.0
245  1  1  0  1  0  0  1  1  0  1  1  1  1  0  1  0  0  0  1  0  0  0  1  0  0  1  1  1  0  1  -119.0       1      0.0
246  0  0  1  0  0  1  0  0  1  0  0  1  0  1  1  1  0  0  0  0  1  1  0  1  0  1  1  1  0  1  -119.0       1      0.0
247  1  0  1  0  1  0  0  0  0  0  0  1  1  0  1  0  1  1  1  0  1  0  0  1  0  0  0  1  1  1  -119.0       1      0.0
248  1  1  1  0  1  1  1  1  0  0  1  0  0  0  1  1  1  0  0  0  0  1  0  0  0  1  0  0  0  1  -119.0       1      0.0
478  0  1  0  1  1  0  1  0  0  1  0  1  1  1  1  1  0  0  0  0  0  0  1  0  0  0  1  1  1  0  -119.0       1 0.033333
249  0  0  1  0  1  0  1  0  0  1  0  1  1  0  1  0  0  1  1  0  1  1  0  0  0  1  1  1  0  1 -118.25       1      0.0
250  0  0  1  0  1  1  0  1  0  0  1  0  0  1  1  1  0  0  1  0  1  0  0  1  0  0  1  0  0  1 -118.25       1      0.0
251  0  0  1  0  0  0  1  1  1  1  0  0  0  1  1  1  0  1  0  1  1  0  0  0  1  1  1  0  0  1 -118.25       1      0.0
252  0  1  0  1  0  0  1  0  0  0  0  1  1  1  1  0  0  1  1  1  0  0  1  0  1  1  0  0  0  0 -118.25       1      0.0
253  0  1  1  0  1  0  1  0  0  1  0  1  1  1  1  1  1  1  1  0  0  0  0  0  0  1  1  1  0  1 -118.25       1      0.0
254  0  0  1  0  1  0  1  0  0  1  0  1  1  0  1  1  1  0  0  0  0  0  0  0  1  0  0  1  1  1 -118.25       1      0.0
255  1  0  1  0  1  1  0  1  1  0  0  0  0  1  0  1  0  1  0  0  1  1  1  0  0  1  1  1  0  0 -118.25       1      0.0
256  0  0  1  0  1  1  1  0  0  1  0  0  1  0  1  1  1  1  0  0  1  0  0  0  0  1  1  1  0  1 -118.25       1      0.0
257  1  1  0  1  1  0  1  0  0  1  0  1  1  1  1  0  0  0  1  0  0  0  1  0  0  0  0  1  1  1 -118.25       1      0.0
258  0  0  1  0  0  0  1  0  0  1  1  1  1  1  1  0  0  0  0  0  1  1  0  0  1  1  1  0  1  1 -118.25       1      0.0
259  0  1  0  0  1  1  0  0  0  0  0  1  1  0  1  0  0  1  1  0  0  0  1  1  0  1  1  0  0  1 -118.25       1      0.0
260  0  1  1  0  1  1  0  0  1  0  0  1  0  0  1  1  1  1  0  0  1  0  0  1  0  1  1  1  0  0 -118.25       1      0.0
261  0  0  0  1  1  1  1  0  0  0  0  1  1  0  1  0  1  0  1  0  0  0  1  0  0  1  1  1  1  1 -118.25       1      0.0
262  1  1  0  0  1  0  1  1  0  1  0  1  1  1  1  0  1  0  1  0  0  0  0  0  0  1  1  1  0  0 -118.25       1      0.0
263  0  1  1  1  1  1  0  0  1  0  0  1  1  0  1  0  1  1  1  0  0  0  0  1  0  0  0  1  1  0 -118.25       1      0.0
264  0  0  1  0  1  0  1  0  0  1  0  1  0  1  1  0  1  1  0  0  1  1  0  0  0  1  0  1  1  1 -118.25       1      0.0
265  0  1  1  0  1  0  1  1  0  1  0  1  0  1  0  1  0  1  0  0  1  0  0  0  0  1  1  1  0  1 -118.25       1      0.0
266  0  0  1  0  0  1  0  1  1  0  0  1  0  0  1  1  1  0  0  0  1  1  1  1  0  1  1  0  0  1 -118.25       1      0.0
267  1  0  1  0  1  1  1  1  0  0  0  0  1  0  1  1  1  0  0  1  0  1  0  0  0  1  0  1  0  1 -118.25       1      0.0
268  1  1  0  1  1  0  0  1  0  0  0  1  1  0  1  1  0  0  1  0  0  0  0  1  0  1  1  1  0  1 -118.25       1      0.0
269  1  1  0  1  0  0  0  0  0  0  0  1  1  1  1  1  0  1  1  0  0  0  0  1  1  0  1  0  1  1 -118.25       1      0.0
270  0  1  0  1  1  0  1  0  0  1  0  1  1  0  1  0  0  0  1  0  1  0  0  1  0  1  1  1  0  1 -118.25       1      0.0
271  0  1  0  1  1  0  0  0  0  1  0  1  1  0  1  1  0  1  1  0  1  0  1  1  0  0  1  1  1  1 -118.25       1      0.0
272  0  0  0  1  1  0  1  0  0  1  0  1  1  1  0  0  1  1  1  0  0  0  0  1  0  0  1  1  1  1 -118.25       1      0.0
273  0  1  1  0  0  0  1  0  0  1  1  0  0  1  1  1  1  0  0  1  1  1  0  0  1  1  0  0  0  1 -118.25       1      0.0
274  0  1  1  0  0  1  0  0  1  0  1  0  0  0  1  1  0  0  0  0  0  1  1  0  0  1  1  1  0  1 -118.25       1      0.0
275  0  1  1  0  1  1  1  1  0  0  0  0  0  1  1  1  0  0  0  0  1  1  0  0  0  0  1  0  0  1 -118.25       1      0.0
468  0  0  1  1  0  0  1  1  0  1  1  1  0  1  1  0  1  0  0  0  1  1  0  0  1  1  0  1  1  1 -118.25       1 0.033333
471  1  0  1  0  0  1  1  0  0  0  1  0  1  0  1  0  1  0  1  0  0  1  1  1  0  1  1  0  0  1 -118.25       1 0.033333
276  0  1  1  0  1  0  1  1  0  1  0  1  1  0  0  0  1  0  0  0  1  1  0  0  1  1  0  1  1  1  -118.0       1      0.0
277  0  0  0  0  0  1  0  1  1  0  0  1  0  0  0  1  1  1  1  0  1  0  0  1  0  1  1  1  0  1  -118.0       1      0.0
278  1  0  1  0  1  0  1  0  0  1  0  1  1  0  1  0  1  1  1  1  0  0  1  0  0  1  0  1  0  1  -118.0       1      0.0
279  0  0  1  1  1  0  0  0  0  1  0  1  1  1  1  0  1  1  1  0  0  0  1  1  0  1  1  1  0  0  -118.0       1      0.0
280  0  1  0  0  1  0  1  0  0  1  0  1  1  0  1  1  1  0  0  0  0  1  0  1  0  0  0  1  1  1  -118.0       1      0.0
281  1  0  0  1  1  0  0  1  0  0  0  1  1  0  0  1  1  0  0  0  0  1  0  1  0  0  1  1  1  1  -118.0       1      0.0
282  0  1  0  0  1  1  0  1  0  0  0  0  1  0  1  1  0  1  1  0  0  0  0  1  0  1  1  1  0  1  -118.0       1      0.0
283  0  0  1  0  1  1  0  1  1  1  0  1  0  0  1  1  1  0  0  0  0  0  0  1  0  0  0  1  1  1  -118.0       1      0.0
284  1  0  1  0  1  0  1  0  0  1  1  1  0  1  0  0  0  0  0  0  1  1  0  0  0  1  0  1  1  1  -118.0       1      0.0
285  1  0  1  0  1  1  1  0  0  0  1  0  1  0  1  0  1  0  1  0  0  1  0  0  0  1  1  0  0  1  -118.0       1      0.0
286  0  0  0  1  0  1  0  0  0  1  0  1  1  0  1  1  1  0  0  0  0  1  1  1  0  0  0  1  1  1  -118.0       1      0.0
287  1  0  1  0  0  1  0  1  1  1  0  1  0  0  0  1  0  1  0  0  1  0  0  1  0  1  1  0  0  1  -118.0       1      0.0
288  0  1  0  1  1  0  1  0  0  1  0  1  1  1  1  1  1  1  1  0  0  0  0  0  0  1  0  1  0  1  -118.0       1      0.0
289  1  0  1  1  1  1  0  1  1  0  0  1  0  1  0  1  0  1  0  0  1  0  0  0  0  1  1  1  0  1  -118.0       1      0.0
290  0  0  1  0  0  1  0  0  1  0  0  0  1  0  1  1  1  0  0  1  0  1  1  1  0  0  1  0  1  1  -118.0       1      0.0
291  0  0  1  0  1  1  1  0  0  0  1  1  1  1  1  0  1  0  1  0  1  1  0  0  0  1  1  0  0  1  -118.0       1      0.0
292  1  0  0  0  1  0  1  0  0  1  1  0  1  1  1  1  1  0  1  0  0  1  1  0  0  1  0  1  0  1  -118.0       1      0.0
293  1  0  1  0  1  1  0  1  1  1  1  0  0  0  1  1  0  0  0  0  0  1  1  0  0  1  1  1  0  1  -118.0       1      0.0
294  0  0  1  0  1  1  1  1  0  1  1  1  0  0  1  1  1  0  0  1  0  1  0  0  0  0  0  0  0  1  -118.0       1      0.0
295  1  0  1  0  0  1  0  1  1  0  1  1  0  0  1  1  1  0  0  0  1  1  0  1  1  1  0  0  0  1  -118.0       1      0.0
296  1  0  0  1  1  1  1  0  0  0  1  1  1  1  1  0  1  0  1  1  0  0  1  0  0  0  0  0  1  1  -118.0       1      0.0
297  1  0  0  1  0  0  1  0  0  1  0  1  1  1  1  0  1  0  1  1  0  0  1  0  0  0  0  0  1  1  -118.0       1      0.0
298  0  0  0  1  1  0  0  0  0  1  0  1  1  1  1  1  1  1  0  0  1  0  0  0  0  0  0  1  1  1  -118.0       1      0.0
299  1  1  0  1  1  0  1  1  0  1  1  0  1  1  1  0  0  0  1  0  0  0  1  0  0  1  1  0  0  1  -118.0       1      0.0
300  0  1  0  0  1  1  0  1  1  0  0  1  0  0  1  1  0  0  1  0  1  0  0  1  0  1  1  1  0  0  -118.0       1      0.0
301  1  0  1  1  1  0  1  1  0  1  0  0  0  1  0  1  1  0  0  0  1  1  0  0  0  1  1  1  0  1  -118.0       1      0.0
302  1  0  0  1  1  0  1  0  0  1  0  1  1  0  1  0  1  1  1  0  0  0  1  0  0  1  1  0  1  1  -118.0       1      0.0
303  0  1  0  0  1  1  1  1  0  1  0  0  1  0  1  1  0  0  0  1  0  1  0  0  0  1  1  0  0  1  -118.0       1      0.0
304  1  0  0  0  1  1  1  0  0  0  0  1  1  0  1  0  0  1  1  0  1  0  0  1  0  1  1  1  1  1  -118.0       1      0.0
485  0  0  1  0  1  0  1  0  0  1  1  0  0  1  1  0  1  1  1  1  1  0  1  0  0  1  1  0  0  1  -118.0       1 0.033333
488  1  0  1  0  1  1  0  0  1  0  0  1  1  0  1  1  0  1  1  0  0  0  0  1  0  1  1  1  0  1  -118.0       1 0.033333
305  0  1  0  1  1  0  1  1  0  1  0  1  1  1  0  1  1  0  0  0  0  0  0  0  0  0  1  1  1  1 -117.25       1      0.0
306  1  0  0  1  0  0  0  0  0  0  0  0  1  0  1  1  1  1  1  0  0  0  1  1  0  1  0  1  0  1 -117.25       1      0.0
307  1  0  0  1  0  0  1  1  0  1  1  0  0  1  1  0  1  1  1  0  0  0  1  0  0  1  0  1  0  1 -117.25       1      0.0
308  0  0  0  0  1  1  1  0  0  0  0  0  1  1  1  0  0  1  1  1  0  0  1  0  0  1  1  0  0  1 -117.25       1      0.0
309  1  0  0  0  1  1  0  0  1  0  0  1  0  0  1  1  0  1  1  1  1  1  0  1  0  0  1  0  0  1 -117.25       1      0.0
310  0  0  0  1  0  0  0  0  0  0  0  1  1  1  1  1  0  1  1  0  1  0  0  1  0  0  1  1  0  1 -117.25       1      0.0
311  1  0  1  0  0  1  0  1  1  0  1  1  0  0  1  1  0  1  1  0  1  0  0  1  0  1  1  1  0  1 -117.25       1      0.0
312  0  0  1  0  1  1  1  1  0  1  1  0  1  1  1  0  0  0  1  1  0  0  1  0  0  1  1  0  0  0 -117.25       1      0.0
313  0  0  0  1  1  0  1  1  0  1  0  1  1  0  1  0  1  0  1  1  0  1  0  0  0  1  1  1  0  0 -117.25       1      0.0
314  0  1  0  1  1  1  1  0  0  0  0  1  1  1  1  0  0  0  1  0  0  0  1  0  0  1  1  1  1  0 -117.25       1      0.0
315  0  0  1  0  0  0  1  0  0  1  0  0  0  1  1  1  1  1  0  1  0  1  0  0  1  1  0  0  0  1 -117.25       1      0.0
316  0  0  1  0  0  0  1  0  0  0  1  0  0  1  1  1  0  0  0  1  1  1  0  0  1  1  0  0  1  1 -117.25       1      0.0
317  0  0  1  1  1  1  0  0  1  0  0  1  0  0  1  1  1  1  0  0  1  1  0  1  0  0  0  1  0  1 -117.25       1      0.0
318  0  0  1  0  0  1  1  1  0  1  1  0  0  1  0  1  0  0  0  1  1  0  0  1  0  0  0  0  1  1 -117.25       1      0.0
319  0  0  1  0  1  1  1  1  1  0  1  0  0  0  1  1  1  0  1  0  0  0  0  1  0  1  1  0  0  1 -117.25       1      0.0
320  1  1  0  1  1  0  1  0  0  0  0  1  1  0  1  0  0  1  1  0  0  0  0  0  0  1  1  0  0  1 -117.25       1      0.0
321  0  0  1  0  1  0  0  1  1  1  0  1  0  1  0  1  1  1  0  0  0  0  0  0  0  0  0  1  1  1 -117.25       1      0.0
322  0  0  1  0  0  1  0  0  1  0  0  1  0  0  1  1  1  1  0  0  1  0  1  1  0  1  1  1  1  0 -117.25       1      0.0
323  0  0  1  0  1  1  1  1  1  0  1  1  0  0  1  1  1  0  0  0  0  0  0  0  0  1  1  1  0  1 -117.25       1      0.0
324  0  0  1  1  0  0  1  0  0  1  0  1  0  1  1  1  1  1  0  1  1  0  0  1  1  0  0  1  1  1 -117.25       1      0.0
325  0  1  0  0  0  1  0  0  0  1  0  1  1  0  1  1  0  1  1  1  1  0  0  1  1  1  0  0  1  0 -117.25       1      0.0
326  0  1  0  1  0  0  1  0  0  0  0  1  1  0  1  1  0  1  1  0  1  0  1  1  0  0  1  1  1  0 -117.25       1      0.0
327  1  0  1  0  1  1  0  1  0  0  1  0  1  0  1  1  0  0  0  1  1  1  0  0  0  1  1  0  0  1 -117.25       1      0.0
329  0  0  1  0  1  1  1  0  0  1  0  1  0  1  1  1  0  1  0  0  1  0  0  0  1  0  1  0  1  1 -117.25       1      0.0
330  1  0  1  0  1  0  1  0  0  0  0  1  1  1  1  1  0  0  0  0  0  1  0  1  0  1  1  1  0  1 -117.25       1      0.0
331  1  0  1  0  1  0  1  1  1  0  0  1  0  0  1  1  0  0  0  1  1  0  0  1  0  0  1  1  0  1 -117.25       1      0.0
332  0  1  0  1  0  1  0  1  1  0  0  1  0  0  1  1  0  0  1  0  0  1  1  1  0  0  1  1  0  1 -117.25       1      0.0
333  0  0  0  1  1  0  1  0  0  1  0  0  1  1  1  1  1  1  1  0  0  0  0  0  0  0  0  1  1  0 -117.25       1      0.0
334  0  1  1  1  1  1  1  1  0  0  1  0  0  0  1  1  1  0  0  0  0  1  0  0  0  1  0  1  0  1 -117.25       1      0.0
335  0  1  1  0  0  1  1  0  0  1  1  0  1  1  1  0  0  0  0  0  1  1  0  0  1  1  1  0  0  1 -117.25       1      0.0
479  0  0  1  1  1  0  1  0  0  1  0  0  1  1  1  1  1  0  0  0  0  1  1  0  1  0  1  0  1  0 -117.25       1 0.033333
336  1  0  0  0  0  1  0  0  0  0  0  1  1  0  1  1  1  1  1  1  0  0  0  1  0  1  1  0  0  1  -117.0       1      0.0
337  1  0  1  0  1  0  0  0  0  1  0  1  1  0  1  1  1  1  1  0  1  0  0  0  0  1  1  1  0  1  -117.0       1      0.0
338  1  0  0  1  1  1  0  0  0  0  0  1  1  0  1  0  1  1  1  0  0  0  0  0  0  1  1  1  0  1  -117.0       1      0.0
339  0  0  0  1  0  1  0  0  0  0  0  1  0  1  1  1  0  1  1  1  1  0  0  1  0  1  1  0  0  1  -117.0       1      0.0
340  0  1  1  1  1  1  0  1  1  0  0  1  0  0  1  1  0  0  0  0  0  1  0  1  0  0  1  1  1  1  -117.0       1      0.0
341  1  0  0  1  1  0  1  0  0  0  1  1  1  0  0  0  1  0  0  1  0  1  1  0  0  0  0  1  1  1  -117.0       1      0.0
342  1  0  1  0  1  0  1  0  1  0  0  1  0  1  0  1  1  1  0  1  0  0  0  0  0  1  0  1  0  1  -117.0       1      0.0
343  1  1  0  1  0  0  1  0  0  1  0  0  1  1  1  1  1  0  1  0  0  0  1  0  1  1  0  1  1  0  -117.0       1      0.0
344  1  0  1  0  0  1  0  0  1  1  0  0  0  0  1  1  0  1  0  0  1  1  1  0  0  0  1  1  0  1  -117.0       1      0.0
345  0  0  1  0  0  1  0  0  1  1  0  1  0  1  1  1  1  1  0  1  0  0  1  0  0  1  1  0  0  0  -117.0       1      0.0
346  0  0  1  1  1  0  1  0  0  1  1  0  0  1  1  1  0  1  0  1  1  1  0  0  0  0  0  0  0  1  -117.0       1      0.0
347  1  0  0  1  0  0  1  0  0  1  1  1  1  1  1  0  1  0  1  0  0  0  1  0  1  1  0  1  0  1  -117.0       1      0.0
348  1  0  0  1  1  0  1  1  0  1  1  1  0  1  1  0  1  0  1  0  0  0  0  0  0  1  0  0  0  1  -117.0       1      0.0
349  0  1  1  1  1  1  0  1  0  0  0  0  0  0  1  1  1  1  1  0  1  0  0  1  0  0  1  1  0  1  -117.0       1      0.0
350  0  0  1  0  1  1  0  0  0  0  0  1  0  1  1  1  1  1  0  1  1  1  0  0  0  1  0  0  0  1  -117.0       1      0.0
351  0  0  0  1  0  1  1  0  0  1  0  0  1  0  1  0  1  0  0  1  0  1  1  1  1  0  0  0  1  1  -117.0       1      0.0
352  1  0  0  0  1  1  1  0  0  0  1  0  1  0  1  1  1  0  1  0  0  1  1  0  0  1  0  0  0  1  -117.0       1      0.0
353  1  0  1  1  1  1  1  1  1  0  1  0  0  1  0  1  1  0  1  0  0  1  0  0  0  0  0  1  0  1  -117.0       1      0.0
354  0  0  1  0  1  0  0  1  0  1  0  1  0  1  1  1  1  0  0  0  1  0  0  0  0  1  0  1  1  1  -117.0       1      0.0
355  0  0  1  0  0  0  1  0  0  1  1  0  0  1  1  1  0  0  0  1  1  1  0  1  0  0  0  1  1  1  -117.0       1      0.0
356  0  1  1  0  1  1  1  0  0  1  1  0  0  0  1  1  0  1  0  0  0  1  1  0  0  1  0  1  0  0  -117.0       1      0.0
357  0  1  0  0  1  0  1  0  0  1  0  0  1  1  1  1  0  1  1  0  0  0  1  0  0  0  1  1  1  0  -117.0       1      0.0
358  1  0  1  0  1  0  1  1  0  1  1  0  1  0  1  0  0  0  0  0  1  1  0  0  0  1  0  1  0  1  -117.0       1      0.0
359  0  1  0  0  1  1  1  1  0  1  0  0  1  1  1  1  0  0  1  0  0  1  0  0  0  1  1  1  0  1  -117.0       1      0.0
360  1  1  1  1  0  1  0  1  1  0  1  1  0  0  0  0  0  0  1  0  1  0  1  1  0  1  1  1  0  0  -117.0       1      0.0
361  1  1  0  1  1  0  1  0  0  1  1  1  1  0  1  0  0  1  0  0  0  1  1  0  0  1  0  1  0  1  -117.0       1      0.0
362  1  0  0  1  0  0  1  0  0  0  1  1  1  0  1  0  1  1  1  1  0  0  1  0  1  1  0  0  1  1  -117.0       1      0.0
482  0  0  1  1  0  1  0  0  1  0  1  0  0  1  0  1  1  0  0  1  1  1  0  1  0  0  0  0  1  1  -117.0       1 0.033333
484  0  1  0  1  0  1  0  1  0  0  0  1  0  0  1  0  1  1  1  0  1  0  1  1  0  0  0  1  0  1  -117.0       1 0.033333
364  0  0  1  0  1  0  1  0  0  1  0  0  1  1  1  0  0  1  1  1  0  1  1  0  0  1  1  0  0  1 -116.25       1      0.0
365  1  0  1  0  0  1  0  0  0  0  0  1  1  0  0  1  1  1  0  0  0  1  1  1  0  1  1  1  0  1 -116.25       1      0.0
366  0  0  1  0  1  1  1  1  0  0  1  1  1  0  1  0  0  1  1  1  1  0  0  1  0  1  1  0  0  1 -116.25       1      0.0
367  1  0  1  0  1  1  1  0  0  0  0  1  0  0  1  0  0  1  1  1  1  0  0  1  0  1  0  1  0  1 -116.25       1      0.0
368  0  0  0  1  1  1  1  1  0  0  1  0  0  1  1  1  1  0  1  0  1  0  0  0  0  1  1  0  0  1 -116.25       1      0.0
369  0  1  0  1  0  1  0  0  0  0  0  0  1  0  1  1  0  1  1  0  0  1  0  1  1  1  1  1  0  1 -116.25       1      0.0
370  0  1  0  1  0  0  1  0  0  1  1  1  1  0  1  0  1  0  1  0  0  1  0  1  0  0  0  1  1  1 -116.25       1      0.0
371  1  0  1  0  0  0  0  1  1  1  0  1  0  1  0  0  0  0  0  1  1  0  0  1  1  1  0  0  1  0 -116.25       1      0.0
372  0  1  0  1  1  0  1  1  0  1  0  1  1  0  0  0  0  1  0  0  0  0  1  0  0  1  1  1  1  1 -116.25       1      0.0
373  0  0  0  1  0  1  0  0  0  0  1  0  1  1  1  0  1  0  1  1  0  1  1  1  0  1  1  0  0  1 -116.25       1      0.0
374  1  1  0  1  1  0  1  0  0  0  0  1  1  0  1  0  1  1  0  0  1  0  0  1  0  1  1  1  1  1 -116.25       1      0.0
375  1  0  1  1  1  0  1  1  0  1  0  1  0  1  0  0  0  0  1  1  1  1  0  0  1  1  1  0  0  1 -116.25       1      0.0
376  1  0  1  0  0  1  1  1  0  0  1  1  0  1  1  0  0  0  1  0  1  1  0  0  0  1  0  1  0  1 -116.25       1      0.0
377  0  0  1  0  1  1  0  1  0  1  1  1  1  1  1  0  0  0  1  0  1  0  0  0  0  1  1  0  0  1 -116.25       1      0.0
379  0  1  0  1  1  1  1  1  0  0  1  0  1  0  1  0  0  0  1  0  1  0  0  1  0  0  1  1  0  1 -116.25       1      0.0
380  1  1  0  0  0  0  0  0  0  0  0  1  1  0  1  1  1  1  1  0  0  0  0  1  1  1  0  1  1  1 -116.25       1      0.0
381  0  0  1  1  0  1  1  0  0  0  1  0  0  1  1  1  1  1  0  1  0  1  0  0  1  0  0  0  1  1 -116.25       1      0.0
382  0  0  0  1  1  0  1  1  0  1  1  1  1  1  1  0  1  0  0  0  0  0  1  0  0  1  0  1  0  1 -116.25       1      0.0
383  0  1  0  0  1  0  1  0  0  1  0  1  1  0  1  0  1  0  1  0  0  0  0  0  0  1  1  1  0  1 -116.25       1      0.0
384  0  1  1  0  0  1  0  1  1  0  1  0  0  1  1  1  1  0  1  0  1  1  1  0  0  1  1  0  0  1 -116.25       1      0.0
385  1  1  0  0  1  1  1  0  1  0  1  0  0  0  0  1  0  1  0  0  1  1  0  0  0  1  1  1  0  1 -116.25       1      0.0
386  1  1  1  0  1  1  0  1  0  1  0  1  0  0  0  1  0  0  0  0  1  0  0  1  0  1  1  1  0  1 -116.25       1      0.0
387  0  1  1  1  0  1  1  1  0  1  1  0  0  0  1  1  1  0  0  1  0  1  1  0  0  0  0  0  0  1 -116.25       1      0.0
489  0  1  0  1  1  1  0  0  0  0  0  1  1  1  1  0  0  1  1  0  1  1  0  0  0  1  1  0  0  1 -116.25       1 0.033333
494  0  0  1  1  0  1  0  0  0  1  1  0  0  0  1  1  1  0  0  1  0  1  1  0  0  1  0  1  1  1 -116.25       1 0.033333
388  0  0  0  1  1  1  1  0  0  1  1  0  0  1  1  1  1  1  1  0  0  0  1  0  0  0  1  1  0  1  -116.0       1      0.0
389  0  1  0  0  0  1  1  0  0  1  1  0  1  0  1  0  0  0  1  1  0  1  1  0  0  1  1  1  1  1  -116.0       1      0.0
390  0  1  0  0  1  0  0  0  0  1  0  1  1  0  1  1  1  1  0  0  0  0  1  1  0  1  1  1  1  1  -116.0       1      0.0
391  1  0  1  1  0  0  1  0  0  1  1  1  1  1  1  0  1  0  1  1  0  1  0  0  1  0  0  0  0  1  -116.0       1      0.0
392  1  0  1  1  0  1  1  1  1  0  1  0  0  1  0  1  0  0  0  1  1  0  0  0  0  0  0  0  1  1  -116.0       1      0.0
393  0  1  0  1  1  0  1  0  0  1  0  1  0  1  1  1  1  1  1  0  0  0  0  0  0  1  1  1  0  1  -116.0       1      0.0
394  0  0  1  1  0  1  0  1  1  0  1  0  0  1  0  1  0  0  0  0  0  1  0  1  1  0  0  1  1  1  -116.0       1      0.0
395  0  1  1  0  1  0  0  0  1  0  0  1  0  1  1  1  0  1  0  0  1  0  0  1  1  1  0  1  1  1  -116.0       1      0.0
396  0  0  0  1  1  1  0  1  1  0  1  1  0  1  1  0  0  0  1  1  1  0  0  0  0  1  0  0  0  1  -116.0       1      0.0
397  1  0  1  1  1  0  1  0  0  1  1  1  1  0  1  0  1  1  0  1  0  0  0  0  0  1  0  0  1  1  -116.0       1      0.0
398  0  0  1  1  0  0  0  0  0  1  0  1  1  0  1  0  1  1  0  0  0  0  1  0  0  0  0  1  1  1  -116.0       1      0.0
399  0  1  0  1  1  0  1  0  1  1  0  1  1  0  1  0  0  0  1  1  1  0  1  0  0  1  1  1  0  0  -116.0       1      0.0
400  0  0  0  1  1  0  1  1  0  1  0  1  1  0  1  1  1  0  1  1  0  0  0  0  1  0  0  1  1  1  -116.0       1      0.0
401  0  0  1  1  1  1  0  1  0  1  1  1  0  1  1  1  0  0  0  1  0  1  0  1  1  0  0  0  0  1  -116.0       1      0.0
402  0  0  1  0  1  1  1  0  0  0  1  1  1  1  1  0  0  1  1  1  0  0  0  0  0  1  1  0  1  1  -116.0       1      0.0
490  0  0  0  1  1  0  1  0  0  1  0  0  1  0  1  1  1  1  1  1  0  0  0  0  0  0  0  1  1  1  -116.0       1 0.033333
403  1  1  1  0  0  1  0  0  1  0  0  1  1  0  1  0  1  0  0  0  1  0  0  1  0  0  1  1  1  1 -115.25       1      0.0
404  0  1  1  0  0  1  0  0  1  0  0  1  1  0  0  1  0  0  0  1  0  0  0  1  1  0  0  1  1  1 -115.25       1      0.0
405  0  0  0  0  1  1  0  1  1  0  1  1  0  1  0  0  0  1  1  0  1  0  0  1  0  1  1  1  0  1 -115.25       1      0.0
406  1  0  1  1  1  0  0  0  0  0  1  1  0  1  1  1  0  1  1  0  1  0  0  0  0  1  1  0  0  1 -115.25       1      0.0
407  0  0  0  0  1  1  1  0  0  1  0  1  1  0  1  0  0  1  1  0  0  0  0  0  0  1  1  1  0  1 -115.25       1      0.0
408  1  1  1  0  1  1  1  0  0  0  1  0  1  1  1  1  1  1  1  0  0  0  0  0  0  1  1  0  0  1 -115.25       1      0.0
409  0  1  1  0  0  0  1  1  0  1  0  1  0  1  1  1  1  1  0  0  0  0  0  0  1  0  0  1  1  1 -115.25       1      0.0
410  1  1  0  1  1  0  1  0  0  1  0  1  1  0  1  1  1  1  1  0  1  0  0  0  0  0  1  1  0  1 -115.25       1      0.0
411  1  0  1  0  0  1  0  0  0  0  0  0  1  0  1  1  1  1  0  1  0  1  1  1  1  1  0  0  0  1 -115.25       1      0.0
412  1  0  1  0  1  0  1  0  0  1  0  1  1  1  1  0  1  1  0  0  0  1  1  0  0  1  0  1  0  0 -115.25       1      0.0
413  0  0  0  1  1  1  0  0  0  0  0  1  1  0  1  1  1  0  1  0  0  0  1  1  0  1  1  1  0  1 -115.25       1      0.0
414  0  1  0  1  0  1  0  0  1  1  1  0  0  1  1  1  1  1  0  0  1  0  1  0  1  1  0  0  0  0 -115.25       1      0.0
415  0  0  1  0  1  1  1  0  0  0  0  1  1  0  1  1  0  1  0  0  1  0  0  0  0  1  1  1  1  1 -115.25       1      0.0
493  1  0  1  0  1  0  1  0  0  1  0  1  0  1  1  1  1  1  0  0  1  0  0  0  1  1  0  0  0  1 -115.25       1 0.033333
497  1  0  1  0  0  1  1  0  0  1  1  0  1  0  1  0  0  0  1  0  0  1  1  0  0  1  1  1  0  1 -115.25       1 0.066667
416  0  0  1  0  1  1  1  0  1  0  1  1  1  1  0  0  0  1  1  1  1  0  0  0  0  1  1  0  0  1  -115.0       1      0.0
417  1  1  0  1  1  1  0  1  0  0  0  1  1  1  0  1  1  1  1  0  0  0  0  1  0  0  0  1  0  1  -115.0       1      0.0
418  1  0  0  1  1  0  0  0  0  1  0  1  1  1  1  1  0  1  1  1  0  0  1  1  0  0  0  1  0  1  -115.0       1      0.0
419  0  0  0  0  0  1  0  0  0  0  0  1  1  0  1  1  0  1  1  1  1  1  0  1  1  1  1  1  0  1  -115.0       1      0.0
420  0  1  0  1  1  1  0  0  1  0  0  1  0  0  0  1  1  0  1  0  0  0  1  1  0  0  0  1  1  1  -115.0       1      0.0
421  0  0  1  1  1  1  1  0  0  0  1  0  1  0  1  0  1  0  0  0  0  0  1  1  0  0  0  1  1  1  -115.0       1      0.0
422  1  1  0  0  0  1  0  0  0  0  0  0  1  0  0  1  0  1  1  1  1  1  1  1  1  1  1  0  0  1  -115.0       1      0.0
423  0  1  0  0  0  1  0  0  1  1  1  0  1  0  1  0  1  1  0  0  0  0  1  1  0  1  0  1  1  0  -115.0       1      0.0
424  1  0  0  1  1  1  0  0  1  1  0  0  1  0  1  1  1  1  0  0  0  0  1  0  0  0  1  1  0  0  -115.0       1      0.0
425  1  0  1  0  0  1  0  0  1  1  1  1  0  1  1  1  1  1  0  1  0  1  0  0  0  1  0  0  0  1  -115.0       1      0.0
426  0  0  1  0  1  0  0  0  1  1  1  0  0  0  1  1  0  1  0  0  0  1  1  0  0  1  1  1  0  1  -115.0       1      0.0
427  0  1  0  0  0  1  0  0  0  1  1  1  0  1  1  1  0  1  1  0  1  0  0  0  0  1  1  0  0  1  -115.0       1      0.0
428  1  0  1  0  0  1  1  0  0  1  1  0  0  1  1  1  1  0  0  0  0  1  0  1  0  1  0  0  0  1  -115.0       1      0.0
429  1  1  0  1  1  0  1  1  1  0  1  0  0  0  0  1  0  0  1  0  1  1  0  1  0  0  1  1  0  1  -115.0       1      0.0
430  0  0  1  0  1  1  1  0  0  1  1  0  1  0  1  1  0  0  0  1  0  0  0  0  1  1  1  0  0  1  -115.0       1      0.0
431  0  1  0  1  1  0  1  0  0  1  0  0  1  0  1  0  1  1  1  0  0  1  1  0  0  1  1  0  1  1  -115.0       1      0.0
432  1  0  0  0  1  0  1  0  0  1  1  1  1  1  1  1  1  0  0  0  0  1  0  0  1  1  0  1  0  1  -115.0       1      0.0
433  0  0  1  0  0  1  1  0  0  0  0  1  1  0  0  0  1  1  1  1  1  0  0  1  1  1  0  0  1  0  -115.0       1      0.0
435  1  1  0  1  1  1  1  0  0  1  0  1  1  0  1  0  0  0  0  0  0  1  1  0  0  1  1  1  0  1  -115.0       1      0.0
437  1  0  0  1  0  0  1  0  0  1  1  0  1  0  1  1  0  0  0  0  0  1  1  0  0  0  0  1  1  1 -114.25       1      0.0
438  1  1  0  1  1  0  1  1  0  1  1  0  0  1  0  1  1  0  1  0  0  1  0  0  0  0  0  0  1  1 -114.25       1      0.0
439  0  0  0  1  0  0  1  0  0  1  0  0  1  1  1  1  1  1  0  0  0  0  0  0  1  0  1  1  0  1 -114.25       1      0.0
440  0  0  0  1  1  1  1  1  0  0  1  0  0  0  1  1  1  0  1  0  0  0  0  1  0  0  1  0  0  1 -114.25       1      0.0
441  1  0  0  0  1  1  0  1  0  0  0  1  1  0  1  1  0  0  1  0  1  1  0  1  0  1  1  0  0  1 -114.25       1      0.0
442  1  0  1  0  1  0  0  1  0  1  0  1  0  0  0  1  0  0  0  0  1  1  0  1  1  1  1  1  0  1 -114.25       1      0.0
443  0  0  1  0  1  0  1  1  0  1  0  1  1  1  1  1  0  0  0  1  0  0  0  0  0  1  0  0  0  1 -114.25       1      0.0
477  0  1  0  0  1  1  1  0  0  0  1  0  1  0  0  0  1  1  1  0  1  0  1  0  0  1  1  1  0  1 -114.25       1 0.033333
481  0  1  0  1  1  1  0  0  1  0  0  1  0  1  1  1  1  1  1  0  0  0  1  1  0  0  0  1  1  1 -114.25       1 0.033333
491  1  0  0  1  1  1  0  0  0  1  0  0  1  0  1  1  0  1  0  1  0  0  1  0  0  1  1  1  0  1 -114.25       1 0.033333
445  1  0  0  1  1  0  1  0  1  1  0  1  1  1  1  1  1  1  1  0  0  0  0  0  0  1  1  0  0  0  -114.0       1      0.0
446  0  0  0  1  1  0  0  0  1  1  0  1  0  1  1  1  1  1  1  0  1  0  0  1  0  0  1  1  0  1  -114.0       1      0.0
447  1  1  1  0  1  0  0  0  0  1  0  1  1  0  0  1  0  1  1  0  0  0  0  1  0  0  1  1  0  1  -114.0       1      0.0
448  0  0  1  0  1  1  1  1  0  0  0  1  1  0  1  1  1  0  1  0  1  0  0  1  0  1  1  0  0  1  -114.0       1      0.0
449  0  1  0  1  1  1  0  0  0  1  0  1  1  0  1  1  0  0  1  1  1  0  1  1  0  1  1  0  0  0  -114.0       1      0.0
450  0  0  1  0  1  1  1  0  1  0  0  0  0  1  1  1  1  0  1  0  0  0  0  0  0  1  0  1  1  1  -114.0       1      0.0
451  1  0  1  0  1  0  0  0  0  1  0  1  1  0  1  0  1  1  0  1  1  0  0  1  0  0  0  1  1  0  -114.0       1      0.0
453  0  0  0  0  1  0  1  0  1  0  0  1  1  0  1  0  1  1  1  0  0  0  0  1  0  1  0  1  1  1  -114.0       1      0.0
480  0  0  1  0  0  1  0  0  0  1  1  0  0  1  1  1  1  0  0  0  0  1  1  0  1  1  1  0  1  0  -114.0       1 0.033333
454  0  0  0  1  0  0  1  1  0  0  1  0  1  0  1  1  1  1  1  1  0  1  1  0  1  0  0  1  0  0 -113.25       1      0.0
455  0  0  1  1  1  1  0  1  0  0  0  1  1  0  1  0  0  1  1  1  1  0  0  0  0  0  1  1  0  1 -113.25       1      0.0
456  0  0  1  1  0  0  1  0  1  1  1  1  0  0  1  0  1  0  0  1  0  0  1  0  1  0  0  1  1  1 -113.25       1      0.0
457  1  0  1  0  1  1  0  0  0  0  1  1  0  1  1  1  0  0  1  1  1  1  0  0  0  0  0  1  0  1 -113.25       1      0.0
458  0  0  1  1  1  0  0  0  0  0  0  1  1  1  1  0  1  0  1  1  0  0  0  1  0  0  0  1  1  0 -113.25       1      0.0
459  1  1  1  0  1  0  1  1  0  0  1  0  1  1  1  1  1  0  1  0  0  0  0  0  0  0  0  1  0  1 -113.25       1      0.0
460  1  0  1  0  1  0  1  0  1  1  0  1  0  0  1  1  0  0  0  0  0  1  1  0  0  1  1  1  0  1 -113.25       1      0.0
492  1  1  0  0  1  0  1  1  0  0  0  1  1  0  0  1  1  1  1  1  0  0  0  0  0  0  0  1  1  1 -113.25       1 0.033333
461  1  0  1  0  1  1  0  0  0  0  1  0  0  0  1  1  0  1  1  0  0  0  1  1  0  1  0  1  0  1  -113.0       1      0.0
462  0  1  0  1  1  1  0  1  1  0  0  1  1  1  0  0  0  0  0  0  1  0  0  1  1  0  0  1  1  0  -113.0       1      0.0
463  0  0  0  0  1  1  0  0  0  0  0  1  1  0  1  1  1  0  1  0  0  0  0  1  0  0  1  1  0  1  -113.0       1      0.0
464  0  0  0  1  0  0  1  1  0  0  1  1  0  1  1  1  1  0  1  1  0  0  0  1  0  0  1  0  0  1  -113.0       1      0.0
465  0  1  0  0  1  0  1  0  0  1  0  1  1  0  1  1  1  1  0  1  0  0  0  1  0  0  0  0  1  1  -113.0       1      0.0
466  1  0  1  0  0  1  1  0  0  1  0  0  0  1  0  1  0  1  0  0  1  0  1  0  0  1  1  0  1  1  -113.0       1      0.0
470  1  0  1  0  0  0  0  0  0  1  1  1  0  1  1  1  1  0  0  1  1  1  1  0  0  0  1  0  0  1 -112.25       1      0.0
472  0  1  1  1  1  0  1  1  1  1  0  1  0  1  0  0  0  1  0  1  1  0  0  0  0  0  1  0  1  1  -112.0       1      0.0
473  1  0  0  0  1  0  0  0  1  1  0  1  1  1  1  1  0  1  1  0  1  0  0  0  0  1  0  1  0  1 -111.25       1      0.0
474  1  0  0  0  0  0  0  0  0  0  0  1  1  1  1  1  0  1  1  0  0  0  1  0  0  1  1  1  0  0  -111.0       1      0.0
475  1  0  0  1  1  0  0  0  1  0  0  1  0  1  1  0  1  1  0  1  0  1  1  1  0  1  1  0  0  1  -111.0       1      0.0
476  0  1  0  1  1  1  1  0  0  1  0  1  1  1  1  0  0  1  0  1  1  1  0  0  0  1  1  0  1  1  -111.0       1      0.0
495  1  0  1  0  1  1  0  0  0  1  0  0  1  0  1  1  1  0  1  1  0  1  1  0  0  1  1  1  0  1 -110.25       1 0.033333
487  0  0  0  1  1  1  1  1  0  1  0  1  0  0  0  1  1  0  0  1  0  1  0  1  1  0  0  1  0  1 -109.25       1      0.0
496  0  1  1  0  1  0  1  1  1  1  0  1  0  0  1  0  0  0  1  0  1  0  0  0  1  0  0  1  0  1  -106.0       1      0.0
['BINARY', 498 rows, 500 samples, 30 variables]Valid partition found with 153 cut edges
Solution:  [1, 1, 0, 1, 0, 0, 0, 0, 0, 1, 0, 1, 1, 0, 1, 0, 1, 1, 1, 0, 0, 0, 1, 1, 0, 0, 1, 1, 1, 0]