--------------- DW_2000Q_6 ---------------
     0  1  2  3  4  5  6  7  8  9 10 11 12 13 14 15 16 17 18 19 20 21 22 23 24 25 26 27 28 29 30 31 32 33 34 35 36 37 38 39  energy num_oc. chain_.
0    0  1  0  0  1  1  1  1  0  1  0  0  1  0  0  0  0  0  1  0  0  1  1  0  1  0  0  1  1  0  1  1  0  0  0  1  1  1  1  1  -206.0       1     0.0
1    1  0  1  0  1  1  1  1  1  1  1  1  0  0  0  0  0  1  1  1  0  1  0  1  1  0  0  0  0  1  1  0  0  0  1  1  0  1  0  0 -205.75       1     0.0
2    0  1  0  0  1  1  1  0  0  0  0  0  1  1  0  1  0  0  1  0  0  1  1  0  1  0  0  1  1  1  0  1  0  1  0  1  1  1  1  1 -204.75       1     0.0
3    1  0  0  0  1  1  1  1  1  1  0  0  0  0  1  0  1  1  1  1  0  1  1  1  1  0  0  0  0  1  1  1  0  0  0  1  0  1  0  0 -204.75       1     0.0
4    0  1  0  0  0  0  1  0  0  0  0  1  1  0  0  0  0  0  0  0  0  1  1  0  0  1  0  1  1  1  1  1  1  1  0  1  0  1  1  1  -204.0       1     0.0
5    1  1  0  1  1  1  1  1  0  1  0  0  1  0  0  0  1  1  1  0  0  0  1  0  0  1  0  1  0  0  1  1  0  0  0  1  1  0  1  0  -204.0       1     0.0
6    1  0  1  1  1  1  1  1  1  1  0  1  0  0  1  0  1  1  1  1  0  0  0  1  1  0  0  0  0  1  1  0  0  0  1  1  0  0  0  0 -203.75       1     0.0
7    1  1  0  0  1  1  1  0  0  1  0  0  1  0  0  1  1  0  1  0  0  0  1  0  1  0  0  1  1  1  1  1  0  0  0  1  0  1  1  1 -203.75       1     0.0
8    0  1  0  0  1  0  1  0  0  1  0  0  1  0  0  0  1  0  1  0  0  1  1  0  0  1  0  1  1  0  1  1  0  1  0  1  0  1  1  1 -203.75       1     0.0
9    0  1  0  0  1  1  1  0  0  1  0  1  1  0  0  0  0  0  1  0  0  1  1  0  0  0  0  1  0  1  1  1  0  0  1  1  0  1  1  1 -203.75       1     0.0
10   1  1  0  0  1  1  1  0  0  1  0  0  1  0  0  1  1  0  1  1  0  0  0  1  1  0  0  0  1  1  1  1  0  0  0  0  0  1  1  0 -203.75       1     0.0
11   1  1  1  1  0  0  0  1  1  0  0  1  0  0  1  0  0  1  1  1  0  0  0  1  1  0  1  1  1  1  0  1  1  0  0  0  1  0  0  0  -203.0       1     0.0
12   1  0  1  1  0  0  0  0  1  0  1  1  0  1  1  1  1  1  1  1  1  0  0  1  0  0  1  0  1  1  0  0  1  1  0  0  1  1  0  0  -203.0       1     0.0
13   1  1  0  1  1  1  1  0  0  1  0  1  1  0  0  1  0  0  1  1  0  0  0  1  1  0  0  1  1  1  1  1  0  0  0  1  0  1  1  0  -203.0       1     0.0
14   0  0  0  0  1  1  1  0  0  1  0  0  1  0  0  1  0  0  1  1  0  1  1  0  0  1  0  1  1  0  1  1  0  0  0  1  1  1  1  1  -203.0       1     0.0
15   1  1  0  0  1  1  1  0  0  0  0  0  1  0  0  0  0  0  1  0  0  1  1  0  0  1  0  1  1  0  1  1  0  1  0  1  1  1  1  1  -203.0       1     0.0
16   1  1  1  0  1  1  1  0  0  1  0  0  1  0  1  1  1  0  1  1  0  0  0  1  1  1  0  0  1  1  1  1  0  0  0  1  0  1  0  0  -203.0       1     0.0
17   1  1  1  1  1  0  1  0  0  1  0  1  0  0  0  1  1  0  1  1  0  0  0  1  1  0  1  0  1  1  0  1  0  0  0  0  0  1  1  0  -203.0       1     0.0
18   0  1  0  0  1  1  1  0  0  0  0  0  1  0  0  1  1  0  1  0  0  1  0  0  1  0  0  1  1  1  1  1  0  1  0  1  0  1  1  1  -203.0       1     0.0
19   1  0  1  1  0  0  0  1  1  0  0  1  0  1  1  0  0  1  0  1  1  1  0  1  0  1  0  1  1  0  0  0  1  1  1  0  1  0  0  0  -203.0       1     0.0
20   0  1  0  0  1  1  1  0  0  1  0  1  0  0  1  1  0  0  1  0  0  1  0  1  1  0  0  0  1  1  1  0  0  1  0  1  0  1  1  1  -203.0       1     0.0
210  1  0  0  0  1  1  1  0  0  1  0  1  1  0  0  1  0  0  1  1  0  1  0  0  0  1  0  1  1  0  1  1  0  1  0  1  0  1  1  0  -203.0       1   0.025
21   1  0  1  1  0  0  1  1  1  1  0  0  0  0  0  0  0  1  1  1  1  0  0  1  1  1  0  1  0  1  1  1  1  0  0  0  0  0  0  0 -202.75       1     0.0
22   0  1  0  0  1  0  1  0  0  0  0  0  1  0  1  0  0  0  0  0  0  1  1  0  1  0  0  1  1  0  1  1  0  1  1  1  1  1  1  1 -202.75       1     0.0
23   0  0  0  0  1  0  1  1  0  0  0  1  1  0  0  0  0  0  1  0  0  1  1  0  0  1  0  1  1  1  1  1  0  1  0  1  0  1  1  1 -202.75       1     0.0
24   0  1  0  1  0  0  1  0  0  1  0  1  1  0  0  0  0  0  1  0  0  1  1  0  0  0  0  1  1  1  1  1  1  1  0  1  1  1  1  1 -202.75       1     0.0
25   1  1  0  1  1  1  1  0  0  1  0  0  1  0  1  1  1  0  1  1  0  0  0  1  1  0  0  0  1  1  1  1  0  0  0  1  0  1  0  0 -202.75       1     0.0
125  1  0  1  1  0  0  0  1  1  1  0  1  0  0  1  0  0  1  1  1  1  0  1  1  0  1  1  1  1  0  0  1  1  0  0  0  1  0  0  0 -202.75       1   0.025
497  1  1  0  0  1  1  1  0  0  1  0  1  1  0  0  0  1  0  1  1  0  0  0  1  1  0  0  0  1  1  1  1  0  0  0  1  0  1  1  1 -202.75       1   0.075
26   1  0  1  1  1  0  1  1  1  1  0  1  0  0  1  0  1  1  0  1  0  0  0  1  0  1  1  0  0  1  1  1  1  0  0  0  0  0  0  0  -202.0       1     0.0
27   0  1  0  0  0  1  0  0  1  1  0  0  1  1  1  0  0  0  0  0  1  0  1  0  1  1  1  0  1  0  0  1  1  1  1  0  1  1  0  1  -202.0       1     0.0
28   1  1  1  1  0  0  1  1  1  0  0  0  0  0  1  0  1  1  1  0  0  0  1  0  0  1  0  1  0  0  0  1  1  1  0  0  1  0  0  0  -202.0       1     0.0
29   1  1  1  1  1  1  1  0  1  1  1  1  0  0  1  1  1  0  1  0  0  0  0  1  1  0  1  0  0  0  1  0  0  0  1  1  0  1  0  0  -202.0       1     0.0
252  0  1  0  0  1  0  0  0  0  0  0  0  1  1  1  1  0  0  1  0  0  1  1  0  1  0  0  1  1  0  0  0  1  1  1  1  1  1  1  1  -202.0       1   0.025
30   0  1  0  0  1  1  1  0  0  1  0  1  1  0  0  1  1  0  1  1  0  1  0  1  1  0  0  0  1  1  0  0  0  1  0  1  0  1  1  1 -201.75       1     0.0
31   1  0  0  0  1  1  0  0  1  0  1  1  0  1  0  1  1  0  1  1  1  0  0  1  1  0  1  0  1  0  1  0  0  0  1  1  0  1  1  0 -201.75       1     0.0
32   1  0  1  1  0  1  0  1  1  1  0  1  0  1  1  1  1  1  1  1  1  0  0  1  1  1  1  0  0  0  0  0  1  0  1  0  1  0  0  0 -201.75       1     0.0
33   1  1  0  1  1  0  1  1  0  1  0  0  1  0  0  0  1  0  1  1  0  0  0  1  1  0  0  1  1  1  1  1  0  0  0  0  0  0  1  0 -201.75       1     0.0
34   0  1  0  1  1  1  1  0  0  1  0  0  1  0  0  0  1  0  1  0  0  1  1  0  0  1  0  0  1  0  1  1  0  0  0  1  0  1  1  1 -201.75       1     0.0
35   1  1  0  1  1  1  1  0  0  1  0  1  1  0  0  1  0  0  1  1  0  1  0  1  1  0  0  0  1  1  1  0  0  0  0  1  0  1  1  0 -201.75       1     0.0
36   1  0  0  1  0  1  1  1  1  1  1  0  1  0  0  0  1  1  1  1  0  0  1  1  1  0  0  1  0  0  1  1  0  0  0  1  1  0  0  0 -201.75       1     0.0
37   1  1  0  0  1  1  1  0  0  1  0  0  1  0  1  1  1  0  1  0  0  1  0  0  1  1  0  1  1  1  1  1  0  1  0  1  0  1  0  1 -201.75       1     0.0
38   1  0  1  1  1  0  1  0  1  0  1  1  0  0  1  0  0  1  0  0  1  1  1  1  0  0  0  1  1  1  1  0  1  1  0  0  0  1  0  0 -201.75       1     0.0
39   0  0  0  0  1  1  1  0  0  1  1  0  1  0  1  1  1  0  1  0  0  1  0  1  1  0  0  0  0  1  1  0  0  0  1  1  0  1  0  1 -201.75       1     0.0
40   1  1  1  1  0  0  1  0  1  0  0  1  0  0  0  1  0  0  1  1  0  1  0  1  0  0  0  1  1  1  0  0  1  1  0  1  0  1  0  0 -201.75       1     0.0
41   0  1  0  1  0  1  1  0  0  1  0  0  0  0  0  1  0  0  1  0  0  1  1  1  1  0  0  1  1  1  1  1  0  0  0  1  0  1  1  0 -201.75       1     0.0
277  0  1  0  1  1  0  1  1  0  1  0  0  1  0  0  1  1  0  1  1  0  0  0  1  1  0  0  0  1  1  1  1  0  0  0  1  0  0  1  0 -201.75       1   0.025
42   1  0  1  1  0  0  1  1  1  0  1  0  0  0  1  0  0  1  1  1  0  0  0  1  1  0  0  1  1  1  1  1  1  1  0  0  0  0  0  0  -201.0       1     0.0
43   0  1  0  0  1  1  0  0  0  1  0  0  0  1  0  1  0  0  1  0  0  1  1  1  1  1  1  0  1  0  0  0  1  0  1  1  0  1  1  1  -201.0       1     0.0
44   0  1  0  0  1  1  1  0  0  1  0  0  1  0  1  0  1  0  1  0  0  0  1  1  1  0  0  0  1  1  1  1  0  1  0  1  0  1  1  0  -201.0       1     0.0
45   0  1  1  0  1  0  1  0  0  1  0  1  0  0  0  1  0  0  1  0  0  1  0  1  0  0  0  1  0  1  1  0  0  0  1  1  0  1  1  1  -201.0       1     0.0
46   0  1  0  0  0  0  1  0  0  0  1  0  1  1  1  0  0  0  0  0  0  1  1  0  1  0  0  1  1  1  0  1  1  1  1  1  1  0  1  1  -201.0       1     0.0
175  0  1  0  0  1  1  1  0  1  1  1  0  0  0  1  1  1  0  1  0  0  1  1  1  1  0  1  0  0  0  1  1  0  0  1  1  0  1  1  0  -201.0       1   0.025
286  1  1  1  1  1  0  1  0  0  1  0  0  0  0  1  1  1  0  1  0  0  0  0  1  1  0  0  0  1  1  1  1  0  0  0  1  0  1  0  1  -201.0       1   0.025
357  1  1  0  1  1  0  1  0  0  1  0  1  1  0  0  0  0  0  1  0  0  0  1  0  1  0  0  1  1  1  1  1  0  1  0  1  0  1  1  0  -201.0       1   0.025
441  1  1  1  1  1  1  1  0  1  1  0  0  0  0  0  1  1  0  1  1  0  0  0  1  0  0  1  0  1  0  1  1  0  0  0  0  0  1  1  0  -201.0       1    0.05
47   0  1  0  0  1  0  1  0  0  0  0  0  1  1  0  1  0  0  1  1  0  1  1  0  1  0  0  0  1  1  0  1  0  1  0  1  0  1  1  1 -200.75       1     0.0
48   0  1  0  0  0  1  1  0  0  0  0  0  1  1  0  0  1  0  0  0  0  0  1  0  1  1  1  0  1  0  1  1  0  1  0  1  1  1  1  1 -200.75       1     0.0
49   1  1  1  1  0  0  0  0  1  0  0  1  0  1  1  1  0  1  0  1  1  0  0  1  1  0  1  0  1  0  0  0  1  1  1  0  1  1  0  0 -200.75       1     0.0
50   1  1  0  0  1  1  1  0  0  1  0  1  1  0  0  1  1  0  1  1  0  0  0  1  1  0  0  0  1  1  1  1  0  1  0  0  0  1  1  0 -200.75       1     0.0
51   1  0  0  0  1  1  1  0  0  1  0  0  1  0  1  0  1  0  1  0  0  1  0  0  1  1  0  1  1  0  1  1  0  0  0  1  0  1  0  1 -200.75       1     0.0
52   0  1  0  0  1  1  1  0  0  1  0  0  1  0  1  1  1  0  1  0  0  0  1  0  1  0  0  1  1  1  1  1  0  0  1  1  0  1  0  1 -200.75       1     0.0
53   0  1  0  0  1  1  1  0  0  1  0  0  1  0  1  0  1  0  1  0  0  1  1  0  1  0  1  0  1  0  0  1  0  1  0  1  1  1  1  1 -200.75       1     0.0
54   1  1  0  0  1  1  1  0  0  1  0  0  0  0  0  1  1  0  1  1  0  0  0  1  1  0  1  0  1  0  1  1  0  0  0  1  0  1  1  0 -200.75       1     0.0
55   1  0  1  0  1  0  1  1  1  1  1  1  0  0  1  0  1  1  1  1  1  0  0  1  0  0  1  0  0  0  1  0  1  0  1  0  0  1  0  0 -200.75       1     0.0
187  1  1  0  0  1  1  1  0  0  1  0  0  1  0  1  1  1  0  1  0  0  0  0  1  1  0  1  0  1  0  1  1  0  0  0  1  0  1  1  1 -200.75       1   0.025
211  1  0  1  1  1  1  1  0  1  1  1  1  0  0  1  0  1  1  1  1  0  0  0  1  0  0  1  0  1  0  1  1  0  0  0  0  0  1  0  0 -200.75       1   0.025
251  0  1  0  1  1  0  1  1  0  0  0  0  1  0  0  0  0  0  1  0  0  1  1  0  0  0  0  1  1  1  1  1  1  1  0  1  0  0  1  1 -200.75       1   0.025
56   1  1  1  1  1  1  1  1  1  1  0  0  0  0  1  0  1  1  1  1  1  0  1  1  1  0  1  0  0  0  0  1  0  0  0  0  1  0  0  0  -200.0       1     0.0
57   1  1  0  1  1  1  1  0  0  1  0  0  0  0  0  1  1  0  1  0  0  0  1  1  1  0  0  0  0  1  1  1  0  0  0  1  0  1  1  1  -200.0       1     0.0
58   1  0  1  1  1  0  0  0  1  0  1  1  0  0  1  1  0  0  1  1  1  1  0  1  0  0  0  0  1  1  0  0  1  1  0  1  0  1  0  0  -200.0       1     0.0
59   1  0  1  1  1  1  0  0  1  0  1  1  0  0  0  1  0  0  1  1  1  0  0  1  0  1  1  0  1  0  0  0  1  0  1  0  1  1  0  0  -200.0       1     0.0
60   1  1  1  1  1  1  1  0  1  1  0  1  0  0  1  1  1  0  1  0  0  0  0  1  1  0  1  0  1  0  1  1  0  0  0  0  0  1  1  0  -200.0       1     0.0
61   1  0  1  1  1  0  1  1  1  1  0  1  0  0  1  0  1  1  1  1  1  0  0  1  1  1  1  0  0  0  1  0  0  0  1  0  0  1  0  0  -200.0       1     0.0
62   1  1  1  1  0  0  1  0  1  0  0  1  0  0  1  0  0  1  1  0  0  1  1  0  0  0  0  1  1  1  0  1  1  1  0  0  1  1  0  0  -200.0       1     0.0
212  1  0  1  0  1  1  0  0  1  1  0  1  0  0  1  1  1  1  1  0  1  0  0  1  1  0  1  0  1  0  1  0  0  0  1  0  0  1  0  0  -200.0       1   0.025
385  1  1  1  1  1  0  1  1  0  1  0  0  1  0  0  1  1  0  1  1  0  0  0  0  1  0  0  0  1  1  1  1  0  0  0  0  0  1  1  0  -200.0       1   0.025
63   1  1  0  1  1  0  1  0  0  1  0  0  1  0  1  0  0  0  1  1  0  0  1  0  1  0  0  1  1  1  1  1  0  1  0  1  0  1  1  0 -199.75       1     0.0
64   1  0  1  1  1  1  1  0  1  1  0  1  0  0  1  0  1  1  1  1  0  0  0  1  1  0  0  0  1  0  1  1  0  0  0  1  0  1  0  0 -199.75       1     0.0
65   0  1  0  0  0  0  0  1  0  0  0  0  1  1  0  0  1  0  1  1  0  0  1  0  1  1  1  1  1  0  0  1  1  1  1  0  1  0  1  0 -199.75       1     0.0
314  1  0  1  0  1  1  1  0  1  1  0  1  0  0  0  0  0  1  1  1  0  1  0  1  1  0  0  1  1  1  1  0  0  0  1  1  0  1  0  0 -199.75       1   0.025
324  1  1  1  1  1  0  1  1  0  1  0  1  1  0  0  1  0  0  1  1  0  0  0  1  0  0  0  1  1  1  1  0  0  0  0  1  0  0  1  1 -199.75       1   0.025
345  1  1  0  1  0  0  1  1  0  1  0  1  1  0  1  0  0  0  1  0  0  0  0  0  1  0  0  1  1  1  0  1  0  1  0  1  1  0  1  0 -199.75       1   0.025
66   1  0  0  1  0  0  0  0  1  0  0  1  0  1  1  1  0  1  1  1  1  1  0  1  0  1  0  1  1  0  0  0  1  1  0  1  1  1  1  0  -199.0       1     0.0
67   1  0  1  1  1  1  0  0  1  0  1  1  1  1  1  1  1  0  1  1  1  0  0  1  1  0  1  0  1  0  0  0  1  0  0  0  0  1  0  0  -199.0       1     0.0
68   1  0  1  1  0  0  1  0  1  0  0  1  0  0  1  0  0  1  1  1  0  0  0  1  1  1  0  1  1  1  1  1  0  1  0  1  0  0  0  0  -199.0       1     0.0
69   1  1  1  1  1  0  1  0  1  1  0  0  0  0  1  0  1  1  1  1  0  0  0  1  1  0  0  0  1  1  0  1  0  0  0  0  0  0  0  0  -199.0       1     0.0
70   1  0  1  1  1  0  0  0  1  0  0  1  0  1  1  1  1  1  0  1  1  0  0  1  0  0  0  0  1  1  1  0  1  1  0  0  0  1  0  0  -199.0       1     0.0
71   0  1  0  0  1  1  1  0  0  1  0  1  1  0  1  0  0  0  1  0  0  1  1  1  0  0  0  0  1  0  1  1  0  0  1  1  0  1  1  1  -199.0       1     0.0
72   1  0  0  1  0  0  0  0  1  0  0  0  0  1  0  0  0  1  0  0  1  0  1  0  1  1  1  1  1  0  1  1  1  1  1  0  1  0  0  0  -199.0       1     0.0
73   1  1  1  1  1  0  1  1  1  1  1  1  0  0  0  0  0  1  1  1  0  1  1  1  0  0  0  0  1  1  0  0  1  0  0  0  0  0  0  0  -199.0       1     0.0
74   1  1  0  1  0  0  1  0  0  0  0  1  1  0  1  0  0  0  1  0  0  1  1  0  1  0  0  1  1  1  1  1  1  1  0  1  0  1  0  0  -199.0       1     0.0
75   0  1  0  1  0  1  1  0  0  0  0  0  1  0  0  0  0  0  1  0  0  0  1  0  0  1  1  1  1  0  0  1  0  1  0  1  1  1  1  1  -199.0       1     0.0
76   0  1  0  0  1  1  0  0  0  1  0  1  0  0  1  1  0  0  1  0  0  1  0  1  1  0  1  0  1  0  0  0  1  1  1  1  1  1  0  1  -199.0       1     0.0
77   1  0  1  1  1  1  0  0  1  1  0  1  0  0  1  1  1  1  1  0  1  0  0  1  1  0  1  0  0  0  0  0  1  0  1  0  0  1  0  0  -199.0       1     0.0
293  1  1  1  1  1  1  1  0  0  1  0  0  1  0  0  1  0  0  1  1  0  0  0  0  0  1  0  1  1  0  1  1  0  0  0  1  0  1  1  0  -199.0       1   0.025
303  1  0  1  1  1  1  1  0  1  1  0  0  0  0  1  1  1  1  1  0  1  0  0  1  1  1  1  0  1  0  1  0  0  0  0  1  0  1  0  0  -199.0       1   0.025
318  0  1  0  0  1  1  1  0  0  1  0  0  1  0  0  1  0  0  1  0  0  1  1  0  1  0  1  0  1  0  1  1  0  1  0  1  1  0  1  1  -199.0       1   0.025
320  1  1  0  0  1  1  1  0  0  1  0  0  1  0  1  1  0  0  1  0  0  1  0  1  1  0  0  1  1  1  1  0  0  0  1  1  0  1  0  0  -199.0       1   0.025
344  1  0  0  0  0  0  0  0  1  0  0  1  0  1  1  1  0  1  0  1  1  1  0  1  1  0  0  1  1  1  0  0  1  1  1  0  1  1  0  0  -199.0       1   0.025
348  1  1  0  0  1  1  1  0  1  1  0  0  1  0  0  0  0  0  1  1  0  0  0  0  1  1  0  1  1  0  1  1  0  1  0  1  1  1  0  0  -199.0       1   0.025
370  0  0  0  1  1  1  1  0  1  1  0  0  0  0  0  1  1  0  1  0  0  1  1  1  0  1  1  0  1  0  1  1  0  0  0  1  0  1  1  0  -199.0       1   0.025
462  1  1  1  1  1  1  1  1  0  1  1  0  1  0  0  1  1  0  1  1  0  0  0  1  1  0  0  0  0  1  1  1  0  0  1  0  0  0  1  0  -199.0       1    0.05
78   1  1  1  0  1  0  1  1  1  0  1  1  0  0  1  0  1  1  0  1  1  0  0  1  1  0  0  0  0  1  1  0  0  1  1  1  0  0  0  0 -198.75       1     0.0
79   1  1  1  0  1  1  0  0  1  1  0  1  0  0  1  1  1  0  1  0  1  0  0  1  1  0  1  0  1  1  0  0  0  0  1  0  0  0  0  0 -198.75       1     0.0
80   0  1  0  0  1  1  1  0  0  1  0  1  0  1  1  1  0  0  1  1  0  1  0  1  1  0  0  0  1  1  1  0  0  1  0  1  0  1  1  0 -198.75       1     0.0
81   1  0  1  1  1  0  1  0  0  1  0  0  1  0  1  1  1  0  1  1  0  0  0  0  1  1  0  0  1  1  1  1  0  1  0  1  0  0  1  0 -198.75       1     0.0
82   1  1  1  1  0  0  0  0  1  0  0  1  0  1  1  1  0  1  0  0  1  0  0  1  0  0  1  1  1  0  0  0  1  1  0  0  1  1  1  1 -198.75       1     0.0
83   1  1  1  0  0  0  1  0  0  0  1  1  0  0  0  1  0  0  1  1  0  1  0  1  0  0  0  1  1  1  0  0  1  1  1  1  0  1  0  0 -198.75       1     0.0
84   0  1  1  1  1  1  1  0  0  1  1  1  0  0  1  1  1  0  1  0  0  0  0  1  0  0  0  0  0  1  0  0  0  0  1  1  0  1  1  0 -198.75       1     0.0
85   0  1  0  1  1  1  1  1  0  1  1  0  1  0  0  0  1  0  1  0  0  0  1  0  1  1  0  0  0  0  1  1  0  0  0  1  1  1  1  1 -198.75       1     0.0
86   1  0  0  0  1  0  0  0  1  0  1  1  0  0  1  0  0  1  0  1  1  1  0  1  1  0  0  1  1  1  1  0  1  1  1  1  0  1  0  0 -198.75       1     0.0
87   1  1  0  0  1  1  1  0  0  1  0  0  1  0  0  0  1  0  1  1  0  1  0  1  1  0  0  0  1  0  1  1  0  1  0  1  0  1  1  1 -198.75       1     0.0
88   1  1  0  0  0  1  1  0  0  1  0  0  1  0  0  1  1  0  1  0  0  0  1  1  1  0  0  0  1  1  1  1  0  0  0  1  0  1  0  1 -198.75       1     0.0
89   1  0  0  0  1  1  1  0  0  1  1  1  0  0  1  1  1  0  1  0  0  1  0  1  1  0  0  0  0  1  1  1  0  1  0  1  0  1  0  1 -198.75       1     0.0
90   0  1  0  1  1  1  1  0  0  1  0  0  1  0  1  1  1  0  1  1  0  0  1  0  1  0  0  1  1  1  1  1  0  0  0  1  0  1  0  0 -198.75       1     0.0
91   0  1  0  1  0  1  1  0  0  1  0  0  1  0  0  0  1  0  1  0  0  0  1  0  1  0  1  0  1  1  1  1  0  0  0  1  0  1  1  1 -198.75       1     0.0
92   1  1  0  0  1  1  1  0  1  1  0  0  0  0  1  0  1  1  1  1  0  0  0  1  1  0  1  0  1  0  1  1  0  0  0  0  0  1  0  0 -198.75       1     0.0
93   0  1  0  1  1  1  1  0  0  1  0  0  1  0  1  1  1  0  1  0  0  0  0  1  1  0  0  1  1  1  1  1  0  0  0  0  0  1  1  1 -198.75       1     0.0
94   1  0  0  1  1  1  1  0  1  1  0  0  1  0  0  0  1  0  1  1  0  0  1  0  1  0  0  0  1  1  1  1  0  0  0  1  0  1  0  0 -198.75       1     0.0
95   1  1  1  0  1  1  0  0  1  1  0  1  0  0  1  1  1  0  1  0  1  0  0  1  1  0  1  1  1  0  0  0  0  0  1  0  0  1  1  0 -198.75       1     0.0
253  1  1  1  1  1  1  1  0  0  1  0  0  1  0  0  1  1  0  1  1  0  0  0  0  1  0  0  0  1  1  1  1  0  0  0  1  0  1  1  0 -198.75       1   0.025
287  0  1  1  1  0  0  0  0  1  0  0  1  0  1  0  1  0  1  0  1  0  1  0  1  0  0  0  1  1  1  0  0  1  1  1  1  1  0  0  0 -198.75       1   0.025
313  0  1  0  1  1  1  1  0  0  1  0  1  0  0  1  0  1  0  1  0  0  1  1  1  0  0  0  1  1  1  1  1  0  0  0  1  0  1  1  0 -198.75       1   0.025
316  0  1  0  0  1  0  1  1  0  0  0  0  1  1  1  0  0  0  1  0  0  1  1  0  1  0  0  0  1  1  0  1  0  1  0  1  1  0  1  1 -198.75       1   0.025
346  1  1  0  1  0  0  0  0  0  0  0  0  1  0  0  0  0  0  1  1  0  1  1  0  0  1  0  1  1  1  0  1  1  1  1  1  1  0  1  0 -198.75       1   0.025
368  1  0  0  1  0  0  1  0  1  0  0  0  1  0  1  0  0  0  1  1  0  1  1  0  1  1  0  1  1  0  1  1  1  1  0  1  1  1  0  0 -198.75       1   0.025
96   1  1  0  1  1  1  1  0  0  1  0  0  1  0  0  1  1  0  1  0  0  0  1  1  1  0  0  1  1  0  0  1  0  0  0  1  0  1  1  0  -198.0       1     0.0
97   0  1  0  0  1  1  1  0  0  1  1  1  1  0  0  1  0  0  1  0  0  0  1  1  1  0  0  1  1  1  1  1  0  0  0  1  0  1  1  1  -198.0       1     0.0
98   0  1  1  1  1  0  1  0  0  0  0  0  1  0  0  0  0  0  1  1  0  1  1  0  0  1  0  1  1  1  1  1  0  1  0  0  0  0  1  0  -198.0       1     0.0
99   1  1  0  1  0  0  1  0  0  0  0  0  1  0  0  1  0  0  1  0  0  0  1  0  0  1  0  1  1  0  1  1  0  1  0  1  1  1  1  0  -198.0       1     0.0
100  1  1  0  1  0  1  1  0  1  0  0  1  0  0  0  0  0  0  1  1  0  1  1  0  0  1  0  1  1  0  1  1  0  1  0  1  1  1  0  0  -198.0       1     0.0
101  0  1  0  1  1  1  1  0  1  1  0  0  0  0  1  0  0  0  1  0  0  1  1  1  1  0  0  0  1  0  1  1  0  0  0  1  0  1  0  0  -198.0       1     0.0
102  0  1  1  1  0  0  0  0  1  0  0  1  1  1  1  1  0  0  1  0  0  1  1  0  0  0  0  1  1  0  0  1  1  1  0  0  1  0  1  1  -198.0       1     0.0
103  1  0  0  0  1  1  1  0  1  0  0  1  1  0  0  0  0  1  1  1  0  1  1  0  1  1  0  1  1  1  1  1  0  1  0  1  0  1  0  0  -198.0       1     0.0
104  1  1  1  1  1  0  1  0  1  0  0  1  0  0  1  0  0  0  1  1  0  1  0  1  1  0  0  1  1  1  1  0  1  0  0  0  0  1  0  0  -198.0       1     0.0
105  1  0  1  1  1  1  0  0  1  1  1  1  0  0  0  1  0  0  1  1  1  1  0  1  0  0  0  1  1  1  1  0  0  0  1  1  0  1  0  0  -198.0       1     0.0
285  0  1  1  0  1  1  1  0  0  1  0  0  1  0  0  1  1  0  1  0  0  0  1  0  1  0  1  0  1  0  1  1  0  0  0  1  0  1  1  1  -198.0       1   0.025
288  1  1  0  0  1  1  1  0  0  1  0  1  1  0  0  1  1  0  1  1  0  0  0  1  1  0  0  0  1  1  1  0  0  1  0  1  0  1  0  0  -198.0       1   0.025
389  1  0  1  1  1  1  1  0  1  1  0  1  0  0  0  0  1  1  1  0  1  0  1  1  0  1  1  0  0  0  1  1  0  0  0  1  0  0  0  0  -198.0       1   0.025
463  1  1  1  1  1  1  1  1  0  1  0  0  1  0  0  0  1  0  1  0  0  0  1  0  0  0  0  1  0  1  1  1  0  0  0  1  0  0  0  0  -198.0       1    0.05
106  1  0  1  1  1  1  1  0  1  1  0  0  0  0  1  0  1  1  0  0  1  0  1  0  1  0  0  1  0  1  1  1  0  0  0  1  0  0  0  0 -197.75       1     0.0
107  1  0  0  1  0  0  0  0  1  1  0  1  0  1  1  1  0  0  1  1  1  1  0  1  1  0  0  0  1  0  0  0  1  0  1  1  1  1  1  0 -197.75       1     0.0
108  1  0  1  1  1  0  0  0  0  0  1  1  1  1  0  1  1  0  0  1  1  0  0  1  0  0  1  0  1  0  0  0  1  1  0  0  0  1  1  0 -197.75       1     0.0
109  1  0  1  1  0  1  0  0  1  0  1  1  0  0  1  1  0  1  1  1  1  0  0  1  0  0  0  1  1  0  0  0  1  1  0  0  1  0  0  0 -197.75       1     0.0
110  0  0  0  1  0  1  1  1  0  1  0  1  1  0  0  0  1  1  1  0  0  0  1  0  1  1  0  1  0  1  1  1  0  0  0  1  0  0  0  1 -197.75       1     0.0
111  1  0  0  1  0  0  0  0  1  0  0  0  1  0  0  0  0  1  0  1  1  1  1  0  0  0  0  1  1  1  1  1  1  1  0  0  1  0  0  0 -197.75       1     0.0
112  0  1  0  1  0  1  1  1  0  1  0  0  1  0  0  0  1  0  1  0  1  0  1  0  0  1  1  0  1  0  1  1  0  0  0  0  1  0  1  1 -197.75       1     0.0
113  1  1  0  1  1  0  1  0  0  1  0  1  1  0  0  1  1  0  1  1  0  0  0  0  1  0  0  1  1  0  1  1  0  1  0  1  0  1  1  0 -197.75       1     0.0
114  0  1  0  0  1  1  1  1  0  1  0  0  1  0  0  1  0  0  1  1  0  1  1  0  1  0  0  1  0  1  1  1  0  0  0  1  1  0  0  0 -197.75       1     0.0
115  1  1  1  1  1  1  1  0  0  1  0  1  0  0  0  1  1  0  1  1  0  0  0  1  1  0  1  0  1  0  0  1  0  0  0  0  0  1  0  0 -197.75       1     0.0
116  1  0  1  0  1  1  1  0  1  0  0  0  0  0  1  1  0  0  1  1  0  1  0  1  1  0  0  1  1  0  1  0  0  1  0  1  0  1  0  0 -197.75       1     0.0
117  1  1  0  0  1  1  1  0  1  1  0  0  0  0  1  1  1  0  1  0  0  0  0  1  1  1  1  0  1  0  1  1  0  1  0  1  0  1  0  0 -197.75       1     0.0
118  1  1  0  1  1  1  1  0  0  0  1  1  1  0  0  0  0  0  1  1  0  0  1  0  1  0  0  1  1  1  1  1  0  0  0  1  0  1  1  0 -197.75       1     0.0
119  1  0  0  0  1  1  1  0  0  1  0  0  0  0  1  0  0  1  1  0  0  1  1  1  1  1  0  0  0  1  1  0  0  0  1  1  0  1  0  1 -197.75       1     0.0
120  1  0  1  1  0  0  1  1  1  1  1  1  0  0  1  0  0  1  1  0  0  0  0  1  1  0  0  1  0  1  1  1  1  0  0  0  0  1  0  1 -197.75       1     0.0
121  1  0  1  1  1  1  1  0  1  1  0  0  0  0  1  1  1  0  1  1  0  0  0  1  1  1  1  1  1  0  1  0  0  0  0  0  0  1  0  0 -197.75       1     0.0
122  1  1  0  1  1  1  1  1  1  1  0  0  0  0  1  0  1  0  1  0  0  0  1  1  1  1  1  0  1  0  0  1  0  0  0  1  0  1  0  0 -197.75       1     0.0
123  0  1  0  0  0  0  1  0  0  0  0  0  0  0  1  0  0  1  0  0  0  1  1  0  0  1  1  1  1  0  0  1  1  1  1  1  1  1  1  1 -197.75       1     0.0
124  0  1  0  0  0  0  0  0  0  0  1  0  0  0  0  0  0  0  1  0  0  1  1  0  0  0  1  1  1  0  0  1  1  1  1  1  1  1  1  1 -197.75       1     0.0
319  1  1  0  1  0  0  1  0  0  1  0  1  1  0  0  0  1  0  1  0  0  1  1  0  0  0  0  1  1  1  1  1  0  0  0  1  0  1  1  0 -197.75       1   0.025
126  1  0  0  0  1  0  0  0  0  0  1  1  1  1  0  1  1  0  1  1  1  1  0  1  1  0  0  0  1  1  0  0  1  0  1  0  0  1  1  0  -197.0       1     0.0
127  1  0  0  0  0  1  0  0  1  1  0  1  0  1  0  1  0  0  1  1  0  1  0  1  1  1  1  1  1  0  0  0  1  0  1  1  0  1  0  0  -197.0       1     0.0
128  1  1  0  0  1  0  1  0  1  0  0  1  0  1  1  1  0  0  1  1  0  1  0  1  1  0  0  0  1  1  0  0  0  1  1  1  1  1  1  0  -197.0       1     0.0
129  1  1  0  1  0  0  0  0  1  0  0  1  0  1  1  0  0  0  1  0  0  1  1  0  0  0  0  1  1  0  0  0  1  1  1  1  1  1  0  0  -197.0       1     0.0
130  1  0  1  0  1  1  1  0  1  1  0  1  0  0  1  1  0  1  1  0  1  0  0  1  1  0  0  1  1  1  1  0  0  0  0  1  0  0  0  0  -197.0       1     0.0
131  0  1  0  0  1  1  1  1  0  1  0  0  1  0  0  0  0  1  1  1  0  0  1  0  0  1  0  1  1  1  1  1  0  0  0  1  1  0  0  1  -197.0       1     0.0
132  1  0  0  1  0  1  1  0  0  1  0  0  1  0  1  0  0  0  1  0  0  1  1  0  0  1  0  1  1  0  1  1  1  0  0  1  0  1  0  0  -197.0       1     0.0
133  1  0  1  1  0  0  1  0  1  1  0  1  1  0  1  0  1  1  1  1  0  0  0  0  1  1  0  1  1  1  1  1  0  1  0  0  1  0  0  0  -197.0       1     0.0
134  0  1  0  1  1  1  1  0  0  1  0  0  1  0  0  0  0  1  1  1  0  0  1  0  1  0  0  1  1  1  1  1  0  1  0  1  0  0  1  0  -197.0       1     0.0
135  1  1  0  1  1  1  1  0  1  1  0  0  0  0  0  1  1  0  1  1  0  0  0  0  1  1  0  1  1  0  0  1  0  0  0  0  1  1  1  0  -197.0       1     0.0
136  1  0  1  1  0  0  1  0  1  1  0  1  0  0  1  0  0  1  0  1  1  0  0  1  0  0  0  1  1  1  1  0  1  1  1  0  0  1  0  0  -197.0       1     0.0
137  1  0  1  1  1  0  0  1  1  1  0  0  0  0  1  1  1  0  1  0  1  0  0  1  0  1  1  0  1  0  0  0  1  0  1  0  1  1  0  0  -197.0       1     0.0
138  1  1  0  1  0  0  1  0  1  0  0  0  0  0  1  0  0  1  1  1  0  0  0  1  1  0  0  1  1  1  1  1  1  1  0  1  0  1  0  0  -197.0       1     0.0
139  0  1  1  0  1  1  1  0  0  1  0  0  1  0  1  0  1  0  1  1  1  0  0  0  1  1  1  0  1  0  1  1  0  0  0  0  0  1  0  1  -197.0       1     0.0
140  1  1  0  1  1  1  1  1  1  1  0  0  0  0  1  0  1  0  1  0  0  1  1  1  0  0  0  1  0  1  1  1  0  0  1  1  0  1  0  0  -197.0       1     0.0
141  0  1  1  1  1  1  1  0  1  1  0  0  1  0  0  0  1  0  1  1  0  0  1  0  0  0  0  1  1  1  1  1  0  0  0  0  0  1  1  0  -197.0       1     0.0
142  1  0  0  1  1  1  1  0  1  1  0  1  0  0  1  1  0  0  1  1  0  0  0  1  1  1  0  1  1  0  1  1  0  0  0  1  0  1  1  0  -197.0       1     0.0
143  1  0  1  1  1  0  0  0  1  0  0  1  0  1  1  0  0  1  0  1  1  1  0  1  0  1  0  1  1  0  0  0  1  1  0  1  1  0  0  0  -197.0       1     0.0
144  0  1  1  1  1  0  1  0  0  1  0  0  0  0  0  1  1  0  1  1  0  0  0  1  0  0  1  0  1  1  1  1  0  0  1  1  0  1  1  0  -197.0       1     0.0
321  1  1  1  1  1  1  1  0  0  1  0  0  1  0  1  1  0  0  1  0  0  0  0  0  1  0  0  1  1  1  1  1  0  0  0  1  0  0  1  0  -197.0       1   0.025
384  1  1  0  0  1  1  1  0  1  1  0  0  0  0  1  0  1  1  1  0  0  0  1  0  1  0  1  0  1  0  1  1  0  1  0  1  0  1  0  0  -197.0       1   0.025
407  1  1  0  0  1  1  1  0  0  1  0  1  1  0  0  1  1  0  1  1  0  0  0  1  1  0  0  0  1  0  1  1  0  0  0  1  1  0  1  0  -197.0       1   0.025
408  0  1  0  1  1  0  1  0  0  1  0  0  1  0  0  0  1  0  1  0  0  1  1  0  0  1  1  0  1  1  1  1  0  1  0  1  0  1  1  0  -197.0       1    0.05
145  1  1  1  1  1  0  0  0  1  0  0  0  0  1  0  1  1  0  1  0  1  0  0  1  1  0  1  0  1  0  0  0  1  1  0  0  0  1  1  0 -196.75       1     0.0
146  1  0  0  0  0  0  0  0  1  0  1  1  0  1  0  1  0  1  1  1  1  1  0  1  1  0  1  0  1  0  0  0  0  1  1  1  1  1  1  0 -196.75       1     0.0
147  1  0  1  1  1  0  0  0  1  0  0  1  1  0  1  0  1  1  0  1  1  0  0  0  0  1  0  0  1  0  1  1  1  1  0  0  1  0  0  0 -196.75       1     0.0
148  1  1  1  1  1  0  1  0  0  0  0  1  1  0  0  1  1  0  1  1  0  0  0  1  0  0  0  1  1  1  0  1  1  1  0  0  0  1  1  0 -196.75       1     0.0
149  0  1  1  1  1  1  1  1  1  1  1  1  1  0  0  0  1  0  1  0  0  0  1  1  1  0  1  0  0  0  1  1  0  0  0  0  0  0  0  1 -196.75       1     0.0
150  1  1  1  1  1  0  1  0  0  0  0  1  1  0  0  1  0  0  1  0  0  1  0  0  0  0  0  1  1  1  1  1  0  1  0  1  0  0  1  0 -196.75       1     0.0
151  1  1  0  1  1  0  1  1  0  1  0  0  1  0  0  0  1  0  1  1  0  0  1  0  0  1  0  0  1  1  1  1  1  0  0  1  0  1  1  0 -196.75       1     0.0
152  0  1  0  0  1  1  1  0  0  0  0  1  1  0  0  1  1  0  1  1  0  1  1  0  1  0  0  1  1  1  0  1  0  1  0  0  1  1  1  0 -196.75       1     0.0
153  0  0  0  0  0  1  1  0  0  1  0  1  0  0  1  0  0  1  0  0  0  1  1  0  0  1  1  1  1  0  1  1  0  1  0  1  1  1  0  1 -196.75       1     0.0
154  1  1  0  1  1  1  1  0  0  1  0  0  1  0  1  0  1  0  1  0  0  0  1  1  0  0  0  0  1  0  1  1  0  0  0  1  0  1  1  0 -196.75       1     0.0
155  0  1  0  0  1  0  0  1  1  0  1  1  0  1  0  1  1  0  0  0  1  1  1  1  1  0  1  0  1  0  0  0  1  1  1  0  0  1  1  0 -196.75       1     0.0
156  0  1  0  1  0  0  1  0  0  0  0  0  1  0  1  0  1  1  1  0  0  0  1  0  0  0  0  1  1  1  1  1  1  1  0  0  0  1  1  1 -196.75       1     0.0
157  1  1  0  0  1  1  1  0  0  1  0  0  1  0  1  1  0  0  1  0  0  1  1  0  1  0  0  1  1  0  1  1  0  0  1  1  0  1  1  0 -196.75       1     0.0
158  0  1  0  1  1  0  1  0  0  1  0  0  1  0  0  1  1  0  1  0  0  0  1  0  1  0  1  0  1  0  1  1  0  1  0  1  0  1  1  0 -196.75       1     0.0
159  1  1  0  0  1  1  1  0  1  0  0  1  0  0  1  0  0  1  1  0  0  1  1  0  1  0  0  1  1  0  1  1  0  1  0  1  1  1  0  0 -196.75       1     0.0
160  1  1  1  1  0  0  1  0  0  1  0  1  0  0  0  1  0  1  1  1  0  0  0  1  1  0  0  1  1  1  1  1  0  1  0  1  0  1  0  0 -196.75       1     0.0
161  0  1  0  1  1  1  1  0  0  1  0  0  0  0  0  0  1  0  1  1  0  0  1  0  0  1  1  1  0  0  1  1  0  1  0  1  0  1  1  0 -196.75       1     0.0
296  1  0  1  0  1  0  0  1  1  0  1  1  0  0  1  0  0  1  0  1  1  0  0  1  1  0  0  0  1  1  1  0  1  0  1  0  0  1  0  0 -196.75       1   0.025
423  0  1  0  1  1  1  1  0  0  1  0  1  1  0  0  0  1  0  1  0  0  0  1  1  0  0  1  0  1  0  1  1  0  0  0  1  0  1  1  0 -196.75       1    0.05
162  1  1  1  1  0  0  1  0  1  0  0  1  0  0  0  0  0  1  1  1  0  0  0  1  1  0  0  1  1  0  1  1  1  1  0  1  1  0  0  0  -196.0       1     0.0
163  0  1  0  1  0  1  0  0  0  0  1  0  1  1  0  1  0  0  1  0  0  0  1  0  0  1  1  1  1  0  0  1  1  1  1  0  1  1  1  0  -196.0       1     0.0
164  1  0  0  1  0  1  1  0  1  1  0  0  1  0  1  1  1  1  1  0  0  0  1  0  1  0  0  1  1  1  0  1  0  0  0  1  1  0  0  0  -196.0       1     0.0
165  0  1  0  1  1  0  1  1  0  1  0  1  1  0  0  0  1  0  1  0  0  1  1  1  0  0  0  0  1  1  1  0  1  0  0  1  0  1  1  0  -196.0       1     0.0
166  1  0  0  1  0  0  1  1  1  0  0  0  1  0  1  0  0  1  1  0  0  1  1  0  1  0  0  1  1  0  0  1  1  1  0  0  1  0  0  0  -196.0       1     0.0
167  1  1  0  0  1  0  1  0  0  1  0  0  1  0  1  0  1  0  1  0  0  0  1  1  1  0  0  1  1  0  1  1  0  1  0  1  0  1  1  0  -196.0       1     0.0
168  1  1  1  0  1  0  1  0  1  1  0  0  1  0  1  1  1  0  1  1  0  0  0  0  1  0  1  0  1  0  0  1  0  1  0  0  1  1  0  0  -196.0       1     0.0
169  1  1  0  1  1  1  0  0  0  1  0  0  1  0  0  1  0  0  1  1  0  0  0  1  1  1  1  1  1  0  0  1  0  0  0  1  1  1  0  0  -196.0       1     0.0
170  1  0  1  1  1  1  1  0  1  0  0  0  0  0  1  1  0  1  1  1  0  0  0  1  0  1  1  1  1  0  0  1  1  0  0  0  0  1  0  0  -196.0       1     0.0
171  1  0  1  0  1  1  1  0  1  1  0  0  0  0  0  1  1  0  1  1  0  1  0  1  0  1  1  0  1  0  1  1  0  0  0  0  0  1  0  1  -196.0       1     0.0
172  1  0  1  1  1  0  1  0  1  0  0  1  0  0  1  0  0  1  1  1  0  0  0  1  1  0  0  0  1  1  1  1  1  1  0  0  0  1  0  0  -196.0       1     0.0
173  1  0  1  1  1  0  0  0  1  1  0  1  1  1  1  0  1  1  0  1  1  0  0  1  1  0  0  0  1  1  1  0  1  0  0  0  0  0  0  0  -196.0       1     0.0
174  1  1  1  0  1  0  0  0  1  1  0  1  0  0  1  1  1  0  1  0  0  0  0  1  1  0  1  0  1  0  0  0  0  1  1  1  0  1  0  1  -196.0       1     0.0
334  0  1  0  1  1  1  1  0  0  1  0  1  1  0  0  1  0  0  1  1  0  1  1  0  0  0  1  0  1  0  1  1  0  0  0  1  0  1  1  0  -196.0       1   0.025
347  1  0  1  0  0  0  0  0  1  0  1  1  0  1  1  0  1  1  0  1  1  0  0  1  1  0  0  0  1  1  0  0  1  1  1  0  1  1  0  0  -196.0       1   0.025
403  1  1  0  0  1  1  1  0  0  1  0  0  1  0  1  1  1  0  1  1  0  0  0  0  1  0  0  0  1  0  1  1  0  0  0  1  0  1  0  0  -196.0       1   0.025
418  0  1  1  1  1  1  1  0  0  1  1  0  0  0  0  1  1  0  1  0  0  1  1  1  0  0  1  0  0  0  0  1  0  0  1  1  0  1  1  0  -196.0       1    0.05
442  0  1  0  0  1  0  1  0  0  0  1  0  0  1  1  0  0  0  1  0  0  1  1  0  0  1  1  0  1  0  0  1  1  1  0  1  1  1  1  1  -196.0       1   0.025
176  1  0  1  1  1  0  1  0  1  0  1  1  0  0  0  0  0  1  0  1  1  1  1  1  0  0  0  0  1  1  1  0  1  0  0  0  0  0  0  1 -195.75       1     0.0
177  1  1  0  0  1  1  1  0  1  0  1  1  1  1  0  1  0  0  1  1  0  1  0  1  1  0  0  1  1  0  1  0  0  0  1  1  0  1  1  0 -195.75       1     0.0
178  0  1  0  1  0  1  1  0  0  1  0  0  1  1  1  0  1  0  1  0  0  0  1  0  1  0  0  0  1  1  0  1  0  0  0  1  1  1  0  1 -195.75       1     0.0
179  1  1  0  1  1  0  1  0  0  1  0  1  1  0  0  1  0  0  1  1  0  0  1  1  1  0  0  0  1  1  0  1  0  0  0  1  0  0  1  0 -195.75       1     0.0
180  1  0  1  1  1  0  1  0  1  1  0  0  0  1  1  0  1  1  1  1  1  0  0  1  1  1  1  0  1  0  0  0  1  0  0  0  0  1  0  0 -195.75       1     0.0
181  0  0  0  1  1  1  1  0  0  1  0  0  1  0  0  1  0  0  1  0  0  1  1  0  0  1  0  1  0  0  1  1  0  0  0  1  0  1  1  0 -195.75       1     0.0
182  1  1  0  0  0  0  0  0  1  0  0  1  0  0  1  1  0  0  1  0  0  1  0  1  1  0  0  1  1  0  0  1  1  1  0  1  1  1  1  0 -195.75       1     0.0
183  0  1  0  1  1  1  1  0  0  1  0  0  1  0  0  0  1  0  1  0  1  0  1  0  0  1  1  0  1  0  1  1  0  0  0  1  0  1  1  0 -195.75       1     0.0
184  1  1  0  1  1  1  1  0  0  1  0  0  1  0  1  0  1  0  1  1  0  0  1  0  0  0  0  0  1  1  1  1  0  0  0  1  0  1  0  0 -195.75       1     0.0
185  1  0  0  1  1  1  1  0  0  1  0  0  0  0  1  0  0  0  1  0  0  0  1  0  1  1  0  1  1  1  1  1  0  1  0  1  0  1  0  0 -195.75       1     0.0
186  1  0  1  0  1  0  0  0  1  1  1  1  0  0  1  0  1  1  0  1  0  1  0  1  1  0  1  0  0  1  1  0  1  1  1  0  0  1  0  0 -195.75       1     0.0
315  0  1  0  1  1  1  1  0  0  1  0  0  1  0  0  1  1  0  1  0  0  0  1  0  0  1  0  1  1  0  1  1  0  1  0  0  0  1  1  0 -195.75       1   0.025
398  0  1  0  1  1  1  0  0  0  1  0  0  1  0  0  0  1  0  1  1  0  0  1  1  1  0  1  0  1  0  1  1  0  0  0  1  1  0  1  0 -195.75       1   0.025
469  0  1  0  1  1  1  1  0  0  1  0  0  0  0  0  0  1  0  1  0  0  1  1  0  1  0  1  0  1  1  1  1  0  0  1  1  0  1  1  1 -195.75       1    0.05
188  1  0  1  1  1  0  1  0  1  0  0  1  0  0  1  0  0  1  0  0  1  0  0  1  0  1  1  1  1  0  1  1  1  1  1  0  0  0  0  0  -195.0       1     0.0
189  1  0  1  1  1  0  1  0  1  0  0  1  0  0  1  0  0  1  1  0  1  1  1  1  0  1  0  1  1  1  1  0  1  1  1  0  0  0  0  0  -195.0       1     0.0
190  1  1  0  0  1  1  1  0  0  0  0  1  1  0  0  1  0  0  1  1  0  0  0  0  1  0  0  1  1  1  1  1  1  0  0  1  0  1  1  0  -195.0       1     0.0
191  1  0  1  1  0  0  1  1  1  1  0  1  1  0  1  0  1  1  1  1  1  0  0  1  0  1  0  1  0  0  0  1  1  0  1  0  1  0  0  0  -195.0       1     0.0
192  0  1  0  1  1  1  1  0  0  1  0  0  1  0  1  0  0  0  1  1  0  1  1  0  1  0  0  1  1  1  1  1  0  0  1  1  0  1  1  0  -195.0       1     0.0
193  0  1  0  1  1  0  1  0  0  0  0  0  1  0  0  0  0  0  1  0  0  0  1  0  1  1  0  1  1  1  1  1  1  1  0  0  0  1  1  0  -195.0       1     0.0
194  0  1  0  1  0  1  1  0  1  0  0  0  0  0  0  0  0  1  1  1  0  1  1  0  1  0  1  1  1  0  1  1  0  1  0  1  1  1  0  0  -195.0       1     0.0
195  1  1  0  1  1  0  1  0  0  1  0  0  1  0  1  0  1  0  1  1  0  0  0  1  1  1  1  0  1  0  1  1  0  1  0  1  0  1  1  0  -195.0       1     0.0
196  1  0  0  0  1  1  1  0  1  0  0  0  0  0  1  1  0  0  1  1  0  1  0  0  0  1  0  1  1  1  1  1  1  1  0  1  0  1  0  0  -195.0       1     0.0
197  1  0  1  0  1  0  0  0  0  1  0  1  0  0  1  0  0  1  0  0  1  0  0  1  0  1  1  0  1  1  1  1  1  1  1  0  0  1  0  1  -195.0       1     0.0
387  0  1  0  1  1  1  1  0  0  1  0  0  1  0  1  0  0  0  1  1  0  1  0  1  1  1  0  0  1  0  1  1  0  0  0  1  0  0  1  1  -195.0       1   0.025
404  1  0  0  0  0  0  1  0  1  0  0  0  0  1  0  0  0  1  1  1  0  1  1  0  1  0  0  1  1  1  1  1  0  1  0  1  0  1  0  0  -195.0       1   0.025
198  1  0  0  1  0  0  0  0  0  0  0  0  1  1  0  0  1  0  1  0  1  0  1  0  0  1  0  1  1  0  1  1  1  1  0  0  1  1  1  1 -194.75       1     0.0
199  0  1  0  1  1  0  1  1  0  0  0  1  1  0  0  0  1  1  0  0  0  0  1  0  1  1  0  1  0  1  1  1  0  1  0  1  1  0  1  1 -194.75       1     0.0
200  1  1  0  1  0  1  1  1  1  1  0  0  0  0  0  0  0  1  1  1  0  0  0  1  1  1  0  1  0  1  1  1  0  0  0  0  1  0  0  0 -194.75       1     0.0
201  0  0  0  0  1  0  1  0  1  0  0  1  0  1  1  0  0  1  0  0  0  1  1  1  1  0  0  1  1  1  1  0  0  1  0  1  0  1  0  1 -194.75       1     0.0
202  0  1  0  1  0  0  0  1  1  0  0  1  0  0  0  0  0  1  1  0  1  0  1  0  1  0  1  1  1  1  0  1  1  0  0  0  1  0  0  0 -194.75       1     0.0
203  1  1  0  1  0  0  0  0  1  0  0  0  0  1  0  0  1  1  1  1  0  1  1  0  0  0  1  0  1  0  0  1  1  1  0  0  1  1  1  0 -194.75       1     0.0
204  1  0  1  1  1  0  1  1  1  0  0  1  0  0  1  0  0  1  1  1  1  0  1  1  0  1  0  1  1  1  0  0  1  1  0  0  0  0  0  0 -194.75       1     0.0
205  0  1  1  1  1  0  1  0  1  0  0  1  0  0  0  1  0  0  1  0  0  1  1  1  0  0  0  0  1  1  0  0  1  1  1  1  0  1  0  0 -194.75       1     0.0
206  1  0  1  1  1  0  1  0  0  0  0  1  0  0  1  0  0  1  0  1  1  1  0  1  0  0  0  1  1  1  1  0  0  1  0  1  0  1  0  0 -194.75       1     0.0
207  1  1  1  1  1  0  1  1  1  0  0  1  0  0  1  0  0  1  1  1  0  1  0  1  1  0  0  0  1  1  0  0  1  0  0  1  0  1  0  0 -194.75       1     0.0
208  1  1  1  1  1  0  0  0  1  0  1  1  0  1  1  0  1  1  1  1  1  0  0  1  0  0  0  0  1  1  0  0  1  1  0  0  1  0  0  0 -194.75       1     0.0
209  1  1  1  1  1  1  0  0  0  1  0  0  0  0  1  1  1  0  1  0  0  0  0  1  0  1  1  0  0  0  1  1  0  0  1  1  0  1  0  0 -194.75       1     0.0
362  0  1  1  1  1  0  1  1  0  1  0  1  1  0  0  0  1  0  1  0  0  0  1  0  0  1  0  0  1  1  1  1  0  0  0  0  0  1  0  1 -194.75       1   0.025
383  1  0  1  1  1  0  1  1  1  1  0  1  0  1  1  0  0  1  1  1  0  1  0  1  0  0  0  0  1  0  1  0  1  0  0  1  0  1  0  0 -194.75       1   0.025
421  0  1  0  1  0  0  0  1  0  0  0  1  1  1  1  1  0  0  1  1  0  1  0  1  0  1  0  1  1  0  0  1  1  1  0  0  1  1  1  0 -194.75       1   0.025
422  1  1  1  0  1  1  1  0  0  1  0  0  1  0  1  1  0  0  1  1  0  1  0  1  1  0  0  0  1  0  1  0  0  0  0  1  0  1  0  0 -194.75       1   0.025
213  0  0  1  1  1  0  1  1  1  1  0  0  1  0  1  0  0  1  0  0  0  0  1  0  0  1  0  1  0  1  1  1  1  1  0  0  0  0  1  1  -194.0       1     0.0
214  1  0  1  1  0  0  0  1  1  0  1  0  0  0  1  0  0  1  0  1  1  0  0  1  1  0  0  1  1  1  0  0  1  0  1  0  1  0  0  0  -194.0       1     0.0
215  1  0  0  0  1  0  0  0  1  0  0  1  0  1  0  0  0  1  0  1  0  1  1  1  1  0  0  0  1  1  1  0  1  1  1  1  0  1  0  1  -194.0       1     0.0
216  1  0  1  0  1  0  0  0  0  0  1  1  0  1  1  1  0  0  1  1  1  0  0  1  1  1  1  0  1  0  1  0  1  1  1  1  0  1  0  0  -194.0       1     0.0
217  1  1  1  1  0  0  1  1  1  0  1  1  1  0  1  0  1  1  1  0  0  0  0  1  1  0  1  0  1  1  0  1  1  0  0  0  1  0  0  0  -194.0       1     0.0
218  1  0  0  0  1  0  0  0  1  1  0  1  1  1  0  1  0  0  0  1  1  1  0  1  1  1  0  0  1  0  1  0  1  1  1  0  0  1  0  0  -194.0       1     0.0
219  1  0  1  1  0  0  1  1  1  0  0  1  0  1  1  0  0  1  1  0  0  1  0  1  1  0  0  1  1  0  1  0  1  0  0  1  0  1  0  0  -194.0       1     0.0
220  0  1  1  0  1  0  1  0  1  0  0  1  1  0  1  1  0  0  1  1  0  1  0  0  1  0  0  1  1  1  1  0  0  1  1  1  0  1  0  1  -194.0       1     0.0
221  1  1  0  0  1  0  1  0  0  0  1  0  1  0  1  0  1  0  1  1  0  0  1  0  1  0  0  0  1  1  1  1  0  1  1  0  0  1  1  0  -194.0       1     0.0
222  1  0  0  0  1  0  1  1  0  1  0  1  0  0  0  0  0  0  1  1  0  1  1  1  0  1  0  0  1  1  1  0  1  0  1  1  0  1  1  0  -194.0       1     0.0
223  0  1  1  1  1  1  1  1  0  1  0  0  1  0  1  1  1  0  1  0  0  0  0  0  1  1  1  0  1  0  1  1  0  0  0  0  0  1  0  0  -194.0       1     0.0
224  0  1  1  1  1  0  1  0  1  0  0  0  0  0  0  0  1  0  1  0  0  0  1  1  0  1  1  1  1  0  0  1  1  1  0  0  0  1  1  1  -194.0       1     0.0
225  1  1  0  0  1  1  0  0  0  0  1  1  0  0  0  1  1  0  1  1  1  1  0  1  1  0  1  0  1  0  0  0  0  0  0  1  1  1  1  0  -194.0       1     0.0
226  0  0  0  0  0  0  1  1  1  0  0  1  0  0  1  0  0  1  1  0  0  1  1  0  1  0  0  1  1  1  1  1  1  1  0  0  1  1  0  1  -194.0       1     0.0
227  1  1  0  1  0  1  1  1  0  0  0  1  0  1  1  0  0  1  1  1  0  0  0  1  0  1  0  1  0  0  1  1  1  0  0  1  1  0  0  0  -194.0       1     0.0
228  1  0  0  1  1  0  1  0  0  1  1  1  0  0  1  1  0  1  1  1  0  1  0  1  1  0  0  0  0  1  1  0  1  0  0  1  0  1  0  0  -194.0       1     0.0
317  1  0  0  0  0  0  0  0  1  0  1  1  0  1  1  0  0  1  0  0  1  1  0  1  1  0  0  1  1  1  0  0  1  1  1  0  1  1  1  0  -194.0       1   0.025
369  0  1  0  1  1  1  1  0  0  1  0  1  0  0  1  1  0  0  1  0  0  1  0  1  1  1  1  0  1  0  1  0  0  0  1  1  0  1  0  0  -194.0       1   0.025
379  1  0  0  0  1  0  1  0  1  0  1  0  0  0  1  0  0  1  0  0  1  1  0  1  1  0  0  1  1  1  1  0  1  1  1  0  0  1  0  1  -194.0       1   0.025
427  1  0  1  1  1  1  0  1  0  1  1  0  0  0  1  1  0  1  0  1  1  0  0  1  1  0  1  0  0  0  1  0  0  0  1  1  1  0  0  0  -194.0       1   0.025
430  0  0  0  1  0  0  1  0  0  0  1  0  1  0  0  0  1  0  1  1  0  1  1  0  0  1  1  1  1  1  1  1  1  1  0  0  0  1  1  0  -194.0       1   0.025
444  1  0  0  0  0  0  0  0  1  0  1  1  1  1  1  0  0  1  0  1  1  1  0  1  1  0  0  1  1  0  0  0  1  1  1  0  1  0  1  0  -194.0       1   0.025
472  1  1  0  1  1  1  1  0  0  1  0  0  1  0  1  1  0  0  1  1  0  0  0  0  0  1  1  0  1  0  1  1  0  0  0  1  0  1  1  0  -194.0       1    0.05
229  1  0  0  1  1  1  1  0  1  1  0  1  0  0  1  1  0  1  1  1  1  0  0  1  1  1  0  0  1  0  1  0  0  0  0  1  1  0  0  0 -193.75       1     0.0
230  0  1  0  0  1  0  1  0  0  0  0  1  0  0  0  0  0  0  1  1  0  1  1  1  1  0  0  1  1  1  1  0  1  1  1  1  0  0  1  0 -193.75       1     0.0
231  1  1  0  0  1  0  0  0  1  0  1  1  0  1  1  0  0  1  0  1  1  1  0  1  1  0  0  0  1  1  1  0  1  1  1  0  0  1  0  0 -193.75       1     0.0
232  1  1  0  1  1  0  1  1  1  0  1  1  1  0  0  0  0  0  1  0  0  1  1  0  0  0  0  1  1  1  1  1  1  0  0  0  1  0  1  0 -193.75       1     0.0
233  1  1  1  1  0  0  0  1  1  0  0  1  0  0  1  0  0  1  1  0  0  1  1  1  0  0  0  1  1  0  1  0  1  1  1  1  1  0  0  0 -193.75       1     0.0
234  1  0  0  0  0  0  0  0  1  0  0  1  0  1  0  0  0  1  1  1  1  1  0  1  0  1  0  1  1  0  0  0  1  1  1  0  1  1  1  0 -193.75       1     0.0
235  1  1  0  0  0  1  1  0  1  1  0  1  1  0  0  0  0  1  0  1  0  0  1  0  1  0  0  1  0  1  1  1  1  1  0  0  1  0  0  0 -193.75       1     0.0
236  1  0  1  0  1  0  1  0  0  0  0  0  1  0  0  0  0  0  1  1  0  1  1  0  0  1  0  1  1  0  1  1  0  1  0  0  0  1  1  0 -193.75       1     0.0
237  1  0  0  1  0  1  1  0  1  0  0  0  1  0  1  0  0  1  1  0  0  0  1  1  1  0  0  1  1  0  1  1  0  0  0  1  1  1  0  0 -193.75       1     0.0
238  1  0  1  1  0  0  0  0  1  0  0  1  0  0  1  0  0  1  0  1  1  1  0  1  0  1  0  0  1  1  1  0  1  1  1  1  1  1  0  0 -193.75       1     0.0
239  1  1  0  1  1  1  1  0  0  1  0  0  1  0  0  0  1  0  1  1  0  0  1  0  0  1  0  1  1  0  0  1  1  0  0  1  1  1  1  0 -193.75       1     0.0
240  1  0  1  1  1  1  1  0  0  0  1  1  0  0  0  1  0  0  1  1  0  0  0  1  0  0  0  0  1  1  1  1  0  0  0  1  0  1  1  0 -193.75       1     0.0
241  0  1  1  1  1  1  1  1  0  1  1  1  1  1  0  0  1  0  1  0  0  0  1  1  0  0  0  0  0  1  1  0  0  0  1  1  0  0  1  0 -193.75       1     0.0
242  0  1  0  0  1  1  1  0  0  0  0  1  0  0  0  0  0  1  0  0  0  1  1  1  1  0  0  0  1  1  1  0  1  1  1  1  0  1  0  1 -193.75       1     0.0
243  0  1  0  0  1  0  1  1  0  0  1  1  1  0  0  0  0  0  1  1  0  1  1  0  1  0  0  1  0  1  0  1  1  1  1  0  1  1  1  0 -193.75       1     0.0
244  1  0  0  1  1  0  1  1  1  1  0  0  0  0  1  1  1  0  1  1  0  0  0  1  1  1  1  1  1  0  1  1  0  0  0  0  0  1  0  0 -193.75       1     0.0
245  1  1  1  1  0  1  1  0  1  0  0  1  0  0  0  0  1  1  0  0  0  0  1  0  0  0  0  1  1  1  1  1  1  1  0  0  0  1  0  0 -193.75       1     0.0
246  1  0  1  1  1  0  0  0  0  1  0  1  0  0  0  1  1  0  1  1  1  0  0  1  1  0  0  1  1  1  1  0  0  0  0  1  0  1  0  0 -193.75       1     0.0
247  1  1  0  1  0  0  0  1  0  0  0  1  0  0  0  0  0  0  1  1  0  1  0  1  1  0  1  1  1  1  0  1  1  1  0  1  1  1  1  0 -193.75       1     0.0
248  1  0  1  1  1  0  1  1  1  0  1  1  0  0  0  0  1  1  1  1  0  1  1  1  0  0  0  0  1  0  1  0  1  0  1  0  0  1  0  0 -193.75       1     0.0
249  1  1  0  0  1  1  1  0  0  1  0  1  1  0  1  0  0  1  1  0  0  0  1  1  0  0  0  1  1  1  1  1  0  1  0  1  0  1  0  0 -193.75       1     0.0
250  0  1  1  1  1  0  1  0  0  1  0  1  0  0  0  1  0  0  1  0  0  0  0  1  0  0  1  0  1  1  1  0  0  1  1  1  0  1  1  0 -193.75       1     0.0
406  1  1  1  1  0  0  0  0  1  0  1  1  0  0  0  0  0  1  0  1  1  0  0  1  1  0  1  0  1  0  0  0  1  1  1  0  1  0  1  0 -193.75       1   0.025
449  0  1  0  0  0  0  0  0  0  0  0  0  1  0  1  0  1  0  1  1  0  1  1  0  0  0  0  1  1  1  0  1  1  1  1  0  1  1  1  1 -193.75       1   0.025
254  0  1  0  0  1  0  1  0  0  0  0  1  0  1  1  1  1  0  1  1  0  1  0  1  0  1  0  0  1  0  0  0  1  1  1  1  0  1  1  0  -193.0       1     0.0
255  0  1  1  0  1  1  0  0  0  1  0  1  1  0  0  1  1  0  1  1  1  0  0  1  1  1  1  0  1  0  0  0  1  0  0  0  1  0  0  1  -193.0       1     0.0
256  0  1  0  1  0  1  1  1  1  1  0  0  0  0  1  0  0  1  1  1  1  0  1  0  1  1  0  1  0  0  0  1  0  0  0  0  1  0  0  0  -193.0       1     0.0
257  1  0  1  0  1  1  1  0  1  0  0  0  1  0  1  0  0  0  1  1  0  1  0  1  1  1  0  0  1  0  1  1  1  1  0  0  0  1  0  0  -193.0       1     0.0
258  0  1  0  0  1  1  1  0  0  1  0  1  1  0  1  1  1  0  1  0  0  1  0  1  1  0  0  1  1  0  1  0  0  0  1  1  0  1  0  0  -193.0       1     0.0
259  1  0  0  1  1  0  1  0  0  0  0  1  1  0  1  1  0  0  1  1  0  0  0  0  0  1  0  1  1  0  1  1  1  1  0  1  0  1  1  0  -193.0       1     0.0
260  0  1  1  0  1  1  1  0  1  0  0  0  1  0  1  1  0  0  1  1  0  1  0  1  1  0  0  1  1  0  1  0  0  1  0  1  0  1  0  0  -193.0       1     0.0
261  1  0  0  1  1  1  1  0  0  1  0  0  1  0  0  1  0  0  1  0  0  0  1  0  0  1  0  0  1  0  1  1  0  0  0  1  1  1  1  0  -193.0       1     0.0
262  0  1  1  1  0  0  1  0  0  0  0  1  1  0  1  0  1  0  1  1  1  0  1  0  0  1  0  1  1  1  1  1  1  0  0  0  0  1  0  0  -193.0       1     0.0
263  1  0  0  0  1  1  1  0  1  1  0  1  0  0  0  0  0  1  0  1  1  1  1  1  1  0  0  1  1  1  1  0  1  0  1  1  0  1  0  0  -193.0       1     0.0
264  1  0  1  1  1  0  1  0  1  1  1  1  0  0  0  1  1  1  1  0  1  0  1  1  0  0  0  0  1  1  0  0  0  1  0  0  0  1  0  0  -193.0       1     0.0
265  0  0  1  1  1  0  1  0  1  0  0  0  0  0  0  0  1  1  0  0  1  1  1  1  0  1  1  1  1  0  1  0  1  1  0  0  0  1  0  1  -193.0       1     0.0
266  1  1  0  1  1  1  1  0  0  1  0  0  0  0  0  1  0  0  1  0  0  1  1  1  1  0  0  0  1  1  0  1  0  0  1  1  0  1  0  1  -193.0       1     0.0
267  1  0  0  1  0  0  0  0  1  0  1  0  1  1  1  0  0  1  0  1  0  0  0  1  1  1  0  1  1  1  1  1  1  1  0  0  1  0  0  0  -193.0       1     0.0
268  1  0  0  1  0  1  1  0  1  1  0  0  1  1  0  1  1  1  0  1  0  0  0  0  1  1  0  0  0  0  1  1  0  0  1  1  1  0  1  0  -193.0       1     0.0
269  1  0  0  0  1  1  1  0  0  1  0  0  0  0  1  1  1  0  1  1  0  1  1  1  1  0  0  0  1  1  1  1  0  0  1  0  0  1  0  0  -193.0       1     0.0
270  1  1  0  1  1  1  1  0  0  1  0  0  1  1  0  1  1  0  1  1  0  1  0  1  1  0  0  0  1  1  1  0  0  0  0  1  0  0  0  0  -193.0       1     0.0
271  0  1  1  1  1  0  1  1  1  0  1  1  0  0  1  0  0  0  1  0  1  0  1  1  0  0  1  0  0  0  1  0  1  0  1  0  0  1  1  0  -193.0       1     0.0
388  1  1  0  1  1  0  1  0  0  1  1  0  1  0  0  1  1  0  1  0  0  0  1  0  0  0  0  0  1  1  1  1  0  0  0  1  0  0  1  0  -193.0       1   0.025
424  0  1  1  1  1  1  1  0  0  1  0  1  1  0  0  0  0  1  1  1  0  0  1  0  0  0  0  1  1  0  1  1  0  0  0  0  0  0  1  0  -193.0       1   0.025
431  1  1  1  1  0  0  0  1  1  0  1  1  0  1  1  0  0  1  0  1  0  1  0  1  1  0  0  0  1  1  1  0  1  1  0  1  1  0  0  0  -193.0       1   0.025
445  1  0  1  0  1  1  1  0  1  0  0  1  0  0  1  1  0  0  1  1  0  1  0  1  0  1  1  0  1  0  1  0  0  1  0  0  0  1  1  0  -193.0       1   0.025
487  0  0  0  1  1  1  1  1  0  1  0  0  1  0  0  1  1  0  1  1  0  1  0  1  0  1  1  0  1  0  1  1  0  0  0  1  0  0  1  0  -193.0       1   0.075
272  1  0  1  1  1  1  0  1  1  1  1  1  1  0  1  1  0  1  1  1  1  0  0  1  0  1  1  0  0  0  1  0  0  0  1  1  0  0  0  0 -192.75       1     0.0
273  1  0  0  0  0  1  0  0  1  0  0  1  1  0  1  0  0  1  0  1  1  1  0  1  1  1  0  1  1  0  1  0  1  1  1  0  1  1  0  0 -192.75       1     0.0
274  1  1  0  1  1  1  0  0  1  0  1  1  0  1  1  0  1  1  0  0  1  0  0  1  1  0  1  0  1  0  0  0  1  0  1  0  1  1  0  0 -192.75       1     0.0
275  0  1  0  0  1  1  1  0  0  1  0  0  1  1  0  0  0  0  1  0  0  1  1  1  0  0  0  0  1  1  1  1  0  0  1  1  1  1  1  1 -192.75       1     0.0
276  1  0  0  0  1  0  0  0  1  0  0  1  0  1  1  1  0  1  0  1  1  0  0  1  1  0  1  0  1  0  0  0  1  1  0  0  1  1  0  1 -192.75       1     0.0
278  1  1  1  1  1  1  1  0  0  1  0  0  1  0  0  1  0  0  1  1  0  0  0  0  0  1  0  1  1  1  1  1  1  0  0  0  0  0  0  0 -192.75       1     0.0
279  1  1  0  1  0  0  1  0  1  1  0  1  1  0  0  1  0  0  0  1  0  1  0  0  1  0  0  1  1  0  1  1  0  1  0  0  0  1  1  0 -192.75       1     0.0
280  1  1  0  1  0  0  1  0  0  0  0  0  1  0  1  0  1  0  1  0  0  0  1  0  1  0  0  1  1  0  0  1  0  1  0  0  1  1  1  0 -192.75       1     0.0
281  1  0  1  1  1  0  0  1  1  0  0  1  1  0  1  0  0  1  0  0  1  1  0  0  0  1  0  1  1  0  0  0  1  0  0  0  1  0  0  0 -192.75       1     0.0
282  1  1  0  1  1  1  1  0  0  1  0  1  1  0  1  0  1  1  0  0  0  0  1  1  0  0  0  1  0  1  1  1  0  0  1  1  0  1  0  0 -192.75       1     0.0
283  1  0  0  1  0  0  1  0  1  1  0  1  0  0  1  1  1  0  1  0  0  1  0  1  1  1  0  0  1  0  1  1  0  0  0  1  0  1  0  0 -192.75       1     0.0
284  1  1  1  1  1  0  1  0  0  0  0  0  0  0  0  1  0  0  1  1  0  1  0  1  1  0  0  1  1  0  1  1  0  1  0  1  0  1  1  1 -192.75       1     0.0
386  0  1  0  1  1  1  1  0  0  1  1  0  1  1  0  1  1  0  1  0  0  1  1  0  0  1  0  0  1  0  0  1  0  0  0  1  1  1  1  0 -192.75       1   0.025
420  1  1  0  1  1  0  1  0  0  0  0  1  1  1  0  0  1  0  1  1  0  0  1  0  1  0  0  1  1  0  1  1  0  1  0  1  0  1  1  0 -192.75       1   0.025
455  1  0  0  1  1  0  1  1  1  1  0  1  0  0  1  0  0  1  1  1  0  1  0  1  1  0  0  0  1  1  1  1  1  0  0  0  1  0  0  0 -192.75       1   0.025
480  0  1  1  1  1  1  0  0  0  1  0  1  0  1  0  1  1  0  1  0  1  0  1  1  0  0  1  0  1  0  1  0  0  0  1  1  0  1  1  0 -192.75       1    0.05
289  1  0  1  1  0  0  1  0  1  1  0  0  0  0  1  1  1  1  1  1  0  1  0  1  0  1  1  1  1  0  1  1  1  1  0  0  0  0  0  0  -192.0       1     0.0
290  1  1  0  1  0  1  1  0  0  1  0  1  1  1  0  1  1  0  1  0  0  0  0  0  0  0  0  1  1  1  1  1  0  0  0  1  0  1  1  0  -192.0       1     0.0
291  1  0  1  1  1  0  1  0  1  1  0  0  1  0  1  0  0  1  1  0  1  1  0  1  0  1  0  1  1  1  1  1  1  1  0  0  0  0  0  0  -192.0       1     0.0
292  1  1  1  1  1  0  0  0  1  1  0  1  0  1  0  1  0  1  1  1  1  0  0  1  1  0  1  0  1  1  0  0  1  0  1  0  0  0  0  1  -192.0       1     0.0
294  0  1  1  0  1  0  1  1  0  0  0  0  1  0  0  0  1  0  1  0  1  0  1  0  0  1  0  1  1  0  1  1  1  1  0  0  0  0  1  0  -192.0       1     0.0
295  0  1  0  1  1  1  1  1  0  1  0  0  1  0  0  1  0  0  1  0  0  0  1  0  0  0  0  1  1  0  1  1  0  0  0  1  0  1  1  0  -192.0       1     0.0
297  0  1  1  1  1  1  1  0  0  1  0  1  1  0  1  1  1  0  1  0  0  0  0  1  0  1  1  0  1  1  1  0  0  0  0  1  0  1  1  0  -192.0       1     0.0
298  1  1  0  1  1  0  1  0  0  1  1  0  1  0  1  1  1  0  1  0  0  0  0  0  1  0  1  0  1  0  1  1  0  0  0  1  0  1  1  0  -192.0       1     0.0
299  1  1  0  1  1  1  1  0  0  1  0  0  0  0  1  0  0  1  1  1  0  1  1  0  0  1  0  0  1  0  0  1  0  0  0  1  1  1  1  0  -192.0       1     0.0
300  1  1  0  1  0  0  0  1  0  0  0  1  1  0  1  0  0  0  1  0  0  0  1  0  0  0  1  1  1  0  0  1  1  0  1  0  1  1  1  0  -192.0       1     0.0
301  1  1  0  1  0  0  1  1  0  1  0  0  0  0  0  1  1  0  1  1  0  0  1  0  1  0  1  1  0  0  1  1  0  0  1  1  0  1  1  0  -192.0       1     0.0
302  1  0  0  1  1  1  0  0  1  0  1  1  0  0  1  0  1  1  1  0  1  0  0  1  1  0  1  0  1  0  0  1  1  0  0  0  1  1  0  0  -192.0       1     0.0
440  1  0  0  1  0  0  1  1  1  0  1  1  0  1  1  0  1  1  0  1  0  0  1  0  1  0  1  0  0  0  1  1  1  1  0  0  1  0  0  0  -192.0       1   0.025
304  1  1  0  1  0  0  1  1  0  1  1  0  0  0  1  0  0  1  1  1  0  0  0  1  1  0  0  0  0  1  1  1  0  0  1  1  1  0  0  0 -191.75       1     0.0
305  1  1  0  1  1  1  0  0  0  1  0  1  0  0  1  1  0  0  1  1  0  1  0  1  1  0  0  1  1  0  1  0  0  0  1  1  0  1  0  1 -191.75       1     0.0
306  1  0  0  0  1  1  1  0  1  0  0  0  1  0  1  0  1  1  1  1  0  1  1  1  0  1  0  0  1  1  1  1  1  0  0  0  0  1  0  0 -191.75       1     0.0
307  1  1  0  1  0  1  1  0  0  0  0  0  1  0  1  1  0  0  1  0  0  0  0  0  0  1  1  1  1  0  1  1  0  1  0  1  0  1  1  0 -191.75       1     0.0
308  1  0  1  1  1  0  1  0  0  0  1  1  1  0  1  1  0  0  1  1  1  0  0  1  0  0  1  0  1  1  1  0  0  0  0  1  0  1  1  0 -191.75       1     0.0
309  1  1  0  0  1  1  1  0  0  1  0  0  1  0  0  0  0  1  0  1  0  0  1  0  0  1  1  1  1  0  0  1  0  1  0  1  1  1  0  0 -191.75       1     0.0
310  1  1  1  1  1  0  1  0  0  0  0  1  1  0  1  0  0  1  1  0  0  0  0  1  1  0  0  1  1  1  0  1  1  1  0  0  0  1  0  1 -191.75       1     0.0
311  0  1  1  1  1  1  1  0  1  1  0  1  0  0  1  1  1  0  1  0  0  0  1  1  0  0  0  0  1  1  1  1  0  0  1  0  0  1  0  0 -191.75       1     0.0
312  0  1  0  1  1  1  1  0  0  1  0  0  1  0  1  0  1  1  1  0  0  0  1  0  0  1  1  0  1  0  0  1  1  1  0  0  0  1  0  0 -191.75       1     0.0
426  1  1  0  1  1  1  1  0  1  1  0  0  0  1  1  1  1  0  1  1  0  0  0  1  1  0  1  0  1  0  1  1  0  0  1  1  0  1  0  0 -191.75       1   0.025
433  1  0  1  1  1  1  1  0  0  1  0  0  1  0  1  1  1  0  1  0  1  0  0  0  0  1  0  0  1  0  1  1  0  0  0  1  0  1  0  0 -191.75       1   0.025
435  1  1  0  1  0  1  1  0  0  1  0  1  1  0  0  1  1  0  1  1  0  0  1  0  1  0  1  1  1  0  1  1  0  0  0  1  1  1  1  0 -191.75       1   0.025
451  1  1  1  1  1  0  0  0  0  1  0  1  1  0  0  1  1  1  1  1  1  0  0  1  0  1  0  0  1  1  1  1  0  1  0  0  0  0  0  0 -191.75       1   0.025
458  0  0  1  0  1  1  1  0  1  1  0  0  0  0  1  0  0  1  1  0  0  1  1  0  1  1  1  0  0  0  1  0  0  1  1  1  0  1  0  0 -191.75       1   0.025
461  0  1  0  1  1  1  1  0  0  1  0  0  1  0  0  1  1  0  1  0  0  0  0  0  1  0  1  0  1  0  1  1  0  1  0  1  1  1  1  1 -191.75       1    0.05
470  0  1  1  1  1  0  0  1  0  1  0  1  0  1  0  1  0  0  1  0  1  1  0  1  1  0  1  0  1  1  0  0  1  0  1  0  0  0  0  0 -191.75       1   0.025
322  1  0  0  0  1  1  0  0  0  0  0  1  1  1  1  1  1  0  1  0  1  0  0  0  1  0  1  0  1  0  0  0  1  1  0  0  1  1  1  1  -191.0       1     0.0
323  1  0  0  1  0  0  1  0  1  0  1  1  0  0  0  0  0  1  1  0  0  1  1  1  0  0  0  1  1  1  1  1  1  1  1  0  1  0  0  0  -191.0       1     0.0
325  1  1  0  0  1  0  0  0  1  0  0  1  0  1  1  0  0  0  1  1  1  0  1  0  1  0  1  0  1  0  0  0  1  1  1  1  1  1  0  0  -191.0       1     0.0
326  1  1  0  1  0  1  1  0  1  0  0  1  1  0  1  0  0  0  1  0  0  0  1  0  1  0  0  1  1  0  1  1  0  1  1  1  0  1  0  0  -191.0       1     0.0
327  1  1  1  1  1  1  1  0  1  1  0  0  0  0  0  1  0  0  1  1  0  0  0  1  1  0  0  0  1  0  1  1  1  0  0  1  0  1  0  0  -191.0       1     0.0
328  0  1  0  1  1  1  1  0  0  1  0  1  1  0  1  0  0  0  1  0  1  0  1  0  0  0  0  1  1  0  1  1  0  1  0  1  0  1  1  0  -191.0       1     0.0
329  0  0  0  1  1  1  1  0  0  1  0  1  1  0  1  1  1  0  1  0  0  0  1  0  1  0  0  0  1  1  1  1  0  0  0  1  0  1  1  0  -191.0       1     0.0
330  0  0  0  1  1  1  1  0  1  1  1  0  0  0  1  0  1  1  0  0  0  1  1  0  0  1  0  1  0  1  1  1  0  1  0  0  0  1  1  0  -191.0       1     0.0
331  0  0  0  0  1  1  1  0  0  1  0  1  0  0  1  0  0  1  0  0  0  1  1  1  0  1  1  0  1  0  1  0  1  1  0  1  0  1  1  1  -191.0       1     0.0
332  1  0  0  0  0  0  0  1  1  0  0  0  1  1  0  0  1  1  0  1  0  0  1  0  1  1  0  1  1  1  1  1  0  1  1  0  1  0  1  0  -191.0       1     0.0
333  1  0  0  1  1  1  1  0  1  1  0  0  1  0  1  0  1  0  1  0  0  0  0  0  1  1  1  0  1  0  1  1  0  0  1  1  0  1  0  0  -191.0       1     0.0
399  1  1  1  0  1  0  0  1  1  0  1  1  0  0  1  0  0  1  0  0  1  1  0  1  1  0  0  1  1  1  0  0  1  1  1  0  1  0  0  1  -191.0       1   0.025
400  0  1  1  1  0  1  1  0  0  1  0  0  1  0  1  1  1  0  1  0  0  1  1  0  0  0  0  1  1  1  1  1  0  1  0  1  0  1  0  1  -191.0       1   0.025
452  0  1  0  1  1  0  1  0  0  1  1  1  1  0  1  1  0  0  1  0  0  0  1  0  0  0  1  0  1  1  1  1  0  1  0  1  0  1  1  1  -191.0       1   0.025
457  0  1  0  1  1  1  1  0  0  1  0  0  1  0  1  1  1  0  1  1  0  0  1  0  0  0  0  0  1  0  1  1  0  0  0  0  0  1  1  0  -191.0       1   0.025
478  0  1  0  1  1  1  1  0  0  1  0  0  1  0  0  1  1  0  1  0  0  0  1  0  0  1  1  0  1  0  1  1  0  0  0  1  1  0  0  0  -191.0       1   0.025
496  0  1  1  1  0  1  0  0  1  0  1  1  0  1  0  1  0  0  1  0  0  0  1  1  0  0  1  1  1  0  0  0  0  1  1  1  0  1  1  0  -191.0       1   0.075
335  1  0  0  0  1  1  1  0  1  0  0  1  0  0  1  0  0  1  0  1  1  1  1  1  0  1  0  1  1  0  1  0  1  1  1  1  0  0  0  0 -190.75       1     0.0
336  1  1  1  1  0  0  1  1  0  1  0  0  0  0  0  0  1  1  1  1  0  1  0  1  0  1  0  1  1  0  0  1  1  1  0  0  1  0  1  0 -190.75       1     0.0
337  0  1  1  1  0  1  1  0  1  1  0  0  0  0  0  0  0  1  1  0  0  1  1  1  0  1  1  0  1  1  0  1  1  0  0  1  0  0  0  0 -190.75       1     0.0
338  1  1  1  1  0  1  0  0  0  0  0  1  0  1  1  0  0  0  1  1  1  0  0  1  1  0  1  0  1  0  0  0  1  1  1  1  1  1  0  0 -190.75       1     0.0
339  1  0  1  1  0  0  0  1  0  0  1  1  1  0  0  0  0  1  1  1  1  0  0  0  1  0  0  1  1  1  0  1  1  0  0  0  1  1  0  0 -190.75       1     0.0
340  1  1  1  1  1  0  1  1  0  1  0  1  1  0  1  1  1  0  1  0  0  0  1  1  0  1  0  0  1  1  1  0  0  0  0  0  0  1  0  0 -190.75       1     0.0
341  1  0  0  1  1  1  1  0  0  1  1  1  0  0  0  0  1  1  0  1  0  1  0  1  1  0  0  0  0  1  1  1  0  0  0  1  1  1  1  0 -190.75       1     0.0
342  1  1  1  1  1  1  1  0  1  1  0  0  0  0  0  0  1  1  1  1  0  0  0  1  1  0  0  0  0  0  0  0  1  0  1  1  0  1  0  0 -190.75       1     0.0
343  0  1  1  1  1  0  1  0  1  1  0  0  0  0  0  1  1  0  1  1  0  1  1  0  0  0  0  1  1  0  1  1  0  1  0  0  0  1  0  0 -190.75       1     0.0
432  1  1  0  0  1  1  1  0  0  0  0  1  1  0  1  1  1  0  1  0  0  1  0  0  0  1  0  1  1  1  1  0  0  1  1  1  0  0  1  0 -190.75       1   0.025
434  0  0  1  1  1  0  1  0  1  1  0  1  1  0  1  1  0  0  1  0  0  0  0  0  0  1  0  1  1  0  1  1  0  1  0  0  0  1  1  0 -190.75       1   0.025
450  1  0  0  0  0  0  0  0  0  0  1  0  1  1  1  1  0  1  0  1  1  1  0  1  1  1  0  1  1  0  0  1  1  1  0  0  1  1  0  1 -190.75       1   0.025
460  1  0  0  1  0  0  0  0  1  0  0  1  0  1  0  1  0  1  0  1  0  1  0  1  1  0  0  1  1  0  0  1  1  1  0  0  1  1  1  0 -190.75       1   0.025
349  0  1  0  1  1  1  1  0  1  1  0  0  0  1  0  1  1  0  1  1  0  1  1  1  1  1  0  1  1  0  0  1  0  0  0  0  0  1  1  0  -190.0       1     0.0
350  1  1  1  1  1  1  1  0  1  1  0  0  0  0  0  1  1  0  1  0  0  1  1  0  0  0  1  0  1  0  0  1  0  0  0  0  0  0  1  0  -190.0       1     0.0
351  1  0  0  1  0  1  0  0  1  0  0  1  0  1  1  0  0  1  1  0  1  0  1  1  1  0  0  1  1  1  0  1  1  1  0  0  0  1  0  0  -190.0       1     0.0
352  1  1  0  1  0  0  0  0  0  0  0  1  1  0  1  1  0  1  0  0  1  0  0  1  1  0  0  1  1  1  1  0  1  1  1  1  1  0  1  1  -190.0       1     0.0
353  1  1  0  0  1  1  1  1  1  1  0  1  0  0  1  1  0  0  1  1  0  1  1  1  1  0  0  0  1  0  0  0  1  0  1  1  0  1  0  0  -190.0       1     0.0
354  1  1  1  1  0  0  0  0  1  1  0  0  0  0  0  1  1  0  1  1  1  0  0  1  0  0  1  0  1  0  1  0  0  1  1  1  0  1  1  0  -190.0       1     0.0
355  1  0  0  0  1  1  0  0  1  1  0  1  1  0  1  1  0  0  0  1  1  0  0  1  1  0  1  0  1  1  1  1  1  0  0  0  0  1  0  0  -190.0       1     0.0
356  1  0  1  1  1  0  0  0  1  0  1  0  0  0  0  0  1  0  1  0  1  0  1  0  1  1  1  1  1  0  1  1  1  0  1  0  0  1  0  0  -190.0       1     0.0
367  0  1  0  1  1  1  1  0  0  1  0  0  0  0  1  1  0  0  1  0  0  1  1  0  0  1  1  0  1  0  1  1  1  0  0  1  0  1  1  0  -190.0       1   0.025
428  0  1  1  1  1  1  0  0  0  0  1  0  1  0  0  1  1  0  1  0  1  0  0  1  0  0  1  0  1  0  0  0  1  0  0  0  0  1  1  1  -190.0       1   0.025
439  0  1  0  0  0  0  1  0  1  0  0  1  0  0  1  0  0  1  0  1  0  1  1  0  1  0  0  1  1  1  0  1  1  1  1  1  1  0  0  1  -190.0       1   0.025
453  0  0  0  0  1  1  1  0  1  1  1  0  0  0  0  1  0  0  1  1  0  1  1  1  0  1  1  1  1  0  1  1  0  0  0  1  0  1  0  0  -190.0       1   0.025
459  1  1  1  1  0  1  1  0  1  1  0  0  0  0  0  1  0  0  1  1  0  0  0  1  1  0  1  0  1  0  0  1  1  1  0  1  0  1  0  0  -190.0       1   0.025
473  0  1  0  1  1  0  1  0  0  1  0  0  0  0  0  1  1  0  1  0  0  1  1  0  1  0  1  0  1  0  1  1  0  0  1  1  1  1  1  0  -190.0       1   0.025
482  0  1  1  0  1  1  1  0  0  1  0  0  1  0  1  0  0  0  1  1  0  0  0  0  1  1  1  0  1  0  1  1  0  1  1  1  0  1  0  0  -190.0       1    0.05
358  1  1  0  1  1  0  0  1  1  1  0  0  0  1  1  1  0  0  1  0  0  1  0  1  1  0  0  0  1  1  1  0  0  0  1  1  1  1  0  0 -189.75       1     0.0
359  0  1  0  0  1  1  1  1  1  0  0  1  0  1  0  0  0  0  1  0  0  1  1  0  1  0  0  0  1  1  1  1  0  1  1  1  0  1  0  1 -189.75       1     0.0
360  1  1  1  0  1  0  0  1  1  0  1  1  0  0  1  0  0  1  1  1  0  1  0  1  1  0  0  0  1  0  1  0  1  1  1  1  0  0  0  0 -189.75       1     0.0
361  1  0  1  1  0  1  0  0  1  1  0  1  1  0  1  1  0  0  1  0  0  0  0  0  0  1  0  1  1  0  1  1  1  0  0  1  1  1  0  1 -189.75       1     0.0
363  1  1  0  1  0  1  0  1  1  1  0  0  1  0  0  0  0  0  1  1  1  0  0  1  1  1  0  0  1  0  0  1  1  0  0  0  1  0  1  0 -189.75       1     0.0
364  0  0  1  1  1  0  0  1  0  1  0  0  1  0  0  0  1  1  1  1  0  1  1  0  0  1  0  0  1  1  1  1  1  0  0  0  0  1  0  0 -189.75       1     0.0
365  0  1  1  1  1  1  1  0  0  1  0  0  1  0  0  1  0  0  1  0  0  0  1  0  1  0  1  0  1  1  1  1  0  0  0  1  0  1  0  0 -189.75       1     0.0
366  0  1  0  0  1  1  0  0  1  1  0  0  0  0  0  0  1  1  1  0  0  1  1  1  1  0  1  0  1  0  0  1  0  1  1  1  0  1  0  0 -189.75       1     0.0
405  1  0  0  0  0  0  1  1  1  0  0  1  0  1  1  0  0  1  0  1  1  1  0  1  1  0  0  1  1  1  0  0  1  1  1  0  1  0  0  1 -189.75       1   0.025
437  1  1  0  0  0  0  1  1  1  0  0  1  0  0  1  0  0  0  1  1  0  1  0  1  1  0  0  1  1  1  1  1  1  0  1  0  0  0  0  0 -189.75       1   0.025
475  1  0  1  1  0  0  0  0  1  0  0  1  0  1  1  0  0  1  0  1  0  1  0  1  1  0  0  1  1  1  1  0  1  0  0  0  1  1  0  0 -189.75       1   0.025
492  1  0  1  0  0  0  1  1  1  0  0  1  0  0  1  0  1  1  1  1  1  1  0  1  1  0  0  1  1  1  0  0  1  0  0  0  0  0  0  0 -189.75       1     0.1
371  0  1  0  1  1  0  1  0  0  1  0  1  1  0  0  1  0  0  1  0  0  0  1  0  1  0  1  0  1  1  1  0  0  1  0  1  1  1  1  0  -189.0       1     0.0
372  0  1  0  1  1  1  1  0  1  1  0  0  0  0  1  0  0  0  1  1  0  0  1  1  0  0  1  0  1  0  0  1  1  0  0  1  0  1  0  0  -189.0       1     0.0
373  1  0  1  1  1  1  0  0  1  1  0  0  0  0  1  1  1  1  0  1  1  1  0  1  0  0  1  0  1  0  1  0  1  1  1  0  0  1  0  0  -189.0       1     0.0
443  1  0  0  1  1  0  1  0  0  1  0  0  1  0  1  1  1  0  1  0  0  0  0  0  1  0  1  0  1  0  1  1  0  1  0  1  0  1  1  1  -189.0       1   0.025
481  1  0  0  1  1  0  0  1  1  1  0  1  0  1  1  0  0  1  1  1  0  1  1  1  0  1  0  0  1  0  0  0  1  0  1  0  1  0  0  0  -189.0       1   0.025
494  0  1  1  1  1  0  1  0  0  1  0  1  1  0  0  1  1  0  1  0  0  0  1  0  0  0  1  0  1  0  1  1  1  1  0  0  0  1  1  0  -189.0       1   0.075
374  1  1  0  0  1  1  0  1  1  1  0  0  0  0  0  1  0  0  1  1  1  1  0  1  1  1  0  1  0  1  0  0  1  0  1  1  1  0  0  0 -188.75       1     0.0
375  1  0  0  0  1  0  1  0  1  0  1  1  0  1  1  1  1  1  1  1  1  1  0  1  0  0  0  0  1  1  1  0  1  1  1  0  0  1  0  0 -188.75       1     0.0
376  1  0  0  1  1  1  1  1  0  1  0  1  1  0  0  1  0  0  1  1  0  0  1  0  0  1  0  0  1  0  1  1  0  0  0  0  1  0  1  0 -188.75       1     0.0
377  0  0  1  0  1  0  0  0  1  0  0  1  0  0  0  0  1  0  1  1  1  1  1  0  0  1  0  1  1  0  1  1  1  1  0  0  0  1  1  0 -188.75       1     0.0
378  1  1  0  0  1  0  0  0  1  0  0  0  1  0  0  0  1  0  1  0  0  1  1  0  0  0  0  1  1  0  1  1  1  1  0  0  1  1  1  1 -188.75       1     0.0
380  1  0  1  1  1  0  0  0  0  1  0  0  1  0  1  1  0  0  1  1  1  0  0  1  0  1  0  1  1  1  1  0  0  1  1  1  0  1  0  0 -188.75       1     0.0
381  1  0  0  0  0  1  1  0  1  1  0  1  0  0  0  0  0  1  1  1  0  0  1  1  1  0  1  1  0  0  0  1  1  1  0  0  1  1  0  0 -188.75       1     0.0
382  1  1  1  1  1  0  0  0  0  0  0  1  0  0  1  0  1  0  1  1  0  0  0  1  1  0  1  1  1  1  0  1  1  1  0  0  0  1  0  1 -188.75       1     0.0
474  1  1  1  1  1  0  0  0  1  0  0  1  0  0  1  0  0  1  0  1  1  0  1  0  0  0  0  1  1  1  1  0  1  1  1  0  0  1  1  0 -188.75       1   0.025
486  0  1  0  1  1  1  1  0  1  1  0  0  1  1  0  1  1  0  1  1  0  1  1  1  1  1  0  0  1  0  1  0  0  0  0  0  0  1  0  0 -188.75       1   0.025
390  1  1  1  0  1  0  0  0  1  0  1  0  1  1  1  0  0  1  0  1  1  0  1  1  1  0  0  0  1  1  0  0  1  1  1  0  1  1  0  0  -188.0       1     0.0
391  1  1  1  1  0  0  1  0  0  1  0  0  1  0  0  1  0  0  0  0  0  0  1  0  0  1  0  1  1  0  1  0  1  1  0  1  1  0  1  0  -188.0       1     0.0
392  0  1  0  0  1  0  0  1  0  1  0  1  1  0  0  0  0  0  1  1  0  1  0  1  0  0  0  1  0  1  1  1  1  1  1  0  0  1  1  1  -188.0       1     0.0
393  1  1  0  1  0  0  1  0  1  1  0  0  0  1  0  1  1  0  0  1  0  0  0  1  1  0  1  0  1  0  0  1  0  1  1  0  1  0  1  1  -188.0       1     0.0
394  1  1  1  0  0  0  0  0  0  0  0  1  0  0  1  1  0  0  1  0  1  0  1  1  1  1  0  1  1  1  0  0  1  1  0  1  0  1  0  1  -188.0       1     0.0
395  1  1  1  1  0  1  1  0  0  1  0  1  0  0  1  1  1  0  1  1  0  0  0  1  0  1  1  0  1  0  0  0  1  1  0  1  0  1  1  0  -188.0       1     0.0
396  1  1  0  1  0  1  0  0  0  1  0  1  1  0  0  0  0  0  1  0  1  0  1  0  0  1  0  1  1  0  1  1  1  1  1  0  1  1  0  0  -188.0       1     0.0
397  1  0  0  0  1  1  0  0  0  1  0  0  1  0  1  0  0  1  1  0  0  1  0  0  0  1  0  1  1  0  1  1  0  0  1  1  1  1  0  0  -188.0       1     0.0
485  1  1  1  1  1  1  0  0  1  1  1  1  0  0  1  0  1  1  1  0  1  0  1  0  0  0  1  1  0  0  0  1  1  0  1  0  0  1  0  0  -188.0       1   0.025
401  1  1  1  1  1  1  1  0  0  1  0  0  1  0  1  1  1  1  1  0  0  0  0  1  0  0  0  0  1  0  1  1  0  1  0  0  0  0  0  0 -187.75       1     0.0
402  0  1  1  0  1  0  1  1  0  0  0  1  0  0  0  0  0  1  1  1  0  0  1  0  1  0  1  1  1  1  0  1  1  1  0  0  1  1  1  0 -187.75       1     0.0
436  0  1  0  1  1  1  1  0  1  1  0  0  0  0  1  0  0  0  1  0  0  0  0  1  0  1  1  0  1  0  1  1  0  0  0  1  0  1  0  0 -187.75       1   0.025
468  1  0  0  0  0  0  1  1  1  0  0  1  0  0  0  0  0  1  1  1  0  1  1  1  1  0  0  1  1  1  0  1  1  0  1  0  1  0  0  0 -187.75       1   0.025
499  1  0  0  0  0  0  0  1  1  0  1  0  0  0  1  0  0  1  0  0  1  1  0  0  1  0  1  1  1  0  1  1  1  1  1  0  1  0  1  0 -187.75       1   0.075
409  0  1  1  1  1  0  0  1  0  0  1  0  1  0  0  1  1  0  0  0  1  0  0  1  1  1  1  1  0  0  1  1  0  1  0  0  0  0  1  1  -187.0       1     0.0
410  1  0  0  0  1  1  1  0  0  1  0  0  0  0  0  0  0  0  0  1  1  0  0  1  1  1  0  1  1  1  1  0  1  1  1  1  0  1  0  1  -187.0       1     0.0
411  1  1  0  1  1  0  0  1  1  0  1  1  1  1  0  0  0  0  1  1  1  0  1  0  0  0  0  1  1  1  1  1  1  1  0  0  0  0  1  0  -187.0       1     0.0
412  0  1  1  1  0  1  0  0  1  1  0  1  0  0  1  1  0  0  1  1  1  1  0  1  0  1  1  0  1  1  0  0  1  0  1  1  1  1  0  1  -187.0       1     0.0
413  0  1  0  0  1  0  1  0  0  0  0  0  1  0  1  0  1  0  1  0  0  1  0  1  1  1  1  0  1  1  0  0  0  1  0  1  0  1  0  1  -187.0       1     0.0
493  1  0  1  0  1  0  1  0  1  0  0  1  1  0  1  1  1  0  1  1  1  1  0  1  1  0  0  1  1  1  0  0  1  1  1  0  0  1  1  0  -187.0       1    0.05
414  1  0  0  0  1  0  0  1  1  0  0  1  1  0  1  0  0  1  0  0  1  0  1  1  0  0  0  1  1  1  0  1  1  1  1  0  1  0  0  0 -186.75       1     0.0
415  0  1  0  1  1  1  1  0  0  1  0  1  1  0  1  1  0  0  1  1  0  0  1  0  0  0  0  1  1  1  1  1  0  0  0  0  1  1  0  1 -186.75       1     0.0
416  0  0  0  1  0  0  1  0  0  0  1  1  0  0  0  1  0  1  1  1  0  1  1  0  0  1  0  1  0  1  1  1  0  1  0  0  1  1  1  0 -186.75       1     0.0
417  1  0  0  1  1  1  0  0  0  1  0  0  1  0  1  1  0  0  0  0  1  0  1  0  1  1  1  1  1  0  0  1  0  1  0  1  0  1  0  0 -186.75       1     0.0
419  1  1  0  1  1  0  1  0  1  1  0  0  0  0  1  0  0  0  1  0  0  0  1  1  0  1  0  0  1  1  0  1  1  0  1  1  0  1  0  0 -186.75       1     0.0
471  0  1  1  1  1  0  0  0  0  0  1  0  0  0  1  0  1  0  1  0  1  0  1  0  0  0  1  0  1  0  0  1  1  1  1  0  1  1  0  1 -186.75       1   0.025
488  1  1  1  1  1  1  0  0  0  1  0  0  1  0  1  0  0  0  1  1  0  0  0  0  0  1  0  1  1  0  1  1  0  0  1  1  0  1  0  0 -186.75       1    0.05
498  1  1  0  0  1  0  0  0  1  1  0  1  0  1  1  0  0  1  0  1  0  0  0  1  1  1  1  0  1  0  0  1  1  1  1  0  1  1  0  0 -186.75       1   0.075
425  1  0  0  1  1  1  1  0  1  0  0  1  0  1  0  0  1  0  1  1  1  1  1  1  0  1  1  0  1  0  1  0  1  0  1  0  0  1  0  0  -186.0       1     0.0
429  1  1  0  1  1  0  0  0  1  1  0  1  1  0  0  0  1  0  1  1  0  0  1  1  1  0  1  0  1  0  0  1  0  1  1  0  1  0  1  0 -185.75       1     0.0
438  0  0  1  1  1  0  0  1  0  1  1  0  0  0  0  0  0  0  1  1  1  1  1  1  0  0  1  0  1  1  1  1  1  1  0  1  0  0  1  0 -184.75       1     0.0
467  0  0  0  1  1  1  1  1  0  1  0  0  1  0  1  1  1  0  1  0  0  0  0  0  0  1  1  0  1  0  1  1  0  0  1  0  0  0  1  1 -184.75       1   0.025
484  1  1  0  1  1  1  1  0  0  1  1  0  0  0  0  0  0  1  0  1  0  0  1  1  0  0  1  0  0  1  1  0  0  1  1  1  0  1  0  0 -184.75       1    0.05
489  1  1  1  0  1  0  1  0  1  0  0  1  1  0  1  0  0  1  0  1  1  0  0  1  1  1  0  1  1  0  0  1  0  1  0  0  0  1  0  1 -184.75       1   0.025
446  1  1  1  1  1  1  1  0  1  0  0  1  0  0  1  0  0  1  1  1  1  0  0  1  1  0  0  1  1  0  1  0  1  1  1  0  1  0  0  0 -183.75       1     0.0
447  1  0  0  1  1  0  0  1  1  0  0  0  0  0  1  0  1  1  1  1  1  0  0  1  1  1  0  1  0  0  1  0  1  0  1  1  0  1  1  0 -183.75       1     0.0
448  1  0  0  0  1  1  0  0  1  0  0  1  0  0  1  0  1  1  1  1  0  1  0  1  1  0  0  1  1  0  1  1  0  1  1  0  0  1  0  1 -183.75       1     0.0
477  0  0  0  1  1  0  0  1  0  1  0  0  0  1  0  1  0  0  1  0  0  1  1  1  0  1  1  0  1  0  1  1  1  0  1  1  0  0  1  0 -183.75       1   0.025
454  0  0  0  0  1  1  1  0  1  1  0  1  0  0  1  1  0  0  1  0  1  0  1  1  0  0  1  1  1  0  1  1  0  0  1  0  0  1  0  1  -183.0       1     0.0
483  0  0  1  1  1  1  1  0  0  1  0  0  1  0  0  1  1  0  1  0  0  1  0  0  0  1  1  0  1  0  1  1  0  0  0  1  0  1  0  0  -183.0       1    0.05
456  1  0  0  1  1  0  1  0  0  1  0  1  1  0  1  0  1  0  1  1  1  0  1  1  0  1  0  1  1  0  1  1  0  0  0  0  1  0  1  0 -182.75       1     0.0
464  1  1  0  1  1  0  1  0  0  0  0  1  1  1  1  1  1  0  1  0  0  1  0  1  1  0  0  0  1  0  0  0  1  1  0  0  1  1  0  0  -182.0       1     0.0
465  1  0  0  0  1  0  1  1  1  0  0  1  0  0  0  0  1  1  0  1  0  1  1  1  1  1  0  1  1  1  1  0  0  1  1  0  0  0  0  0  -182.0       1     0.0
466  1  0  0  1  1  0  1  0  0  1  0  0  1  0  1  0  0  0  0  1  0  0  1  0  0  1  0  1  1  1  1  0  0  1  0  1  1  1  0  0  -182.0       1     0.0
490  0  0  0  0  1  0  0  1  1  0  0  0  0  0  1  0  0  1  1  0  1  1  1  1  1  0  0  0  1  0  0  1  1  1  1  0  1  1  0  1 -180.75       1   0.025
476  1  0  1  1  1  1  0  0  1  0  1  1  1  1  1  0  1  1  0  0  1  0  1  1  0  1  0  1  1  0  0  0  1  1  0  0  1  1  0  1  -180.0       1     0.0
479  1  0  0  1  1  0  1  1  0  1  0  1  1  1  1  0  0  0  1  0  0  0  1  0  1  0  0  0  1  0  1  0  1  0  0  1  0  1  1  0 -178.75       1     0.0
495  1  1  1  0  1  1  1  0  0  1  0  0  1  0  0  1  1  0  1  0  0  0  1  0  0  0  1  0  1  0  1  1  1  0  1  1  0  1  1  0 -177.75       1   0.075
491  1  0  0  0  1  0  0  1  1  1  0  1  0  1  1  0  1  1  1  1  1  1  1  0  1  0  0  0  1  1  1  1  0  1  1  1  1  1  0  0 -173.75       1     0.0
['BINARY', 500 rows, 500 samples, 40 variables]Valid partition found with 294 cut edges
Solution:  [0, 1, 0, 0, 1, 1, 1, 1, 0, 1, 0, 0, 1, 0, 0, 0, 0, 0, 1, 0, 0, 1, 1, 0, 1, 0, 0, 1, 1, 0, 1, 1, 0, 0, 0, 1, 1, 1, 1, 1]