--------------- DW_2000Q_6 ---------------
     0  1  2  3  4  5  6  7  8  9 10 11 12 13 14 15 16 17 18 19 20 21 22 23 24 25 26 27 28 29 30 31 32 33 34 35 36 37 38 39 40 41 42 43 44 45 46 47 48 49  energy num_oc. chain_.
0    1  1  1  0  0  0  1  1  1  1  0  1  0  0  0  0  0  1  0  0  0  1  0  1  1  0  1  0  1  1  1  0  0  1  1  1  0  0  0  0  1  0  0  0  1  1  0  1  1  1 -680.25       1     0.0
1    1  1  1  0  0  1  1  0  1  1  1  1  0  0  0  1  0  1  0  1  0  1  1  1  1  0  0  0  1  0  1  0  0  1  1  1  0  0  0  0  1  0  0  0  0  0  0  1  1  1 -680.25       1     0.0
150  0  1  1  0  1  1  1  1  1  1  0  1  1  1  0  1  0  1  0  1  0  1  1  0  0  0  0  0  1  0  1  0  0  1  0  1  1  0  0  0  1  0  0  0  1  0  0  1  1  1  -680.0       1    0.02
2    1  1  1  1  1  1  1  0  1  1  0  1  0  1  0  1  0  1  0  0  0  0  1  1  1  0  1  0  1  0  1  0  0  1  0  1  1  0  0  0  1  0  0  0  1  0  0  1  1  1 -679.25       1     0.0
3    1  1  1  0  1  1  1  1  1  1  0  1  0  1  0  1  0  0  0  1  0  1  1  1  0  0  1  0  1  0  0  0  0  1  0  1  0  0  1  0  0  0  0  0  1  1  0  1  0  1 -679.25       1     0.0
4    1  1  1  0  0  0  1  1  1  0  0  1  0  0  0  1  0  0  0  1  0  1  1  0  1  0  1  0  1  0  1  0  1  1  0  1  1  0  1  0  1  0  0  0  1  1  0  1  1  1  -679.0       1     0.0
289  0  1  1  0  1  1  1  1  1  1  0  1  0  1  0  1  0  1  0  1  0  1  1  1  1  0  1  0  0  0  1  0  0  1  0  1  0  0  0  0  1  0  0  0  1  1  0  1  0  1  -679.0       1    0.04
5    1  1  1  0  1  1  1  0  1  1  1  1  0  0  0  0  0  0  0  1  0  1  1  1  0  0  0  0  1  0  0  0  0  1  1  1  0  0  0  0  1  0  0  0  1  1  0  1  1  1  -676.0       1     0.0
225  1  1  1  0  0  0  1  0  1  1  1  1  0  0  0  1  0  0  0  0  0  1  0  1  0  0  0  1  0  1  1  0  1  1  1  1  0  1  0  1  1  0  1  0  0  0  0  1  1  1 -674.25       1    0.02
6    1  1  1  0  1  1  1  0  1  0  0  1  0  0  0  1  1  1  0  1  0  1  1  0  1  0  1  0  1  0  1  0  1  1  0  1  1  0  0  0  0  0  0  0  1  0  0  1  1  1  -674.0       1     0.0
413  1  1  1  0  1  1  1  1  1  1  0  1  0  0  0  1  0  1  0  1  0  1  1  1  1  0  0  1  1  0  1  0  1  1  0  0  0  0  0  0  1  0  0  0  1  1  0  1  0  1 -673.25       1    0.06
7    1  1  0  0  1  1  1  1  1  1  0  1  0  1  0  1  0  1  1  0  0  1  1  1  0  0  0  0  1  0  1  0  0  0  0  1  0  0  0  0  1  0  0  0  1  0  0  1  1  1  -673.0       1     0.0
8    1  1  1  0  1  0  0  1  0  1  0  1  0  0  1  0  1  1  0  1  0  1  0  0  1  0  0  0  0  0  1  0  1  1  0  1  1  1  1  1  1  0  0  0  0  1  0  1  1  1  -673.0       1     0.0
311  1  1  1  0  1  1  1  0  1  0  0  1  0  1  1  1  1  1  0  1  0  1  0  0  1  0  0  0  0  0  1  1  0  1  1  1  0  0  0  0  0  0  0  0  1  1  0  1  1  1  -673.0       1    0.04
9    1  1  1  0  1  1  1  1  1  1  0  1  0  0  1  0  0  0  0  1  0  1  1  0  0  0  0  0  1  1  1  0  1  1  1  1  1  0  0  0  1  0  0  0  1  0  0  1  1  1 -672.25       1     0.0
10   1  1  1  0  0  0  1  1  1  1  0  1  0  1  0  1  0  1  0  1  0  1  1  1  0  0  0  0  0  0  1  0  1  0  1  1  1  0  0  0  1  0  0  0  1  1  0  1  0  1 -672.25       1     0.0
315  1  1  1  0  1  1  1  0  1  1  1  1  0  0  0  1  0  1  0  1  0  1  1  0  1  0  0  1  1  0  1  0  0  1  0  0  0  0  1  0  1  0  0  0  1  1  0  1  1  1 -671.25       1    0.04
11   1  1  1  0  1  1  0  1  1  1  0  1  0  0  0  1  0  1  0  1  0  1  0  1  1  0  1  0  1  0  0  0  1  1  0  1  0  0  1  0  1  1  0  0  0  0  0  1  1  1  -671.0       1     0.0
193  0  1  1  1  0  0  0  1  0  0  1  1  0  0  0  1  1  1  0  1  0  1  0  1  0  0  1  1  0  1  1  0  0  1  0  1  0  0  1  0  1  0  1  0  1  1  0  1  1  1  -671.0       1    0.02
12   1  1  1  0  1  1  1  1  1  1  0  1  0  1  0  0  0  1  0  1  0  1  1  0  1  0  1  0  1  0  0  0  0  1  0  1  0  0  0  1  1  0  0  0  0  1  0  1  1  1  -670.0       1     0.0
13   1  1  1  0  0  0  1  0  1  1  0  1  0  0  0  1  0  1  0  1  0  1  0  0  0  0  1  0  0  0  1  1  1  1  1  1  0  0  0  1  1  0  1  1  0  1  0  1  1  1  -670.0       1     0.0
172  1  1  1  0  1  1  1  1  1  1  0  1  0  1  0  1  0  1  0  1  0  1  1  1  1  0  0  0  0  0  1  0  1  1  0  1  0  0  0  1  1  0  0  0  1  1  0  1  0  1  -670.0       1    0.02
14   1  1  0  0  0  0  1  0  0  1  0  0  1  1  1  1  0  0  0  0  1  1  1  0  0  0  0  0  0  0  1  0  0  0  1  1  0  1  0  0  0  1  1  0  1  1  1  1  1  1 -669.25       1     0.0
15   1  0  1  1  1  1  0  1  0  1  0  1  1  1  1  1  0  0  1  0  0  0  1  0  0  0  0  0  1  0  1  0  0  1  0  1  1  0  0  0  1  0  0  0  1  0  0  1  1  1  -669.0       1     0.0
16   1  1  1  0  0  1  1  0  1  0  0  1  0  0  1  1  0  0  0  1  0  1  0  1  0  0  0  0  0  1  1  0  0  1  1  1  1  0  1  0  0  1  0  1  1  1  0  1  1  1  -669.0       1     0.0
17   1  1  1  0  0  0  1  1  1  0  0  1  0  1  0  1  0  1  0  1  0  1  1  0  1  0  1  0  0  1  0  0  0  0  1  1  1  0  1  1  0  0  0  0  1  0  0  1  1  1 -668.25       1     0.0
18   1  1  1  1  1  1  1  0  1  1  1  1  0  0  0  1  0  1  0  1  0  1  0  0  0  0  0  1  0  0  1  0  1  0  0  1  0  0  0  0  1  0  1  0  1  0  0  1  1  1 -668.25       1     0.0
19   0  1  1  0  0  1  0  1  0  1  0  1  0  0  0  1  1  1  0  1  0  1  0  1  1  0  1  1  1  0  1  0  0  1  1  1  0  0  0  0  1  1  0  0  1  1  0  1  1  1 -668.25       1     0.0
183  0  0  1  0  1  1  0  1  1  1  0  1  0  1  0  1  1  0  0  1  0  1  0  1  1  0  1  1  0  0  1  0  0  1  1  1  1  0  0  0  0  0  0  0  1  1  0  1  0  1 -668.25       1    0.02
427  1  0  1  0  0  0  1  1  1  1  1  1  0  0  0  1  0  0  1  1  0  1  1  1  0  0  0  0  1  0  0  1  0  0  1  1  0  0  1  0  1  0  1  0  1  0  0  1  1  1 -668.25       1    0.06
20   0  1  1  0  1  1  0  0  1  1  1  1  1  0  0  1  0  1  0  0  0  0  1  0  0  1  1  0  1  1  1  0  0  1  0  0  1  0  0  0  0  1  0  1  1  1  0  1  1  1  -668.0       1     0.0
21   1  1  1  0  1  1  1  1  1  1  0  1  0  0  0  1  1  1  0  1  0  1  1  1  0  0  0  1  1  0  1  0  0  0  1  1  0  0  1  0  0  0  0  0  1  0  0  1  0  1  -668.0       1     0.0
194  1  1  1  0  0  0  1  0  1  0  1  1  1  0  0  1  0  0  0  0  0  0  1  1  0  1  1  0  1  1  0  1  0  1  1  1  0  1  0  0  0  0  1  0  0  1  1  1  1  1  -668.0       1    0.02
202  0  1  0  0  0  1  1  1  1  1  0  1  0  0  0  0  1  1  0  1  0  1  1  0  1  0  0  0  1  0  0  1  0  1  1  1  0  0  0  1  1  0  0  0  1  1  0  1  0  1  -668.0       1    0.02
22   1  1  1  0  1  0  1  0  1  1  0  1  0  0  0  1  1  1  0  0  0  1  0  0  0  0  1  1  0  0  1  0  1  1  1  1  1  0  0  0  1  0  1  0  1  1  0  1  1  1 -667.25       1     0.0
23   1  0  0  0  0  1  0  1  1  1  1  1  0  0  0  1  0  1  0  1  0  1  0  0  1  0  1  0  1  1  0  1  1  1  1  0  1  0  0  1  1  0  0  0  0  1  1  0  0  1 -667.25       1     0.0
24   1  1  1  0  0  1  1  1  1  0  0  0  0  0  1  0  1  1  0  1  0  1  0  1  1  0  0  1  1  0  0  0  1  1  0  0  0  0  1  1  1  1  0  0  0  0  0  1  1  1 -667.25       1     0.0
25   1  1  0  1  0  0  1  0  0  1  1  1  0  0  0  1  1  1  0  1  1  1  0  1  0  0  0  1  0  0  1  1  1  0  1  0  0  0  0  1  1  0  0  1  0  0  0  1  1  1 -667.25       1     0.0
229  1  0  1  0  0  0  1  0  1  1  0  1  0  0  0  1  0  1  0  0  0  1  0  1  0  1  1  0  1  0  1  0  0  1  1  1  1  0  1  1  1  0  0  0  0  1  0  1  1  1 -667.25       1    0.02
353  1  1  1  0  1  1  1  0  1  1  0  1  0  0  1  0  1  1  0  1  0  1  0  1  1  0  0  1  0  1  1  0  0  0  0  0  1  0  0  1  0  1  0  1  0  0  0  1  1  0 -667.25       1    0.04
26   0  0  0  0  0  0  1  1  1  1  1  1  0  0  1  1  1  0  0  1  0  1  0  1  0  0  1  1  1  1  0  1  0  0  1  1  0  0  1  1  1  0  0  0  0  0  0  1  0  1  -667.0       1     0.0
333  1  1  1  0  1  0  1  0  1  1  1  1  0  0  0  0  1  1  0  1  0  1  0  0  1  0  1  1  1  0  1  0  0  1  0  0  0  0  1  1  0  0  0  0  1  1  0  1  1  1  -667.0       1    0.04
27   1  0  0  0  1  1  0  1  1  1  0  1  1  1  0  1  1  1  0  1  0  1  0  1  1  0  1  0  1  0  1  0  0  1  0  1  0  0  0  0  0  0  0  1  1  1  0  1  1  1 -666.25       1     0.0
28   0  0  1  0  1  1  1  1  1  1  0  1  0  1  1  1  1  0  0  0  0  1  0  1  0  0  0  0  0  0  1  0  0  1  1  1  1  0  0  0  1  0  1  0  0  1  0  1  1  1 -666.25       1     0.0
29   1  0  1  0  1  1  1  0  1  1  0  1  1  0  1  0  0  1  0  1  1  1  0  1  0  0  0  1  0  0  1  0  0  1  0  1  1  0  0  0  0  1  0  1  0  0  0  1  1  1 -666.25       1     0.0
182  1  1  1  0  0  0  1  0  1  1  1  1  0  1  1  0  1  0  0  1  1  1  0  1  0  0  1  1  0  0  0  0  1  1  0  0  0  0  0  1  1  0  0  0  0  0  1  1  1  1 -666.25       1    0.02
210  0  1  1  0  1  0  1  1  1  1  0  1  0  0  1  0  1  1  0  1  0  1  0  1  1  0  0  0  0  0  0  0  0  1  1  1  1  0  0  1  1  0  0  0  1  1  0  1  0  1 -666.25       1    0.02
368  1  1  1  0  1  1  1  0  1  1  1  1  0  1  0  0  0  1  0  0  0  1  1  0  1  1  0  1  1  0  1  0  0  0  0  1  0  0  0  0  0  1  1  0  0  0  0  1  1  1 -666.25       1    0.04
30   1  0  1  0  1  1  1  0  1  1  0  1  0  1  1  1  0  0  0  1  0  1  0  1  1  0  0  0  0  0  1  0  0  1  0  1  0  1  0  1  1  0  1  0  0  1  0  1  1  1  -666.0       1     0.0
222  1  0  1  0  1  0  0  0  1  1  1  1  0  0  0  1  0  1  0  1  1  1  1  0  0  0  1  1  1  1  1  0  0  1  0  1  0  0  0  0  0  0  0  1  1  1  0  1  1  1  -666.0       1    0.02
264  1  0  0  0  0  1  0  1  1  1  0  1  0  0  0  1  0  0  0  0  0  1  0  1  1  1  0  0  1  0  1  0  1  1  1  1  1  0  0  0  1  1  1  0  0  1  0  1  0  1  -666.0       1    0.02
31   1  0  1  0  1  1  1  1  1  1  0  1  0  0  0  1  0  1  0  0  0  1  1  0  1  1  1  0  0  0  1  0  0  0  1  0  1  0  1  1  0  0  0  0  0  1  0  1  1  1 -665.25       1     0.0
32   0  1  1  0  1  1  1  0  1  1  0  1  1  0  0  1  0  1  0  1  0  1  1  0  1  1  1  1  1  0  0  0  0  1  0  1  0  0  0  0  0  0  0  0  1  0  0  1  0  1  -665.0       1     0.0
33   1  1  1  1  1  0  1  1  1  1  1  1  0  1  0  1  0  0  0  1  0  1  1  1  0  0  0  0  0  0  1  0  0  1  1  0  1  0  0  0  1  0  0  0  1  0  0  1  0  0  -665.0       1     0.0
34   1  1  1  0  1  1  0  1  0  1  0  1  0  0  0  1  1  0  0  1  0  1  0  1  0  0  0  1  0  1  1  0  1  1  1  1  1  0  1  1  1  0  0  0  1  0  0  0  0  1  -665.0       1     0.0
242  0  0  1  0  1  1  1  1  0  1  1  0  0  1  0  1  0  0  0  0  0  1  1  1  1  0  0  1  1  0  0  0  0  1  1  1  1  0  1  1  0  0  1  0  1  1  0  1  0  1  -665.0       1    0.02
271  0  1  1  0  0  1  0  0  1  1  1  0  0  0  0  1  0  0  0  1  0  1  0  1  0  1  1  1  1  1  0  1  0  1  1  1  0  1  1  0  0  0  0  1  1  1  0  1  0  1  -665.0       1    0.02
35   1  0  1  0  1  1  0  1  1  1  1  0  0  0  1  1  1  0  1  0  0  0  1  0  1  1  0  0  1  0  1  0  0  0  1  1  1  0  0  1  1  0  0  0  1  0  0  1  0  1 -664.25       1     0.0
36   0  1  0  0  1  1  0  1  1  1  0  1  0  0  0  1  0  0  1  1  0  0  1  0  1  0  1  0  1  0  1  1  1  1  1  1  1  0  0  0  1  1  0  0  1  0  1  1  0  1 -664.25       1     0.0
375  1  0  1  0  1  1  0  0  0  1  0  1  1  0  1  1  0  1  1  0  0  0  1  1  0  1  0  0  1  1  1  0  0  0  1  1  0  1  1  0  1  0  1  0  1  0  0  1  0  0 -664.25       1    0.04
490  1  1  1  0  0  0  0  0  1  0  0  1  0  0  1  0  1  1  0  1  0  1  0  0  1  0  0  1  0  0  1  0  0  1  0  1  1  0  0  1  1  1  0  1  1  1  0  1  1  1 -664.25       1    0.12
37   1  0  0  0  1  1  1  1  1  1  0  0  1  1  1  1  0  0  0  1  0  1  1  1  0  1  0  0  1  1  1  0  0  1  0  1  1  0  1  0  0  0  1  0  0  0  0  1  0  1  -664.0       1     0.0
38   1  1  1  0  0  1  0  1  1  1  1  1  0  0  0  1  0  0  0  0  0  1  0  1  1  0  0  0  0  0  1  0  1  1  0  1  1  1  0  0  1  1  1  0  0  0  0  1  0  1  -664.0       1     0.0
39   0  0  1  1  1  1  0  1  1  1  1  1  1  1  0  1  0  0  0  1  0  1  0  0  0  1  1  1  1  0  1  0  1  1  0  1  1  1  0  0  1  0  1  0  0  0  0  0  0  0  -664.0       1     0.0
244  1  1  1  0  1  1  1  0  1  0  0  1  1  0  0  1  1  1  1  1  0  0  0  0  1  1  1  0  0  0  0  0  1  1  0  0  1  0  0  1  0  0  0  1  0  1  0  1  1  1  -664.0       1    0.02
258  1  1  0  0  0  0  1  0  1  1  0  1  0  0  0  1  1  1  1  0  0  1  0  0  0  0  1  1  1  1  1  0  1  0  0  1  0  0  0  1  0  0  0  1  0  1  0  1  1  1  -664.0       1    0.02
366  1  1  0  1  0  0  1  1  1  1  1  1  0  0  0  1  1  1  1  1  0  1  0  0  0  0  1  0  1  0  1  0  1  1  0  0  0  0  0  1  1  0  1  0  0  1  0  1  1  0  -664.0       1    0.04
40   1  1  1  0  0  0  1  0  0  1  0  1  0  1  1  0  1  0  0  0  1  1  0  0  1  0  1  1  0  1  1  0  1  1  1  0  0  0  0  1  1  0  0  0  0  1  0  1  1  1 -663.25       1     0.0
41   1  1  1  0  1  1  0  1  1  1  0  1  0  0  0  1  1  1  0  0  0  1  1  1  1  0  0  1  1  0  1  1  1  1  1  1  0  0  0  0  1  0  0  0  0  0  0  1  1  0 -663.25       1     0.0
42   1  1  1  0  1  0  0  1  1  1  0  1  0  0  1  1  1  0  0  0  0  1  0  0  0  0  0  1  1  1  1  0  1  1  1  0  1  0  0  0  1  0  0  0  0  1  0  1  1  1 -663.25       1     0.0
43   1  1  1  0  0  0  1  0  1  0  1  0  0  0  0  0  1  0  0  0  0  1  1  0  0  0  0  1  1  0  1  0  1  1  1  1  0  0  1  1  1  0  0  1  0  1  0  1  1  0 -663.25       1     0.0
233  1  1  0  0  1  1  1  0  1  0  1  0  1  1  1  0  0  0  0  0  0  1  1  1  0  0  0  1  0  1  1  0  0  1  0  1  0  0  1  0  0  1  0  0  1  0  1  1  1  1 -663.25       1    0.02
434  0  1  1  0  1  1  0  1  1  0  0  1  1  1  0  0  1  1  0  1  1  0  1  0  1  0  1  1  0  1  0  0  0  1  0  1  0  0  1  0  0  0  0  0  1  1  0  1  0  1 -663.25       1    0.06
44   0  0  0  0  1  1  1  1  1  1  0  1  0  0  0  1  1  1  0  1  0  1  0  0  1  0  1  1  0  1  1  0  0  1  0  1  0  0  1  1  0  0  0  0  1  0  0  1  0  1  -663.0       1     0.0
45   0  1  1  0  1  0  1  1  1  1  0  0  0  0  0  1  1  0  0  0  0  1  0  0  1  0  0  0  1  0  1  1  1  1  1  1  1  0  1  1  1  0  0  0  0  0  0  1  0  1  -663.0       1     0.0
46   1  0  1  0  1  1  1  0  1  1  0  1  0  0  1  0  0  0  0  1  0  1  1  1  0  1  0  1  1  1  1  0  0  1  0  1  1  0  1  0  1  0  0  0  0  0  0  1  1  1  -663.0       1     0.0
47   1  1  1  0  1  0  0  1  0  1  0  1  0  1  0  0  0  1  1  1  0  1  0  0  1  0  1  0  1  1  1  0  0  1  1  1  0  0  0  0  1  0  1  0  0  1  0  1  1  1  -663.0       1     0.0
224  0  1  1  1  1  1  0  0  1  1  1  1  0  1  1  1  1  0  0  0  0  0  1  0  1  0  1  1  1  0  1  0  0  0  0  0  1  0  0  1  1  0  1  0  1  1  0  0  0  1  -663.0       1    0.02
239  1  1  1  0  0  0  1  0  0  1  1  1  0  0  0  1  0  0  0  0  0  1  1  1  1  0  0  0  0  0  1  1  1  1  1  1  1  0  1  0  0  0  1  0  1  0  1  1  1  1  -663.0       1    0.02
245  1  1  1  0  0  0  1  0  1  0  0  0  1  0  0  1  0  0  1  1  0  1  1  1  0  0  0  0  0  1  0  1  0  0  1  1  1  0  0  1  0  0  1  0  1  0  1  1  1  1  -663.0       1    0.02
272  1  0  1  0  1  1  1  1  1  0  1  0  0  0  0  0  0  1  0  0  0  1  0  1  1  0  0  0  0  0  1  0  1  1  1  1  1  0  0  1  1  1  1  1  0  1  0  1  0  1  -663.0       1    0.02
421  1  0  1  0  0  0  1  1  1  1  1  1  1  0  0  1  0  0  0  0  0  1  1  1  0  1  0  0  1  1  0  1  0  0  1  1  0  1  1  0  1  0  0  0  1  0  0  1  0  0  -663.0       1    0.06
422  0  1  1  0  1  1  1  1  1  1  1  0  0  0  0  1  0  1  0  1  0  1  1  0  1  0  1  1  1  0  0  0  0  1  0  1  0  0  1  1  1  0  0  0  1  1  0  1  1  1  -663.0       1    0.06
48   1  1  0  0  0  0  1  0  1  1  1  1  1  0  1  1  1  0  0  0  0  1  1  1  0  0  0  0  0  1  0  0  1  0  0  1  0  0  1  1  1  0  1  1  1  0  0  1  0  1 -662.25       1     0.0
49   1  0  0  0  1  0  0  1  0  1  0  0  1  1  1  0  0  0  0  0  0  1  1  0  1  0  0  0  1  0  1  1  1  0  1  1  1  1  1  1  0  0  1  0  0  1  0  1  1  1 -662.25       1     0.0
221  0  1  0  0  1  0  1  1  0  1  0  1  1  1  0  1  0  0  0  1  0  1  1  1  1  0  0  0  1  0  0  0  1  0  1  1  1  1  0  0  1  0  1  0  1  0  0  1  0  1 -662.25       1    0.02
235  1  1  1  0  1  1  1  1  1  1  0  1  0  0  1  1  0  1  0  1  0  1  0  0  1  0  1  1  0  0  1  0  1  0  0  0  0  0  0  0  0  1  0  0  0  1  0  1  1  1 -662.25       1    0.02
238  1  1  1  0  0  0  0  1  1  1  0  1  0  1  1  0  1  0  0  1  0  1  0  0  0  0  1  1  0  1  1  0  1  1  1  1  0  0  1  0  1  0  1  0  1  0  0  1  0  0 -662.25       1    0.02
273  1  0  1  0  0  1  0  1  0  0  0  1  0  0  0  0  0  1  0  1  0  1  0  1  1  0  1  1  1  0  1  0  0  1  1  1  1  0  1  1  1  0  1  0  1  0  0  1  0  1 -662.25       1    0.02
361  0  1  1  0  1  1  1  1  1  0  1  0  0  0  0  0  1  1  0  1  0  1  0  1  0  0  0  1  0  1  1  0  1  1  0  1  1  0  1  0  1  1  0  1  1  0  0  1  1  0 -662.25       1    0.04
364  1  1  1  0  0  0  1  0  1  1  1  0  0  0  0  1  0  1  0  0  0  1  1  1  1  0  0  1  1  0  0  0  0  1  1  0  0  1  0  1  1  1  0  0  0  1  0  1  1  1 -662.25       1    0.04
415  1  1  1  0  1  0  1  0  1  1  1  1  0  1  0  0  0  1  0  1  0  1  0  0  0  0  1  1  0  1  1  0  1  1  1  0  0  0  1  0  1  0  0  1  1  0  0  1  1  1 -662.25       1    0.06
419  1  0  1  0  1  0  1  1  1  1  1  1  1  1  0  1  0  0  1  0  0  0  1  1  1  1  0  0  1  1  0  1  0  0  1  1  0  0  0  0  1  0  1  0  1  0  0  1  0  1 -662.25       1    0.06
50   1  1  1  0  1  0  1  0  1  1  1  0  1  1  1  0  0  1  0  0  1  0  0  0  1  0  0  0  0  0  1  0  0  0  1  1  0  1  0  0  1  1  0  1  0  0  1  1  0  1  -662.0       1     0.0
51   1  1  1  0  1  1  1  1  1  1  0  1  0  0  0  1  1  1  0  1  0  0  1  0  1  1  1  1  0  1  1  0  0  1  1  1  0  0  0  0  0  0  0  0  0  0  0  1  0  1  -662.0       1     0.0
52   0  0  1  0  1  1  1  0  1  1  1  1  1  0  1  1  0  1  1  0  0  0  1  0  1  1  1  1  1  1  0  0  0  1  1  1  1  0  1  0  0  0  0  0  0  0  0  1  0  1 -661.25       1     0.0
249  1  1  1  0  1  1  1  0  1  0  1  1  0  0  0  0  1  1  0  1  0  0  0  0  1  0  1  1  1  0  1  0  0  1  0  1  1  0  0  0  0  0  0  1  1  1  0  1  0  1 -661.25       1    0.02
267  1  1  0  0  0  1  1  0  1  1  1  1  0  0  1  1  0  1  0  0  0  1  1  1  1  0  0  0  1  0  0  0  0  1  1  1  0  0  0  1  1  0  0  1  1  1  0  1  1  1 -661.25       1    0.02
269  1  1  1  0  0  0  1  1  1  0  0  1  0  0  0  1  1  1  0  0  1  0  0  0  0  0  1  0  0  0  1  0  0  1  1  1  0  0  1  1  0  0  0  1  0  1  0  1  1  1 -661.25       1    0.02
358  1  1  1  0  0  1  1  0  1  1  0  1  0  0  0  0  1  1  0  1  0  1  0  0  1  0  1  1  1  0  1  0  1  1  0  1  0  0  0  1  0  0  0  1  0  1  0  1  1  0 -661.25       1    0.04
483  1  1  1  1  1  0  1  0  1  0  0  1  0  0  1  0  1  1  0  1  1  1  0  1  0  0  1  1  0  0  1  0  1  1  0  0  1  0  0  1  0  0  0  1  0  0  0  1  0  1 -661.25       1     0.1
53   1  0  1  0  1  1  1  0  1  1  0  1  1  1  0  1  0  0  0  0  0  0  1  1  0  0  0  0  1  1  0  1  0  0  1  1  1  1  1  1  0  0  1  1  0  0  0  1  0  1  -661.0       1     0.0
54   1  0  0  0  0  1  1  0  1  1  1  1  0  1  1  1  0  0  0  0  0  1  1  1  1  0  0  0  1  0  1  1  0  0  1  1  0  0  1  1  0  0  1  0  0  0  0  1  0  1  -661.0       1     0.0
55   1  1  1  0  0  1  1  1  1  0  0  1  1  0  0  1  0  1  0  1  0  1  0  0  0  0  0  0  0  1  0  0  0  1  1  1  1  1  1  0  1  0  1  1  0  0  0  1  1  1  -661.0       1     0.0
234  1  1  1  0  1  0  1  0  1  0  0  1  0  1  1  1  0  1  0  1  1  1  1  0  1  0  1  0  0  0  0  0  1  1  1  1  0  0  0  0  0  1  0  0  0  1  0  1  1  1  -661.0       1    0.02
262  1  1  0  1  1  1  1  1  0  1  0  1  0  0  0  1  0  0  0  1  0  1  0  1  1  0  0  0  0  0  0  0  1  1  1  1  1  1  0  1  1  0  1  0  0  1  0  1  1  0  -661.0       1    0.02
290  1  0  1  0  1  0  1  1  1  1  1  1  0  0  0  1  0  1  0  0  0  1  1  0  1  0  0  1  1  0  1  0  1  1  1  1  0  1  0  0  1  0  1  0  0  0  0  1  0  1  -661.0       1    0.02
431  0  0  1  0  1  1  0  1  1  1  0  1  0  1  0  1  1  1  0  1  0  1  0  1  1  0  1  1  0  0  1  0  1  1  0  1  1  0  0  1  1  0  0  1  1  1  0  0  0  1  -661.0       1    0.06
56   1  1  0  0  0  0  1  0  1  1  0  1  0  1  0  1  0  1  1  1  0  1  1  1  1  0  0  1  1  0  1  0  1  0  0  0  1  0  0  0  1  0  0  0  1  1  0  1  0  1 -660.25       1     0.0
57   1  1  0  0  1  0  1  0  0  1  0  1  0  1  1  1  0  1  1  1  0  1  1  1  0  0  1  0  0  1  1  0  1  0  1  1  0  0  0  0  0  0  1  0  1  0  0  1  0  1 -660.25       1     0.0
223  0  1  1  0  1  1  1  0  1  1  0  0  0  1  1  1  1  1  0  0  0  1  0  1  1  0  1  0  1  0  1  1  0  1  0  0  1  0  0  0  0  0  0  0  1  1  0  1  0  1 -660.25       1    0.02
240  1  1  1  0  1  0  1  1  1  0  0  1  1  0  0  1  0  1  0  1  0  1  1  0  1  0  0  1  0  0  1  0  1  1  0  0  1  0  0  1  0  0  0  1  0  1  0  1  0  1 -660.25       1    0.02
58   1  1  1  0  1  1  0  1  0  1  0  1  0  1  1  1  1  1  0  0  0  1  1  0  1  0  0  1  1  0  1  0  1  1  0  1  1  0  0  0  0  0  0  1  1  0  0  0  0  1  -660.0       1     0.0
59   1  1  1  0  1  0  1  1  1  0  0  1  0  1  0  0  0  1  0  1  0  1  1  1  0  0  1  0  1  0  0  0  0  1  1  0  1  0  0  0  0  0  0  1  1  0  1  1  0  1  -660.0       1     0.0
60   1  1  1  0  0  1  1  1  1  0  0  1  0  0  0  1  1  0  0  1  0  1  0  0  0  0  1  1  1  1  0  1  0  0  1  1  1  0  1  1  0  0  1  0  1  0  0  1  0  1  -660.0       1     0.0
61   1  1  1  0  0  1  1  0  1  1  0  1  0  0  0  1  0  0  0  0  0  1  0  0  1  0  0  0  1  1  1  1  1  1  1  0  0  0  1  0  1  0  0  0  1  0  1  1  0  1  -660.0       1     0.0
62   1  1  0  1  0  1  1  0  1  1  0  1  0  0  0  1  0  0  0  1  0  1  1  1  1  0  0  1  0  1  1  0  0  1  1  1  0  0  0  0  1  0  0  0  0  0  0  1  1  1  -660.0       1     0.0
63   1  1  0  0  0  0  1  0  1  0  0  1  0  1  1  1  1  1  0  1  0  1  1  0  0  0  1  1  0  1  0  1  1  0  1  0  1  0  1  0  0  1  0  1  0  1  1  1  0  0  -660.0       1     0.0
227  1  1  1  1  1  0  1  0  1  1  1  1  0  0  0  0  0  1  0  1  0  1  1  0  0  0  0  1  1  1  1  0  0  1  1  0  0  0  0  0  0  0  0  1  1  0  0  1  0  1  -660.0       1    0.02
228  1  0  1  0  1  1  0  1  1  0  0  0  0  1  0  0  0  1  0  1  1  1  0  1  1  0  1  1  1  0  1  0  1  1  0  1  0  0  0  0  0  0  0  1  1  1  0  1  1  1  -660.0       1    0.02
254  0  0  0  0  1  1  1  1  1  1  0  1  1  0  1  1  0  0  0  0  0  1  1  1  0  1  0  0  0  1  0  0  1  0  1  1  0  0  1  0  1  0  1  0  1  0  0  1  0  1  -660.0       1    0.02
282  0  0  1  0  1  0  0  1  0  1  0  1  1  1  1  1  0  0  1  0  0  1  1  1  0  0  0  0  1  1  1  0  0  0  1  1  1  1  0  0  0  0  1  0  1  0  0  1  0  1  -660.0       1    0.02
284  1  1  1  0  1  0  1  0  1  1  0  1  0  0  1  0  1  0  0  0  1  1  1  0  1  1  1  1  1  0  1  0  1  1  0  0  1  0  0  0  0  0  0  0  1  0  0  1  1  1  -660.0       1    0.02
360  0  1  1  1  1  0  0  1  1  1  1  1  0  0  0  0  1  1  0  1  0  1  0  0  0  0  1  1  1  0  1  0  0  1  0  0  0  0  0  1  1  0  0  1  1  1  0  1  1  1  -660.0       1    0.04
400  1  0  0  0  0  1  0  1  0  1  0  1  1  0  0  1  1  0  0  0  0  0  1  0  0  1  1  0  0  1  1  1  1  1  1  1  1  1  1  0  1  1  1  1  0  0  0  0  0  1  -660.0       1    0.06
64   1  1  0  0  0  1  1  1  1  1  0  1  0  0  0  1  0  0  0  1  0  1  1  1  0  1  0  0  0  1  0  0  1  1  1  1  1  0  1  0  1  0  1  0  1  0  1  1  0  1 -659.25       1     0.0
65   1  1  1  0  1  0  0  1  0  1  0  1  0  1  0  1  0  1  1  1  0  1  1  0  1  0  0  1  1  0  1  0  1  1  0  1  1  0  0  0  1  0  0  1  1  1  0  1  0  0 -659.25       1     0.0
66   1  0  1  0  1  1  0  0  1  1  0  1  0  0  1  1  0  1  0  1  0  0  0  1  1  0  0  1  0  0  1  0  0  0  0  1  1  0  1  1  1  1  1  1  0  0  0  1  0  1 -659.25       1     0.0
67   1  0  1  0  0  1  1  1  1  1  1  1  0  0  0  1  0  1  0  1  0  0  1  1  0  1  1  0  0  1  1  0  1  1  0  1  0  1  1  0  0  0  0  0  1  0  0  1  0  0 -659.25       1     0.0
255  1  0  0  0  0  1  1  1  1  1  0  1  0  0  0  1  1  1  0  0  0  1  0  1  1  1  0  0  1  0  1  1  1  0  1  1  1  1  1  0  0  0  1  0  0  1  0  0  1  1 -659.25       1    0.02
270  0  0  0  0  1  1  0  0  0  1  1  1  1  1  0  1  0  0  1  0  0  1  1  1  1  1  1  1  0  1  1  0  0  0  1  1  0  0  1  0  0  1  0  0  1  0  1  1  0  0 -659.25       1    0.02
372  1  1  1  1  1  1  1  0  1  1  0  1  0  0  0  0  0  1  0  0  0  1  1  1  1  0  0  0  0  0  0  0  0  1  0  1  0  0  1  1  1  1  0  1  0  0  0  1  1  1 -659.25       1    0.04
477  0  1  1  0  0  0  1  0  1  0  0  1  1  0  1  0  1  1  0  1  1  1  0  0  1  0  1  1  0  1  0  0  1  1  0  0  1  0  1  1  0  1  0  1  1  1  0  1  1  0 -659.25       1    0.06
68   1  1  0  0  0  0  1  0  1  1  0  1  0  0  1  1  1  1  0  0  0  1  0  0  1  1  1  1  1  1  0  0  1  1  0  0  1  0  1  1  1  0  0  0  0  1  0  1  0  1  -659.0       1     0.0
69   1  1  1  0  0  1  1  0  1  0  0  0  0  1  1  1  1  1  0  1  0  1  1  0  1  0  0  0  0  0  0  0  1  1  0  0  1  0  1  1  0  0  0  1  1  1  0  1  1  1  -659.0       1     0.0
70   1  0  0  0  1  0  1  1  1  0  1  1  0  0  1  1  1  0  0  0  0  1  1  0  1  0  1  0  1  1  1  0  0  1  1  1  0  0  1  0  1  0  0  0  1  1  0  1  0  1  -659.0       1     0.0
71   0  1  1  1  1  1  0  1  0  1  0  1  1  1  0  1  1  1  0  0  0  0  0  1  1  1  0  1  0  0  1  0  1  1  1  0  1  0  0  1  0  0  0  0  1  1  0  1  0  0  -659.0       1     0.0
72   1  0  1  0  1  1  0  1  1  1  1  1  1  0  0  1  0  0  0  1  0  1  0  1  0  0  0  1  0  1  0  0  0  1  1  0  1  0  1  0  1  0  0  0  0  1  0  1  0  1  -659.0       1     0.0
275  1  0  0  0  0  1  0  1  1  1  0  1  0  0  0  1  0  0  1  0  0  1  1  0  0  0  1  0  1  1  0  0  1  1  1  1  1  1  1  0  1  0  1  0  1  1  0  1  0  1  -659.0       1    0.02
393  0  1  1  1  1  0  1  0  1  1  1  0  0  0  0  1  1  1  0  0  0  0  1  1  0  0  1  1  0  0  0  0  0  0  1  0  1  0  1  1  0  0  0  0  1  1  0  1  1  1  -659.0       1    0.04
73   0  1  0  0  0  1  0  1  1  1  1  0  0  0  0  1  1  0  0  1  0  1  0  0  1  1  0  0  1  1  0  1  1  0  1  1  1  0  1  0  1  0  1  1  0  1  0  0  0  1 -658.25       1     0.0
74   1  1  1  0  1  0  1  0  1  0  0  1  1  0  0  1  1  1  0  0  0  1  0  0  0  0  1  1  0  1  1  0  1  1  1  1  0  0  1  1  1  0  1  0  0  0  0  1  1  1 -658.25       1     0.0
75   0  1  0  0  0  1  0  1  0  1  0  1  0  0  1  1  1  0  0  1  1  1  0  1  1  0  1  1  1  1  1  0  1  0  0  0  0  1  1  0  1  0  1  0  0  1  0  0  0  1 -658.25       1     0.0
76   1  0  1  0  1  0  1  1  1  1  1  1  0  0  0  0  0  1  0  0  0  1  1  1  0  0  0  0  1  1  1  0  0  1  0  1  1  0  0  0  1  0  1  0  0  0  0  1  0  1 -658.25       1     0.0
236  1  1  1  0  1  0  1  0  1  1  1  1  0  1  1  1  1  1  0  0  0  1  0  0  0  0  0  1  0  1  0  0  1  1  0  0  0  0  1  1  0  0  0  1  0  1  0  1  0  1 -658.25       1    0.02
241  1  1  1  0  0  0  1  0  1  1  0  1  1  0  1  0  0  1  0  1  0  1  1  1  0  0  1  0  1  0  1  0  1  1  1  0  0  0  0  0  0  1  0  0  1  1  0  1  1  0 -658.25       1    0.02
243  1  1  1  1  1  0  0  0  1  0  0  1  0  0  1  0  1  1  0  0  0  1  1  1  1  1  1  1  0  0  1  0  1  0  0  1  0  0  1  1  0  0  1  0  1  1  0  1  1  0 -658.25       1    0.02
257  1  1  1  0  0  1  0  0  0  1  0  1  0  1  0  1  0  1  0  1  0  1  1  1  0  0  1  0  1  0  1  1  0  1  1  0  1  0  1  1  0  0  1  1  1  1  0  1  0  0 -658.25       1    0.02
278  1  1  1  0  1  1  1  1  1  1  0  1  1  0  0  1  0  0  0  0  0  1  1  0  0  1  0  1  0  1  1  0  1  0  0  0  0  1  0  0  0  1  1  0  1  1  0  1  1  1 -658.25       1    0.02
292  1  1  0  0  1  0  0  1  0  1  0  1  0  0  1  1  1  1  0  0  0  1  1  0  1  1  0  0  0  1  1  0  1  0  1  1  0  1  0  0  1  0  0  0  1  1  1  0  0  1 -658.25       1    0.02
296  0  0  0  0  0  1  0  0  1  1  1  1  0  1  0  1  1  0  1  1  0  0  0  0  1  1  0  1  1  1  1  1  0  0  0  1  0  1  1  0  0  1  1  1  0  0  0  1  0  1 -658.25       1    0.02
380  1  0  0  0  1  1  1  1  1  1  0  0  1  1  1  1  0  0  0  0  0  1  0  1  1  1  0  0  0  1  0  1  1  0  1  0  1  0  1  1  1  0  0  0  0  0  1  1  0  0 -658.25       1    0.04
401  1  0  1  0  1  1  0  1  0  0  0  1  1  0  1  1  0  0  1  0  0  0  1  1  0  1  0  0  0  1  1  0  0  1  1  1  1  0  1  0  1  1  1  0  1  0  0  1  0  0 -658.25       1    0.04
480  0  1  1  0  1  0  1  0  1  0  1  1  0  0  0  0  1  1  0  1  0  1  0  0  1  0  1  0  1  1  1  0  1  1  0  0  0  0  1  1  1  0  0  1  0  1  0  1  1  0 -658.25       1    0.12
481  0  1  1  0  0  0  1  0  1  1  0  1  0  0  0  0  1  1  0  1  0  1  0  0  0  0  1  1  1  1  1  0  0  1  0  0  0  0  1  0  1  1  0  1  1  1  0  1  1  1 -658.25       1     0.1
484  1  1  1  0  1  1  1  0  1  0  0  1  0  1  0  1  0  1  1  1  0  1  0  1  0  0  1  0  0  1  1  0  1  1  0  1  0  0  0  1  0  0  1  0  1  1  0  1  0  1 -658.25       1    0.06
77   0  1  1  1  1  1  1  1  1  0  1  1  0  1  0  0  0  1  0  1  1  1  1  1  1  0  0  1  1  0  1  0  0  1  0  0  1  0  0  0  0  0  0  0  0  0  0  1  0  0  -658.0       1     0.0
78   0  1  0  1  0  1  1  0  1  1  0  0  0  0  0  0  0  1  0  1  0  1  1  1  1  0  0  1  1  0  0  0  1  1  0  1  1  0  1  0  1  0  0  0  1  1  0  1  0  1  -658.0       1     0.0
79   1  0  0  0  1  1  1  1  1  0  0  1  0  1  1  0  0  1  1  1  0  1  1  1  1  1  0  0  0  0  1  0  0  1  1  1  0  1  0  0  0  0  0  1  0  1  0  1  0  1  -658.0       1     0.0
80   1  0  1  0  1  1  1  0  1  1  0  1  0  0  1  1  0  0  0  0  1  0  0  1  0  0  0  1  1  0  1  0  1  1  1  1  0  0  1  0  1  0  0  0  1  0  0  1  0  1  -658.0       1     0.0
237  1  1  1  0  1  0  1  0  1  0  0  1  0  0  1  1  1  1  0  1  0  1  0  0  1  0  0  1  0  0  1  0  1  1  1  0  0  0  0  1  1  1  0  1  0  1  0  1  1  0  -658.0       1    0.02
253  1  1  1  0  1  1  1  1  1  0  0  0  0  1  1  0  0  1  0  1  0  1  1  1  0  0  0  0  0  0  0  0  0  1  1  0  1  0  0  0  1  1  0  1  1  1  0  1  0  0  -658.0       1    0.02
276  0  0  1  0  1  1  0  0  1  1  0  1  0  1  0  0  0  1  0  1  1  1  0  1  1  0  0  1  1  0  1  1  0  1  1  1  1  0  0  0  0  1  0  1  1  1  0  1  0  0  -658.0       1    0.02
280  1  0  1  1  0  0  1  0  1  1  1  1  0  0  0  0  0  0  0  0  0  0  1  1  1  1  0  1  1  0  1  0  1  0  1  1  1  0  0  0  0  0  1  1  0  0  1  1  0  1  -658.0       1    0.02
377  1  0  1  0  0  0  0  0  1  1  0  1  1  1  0  1  0  0  0  0  0  1  1  0  0  0  1  0  1  1  0  1  0  1  1  1  1  1  1  0  1  0  1  0  1  0  0  1  1  1  -658.0       1    0.04
81   1  1  0  1  0  1  1  1  1  1  0  1  0  0  0  1  0  1  0  0  0  1  0  1  1  0  0  1  1  0  1  0  1  1  1  1  1  0  1  0  0  0  1  0  0  0  0  1  1  1 -657.25       1     0.0
82   0  1  1  0  1  1  1  0  1  0  0  1  0  0  1  1  0  1  0  1  1  0  1  1  1  0  1  0  0  0  0  0  0  1  0  0  1  0  0  0  1  1  0  0  1  1  0  1  1  1 -657.25       1     0.0
83   1  0  1  0  0  0  1  1  1  1  1  1  0  0  0  1  0  1  0  1  0  1  1  0  0  0  0  0  1  0  0  0  0  1  1  1  1  0  1  0  1  0  0  0  0  1  0  1  0  1 -657.25       1     0.0
84   1  0  0  0  0  1  1  1  1  1  0  0  1  1  1  1  0  0  0  1  0  1  1  0  1  1  0  0  1  0  0  1  1  1  0  1  1  0  0  1  0  1  1  1  0  0  0  0  0  0 -657.25       1     0.0
248  1  1  0  0  0  1  1  0  1  0  0  1  0  1  0  0  0  1  0  1  0  1  1  1  1  0  0  1  0  0  1  0  1  1  1  1  0  0  0  0  0  1  1  1  1  1  0  1  1  1 -657.25       1    0.02
294  0  0  1  0  1  1  1  1  1  0  0  0  0  1  0  0  0  1  0  1  1  0  1  1  1  0  1  0  1  0  1  0  0  1  1  1  1  0  0  1  1  0  0  0  1  1  0  1  0  0 -657.25       1    0.02
295  1  1  0  0  0  0  1  0  0  1  0  1  0  1  1  0  1  1  0  1  1  0  1  1  1  0  1  1  1  1  1  0  0  1  0  0  1  0  0  0  1  0  0  1  1  0  1  1  1  0 -657.25       1    0.02
323  1  0  1  0  1  1  0  1  1  0  0  0  1  0  0  1  1  1  0  1  0  1  1  1  1  0  1  0  0  0  0  0  0  1  1  1  1  0  1  0  1  0  0  0  1  1  0  1  1  1 -657.25       1    0.02
423  1  0  1  0  1  1  1  1  0  0  0  0  0  0  0  0  1  1  1  1  1  1  1  1  1  0  0  1  0  0  0  0  1  1  1  1  1  0  0  1  1  0  0  0  0  0  0  1  0  1 -657.25       1    0.04
457  0  1  0  0  0  1  1  1  0  1  0  0  1  1  0  1  0  0  0  0  0  1  1  1  0  1  0  0  0  1  0  0  0  0  1  1  1  1  1  0  1  0  1  0  1  0  0  1  0  1 -657.25       1    0.08
85   0  0  0  0  0  0  1  1  1  0  1  0  1  1  0  1  1  0  0  0  0  1  1  1  1  0  0  1  0  1  0  0  1  0  1  1  0  1  0  1  1  0  1  0  0  1  0  1  0  1  -657.0       1     0.0
86   0  1  0  0  0  1  1  1  1  1  0  0  0  1  0  0  0  1  0  0  0  0  1  1  0  0  0  0  1  0  1  0  1  0  1  1  0  1  1  1  1  0  1  0  1  1  0  1  0  1  -657.0       1     0.0
87   0  0  1  0  0  1  1  0  1  1  0  0  1  1  1  1  0  1  0  1  0  1  0  1  1  0  0  1  0  0  0  1  0  1  1  1  1  0  0  0  1  0  0  1  0  1  0  1  1  1  -657.0       1     0.0
88   1  0  0  0  0  0  0  0  1  1  0  1  0  1  1  1  1  1  1  1  0  1  0  0  0  0  1  0  1  1  1  0  0  1  1  1  0  0  0  1  0  0  0  1  0  1  1  1  1  1  -657.0       1     0.0
266  0  1  1  0  1  0  1  0  1  1  1  1  0  0  0  1  0  1  0  1  0  1  0  0  1  0  0  1  0  1  1  0  0  1  0  1  1  0  0  1  1  1  0  1  0  1  0  0  1  1  -657.0       1    0.02
274  0  0  0  0  0  0  1  1  1  0  0  1  0  1  1  1  1  0  1  1  1  1  0  0  1  0  1  1  0  0  1  1  1  1  1  0  0  0  1  0  1  0  0  0  0  1  0  0  0  1  -657.0       1    0.02
304  0  0  1  1  0  1  0  1  0  0  0  0  0  0  0  1  1  1  1  1  0  1  0  1  1  0  0  1  1  0  0  0  0  1  1  0  0  0  1  1  0  0  1  0  1  1  0  1  1  1  -657.0       1    0.02
370  1  1  1  0  1  1  1  1  1  0  1  1  0  0  0  0  0  1  0  1  0  1  1  0  1  0  0  1  1  0  0  1  1  1  1  1  1  0  0  0  1  1  0  1  0  1  0  1  0  0  -657.0       1    0.04
470  0  0  1  0  1  1  1  1  1  1  0  1  0  0  1  1  1  0  0  1  0  1  0  1  1  0  0  1  1  0  1  0  0  1  0  1  1  0  0  0  0  1  0  1  0  0  0  1  0  0  -657.0       1    0.06
494  1  1  1  1  1  0  1  0  1  0  0  1  0  1  0  1  0  1  0  0  0  1  1  0  1  0  1  1  0  0  1  0  0  1  0  1  0  0  0  0  0  1  0  0  1  0  1  1  0  1  -657.0       1     0.1
89   1  1  1  0  0  1  1  0  1  1  0  1  0  0  0  1  0  0  1  0  0  1  0  0  0  1  0  1  1  1  1  0  1  1  0  1  1  0  1  0  1  0  1  0  0  0  0  1  0  1 -656.25       1     0.0
90   0  1  0  0  0  0  1  1  1  1  0  1  0  0  0  1  1  0  0  1  0  1  0  1  0  0  0  0  1  1  0  1  0  1  1  1  1  0  1  0  1  0  1  1  0  1  0  1  0  1 -656.25       1     0.0
91   1  1  1  0  1  1  1  0  1  1  1  1  0  0  0  1  1  1  0  0  0  1  1  0  1  0  0  0  1  0  1  0  1  1  1  0  1  0  0  0  0  1  0  1  0  1  0  1  0  1 -656.25       1     0.0
92   1  0  1  0  0  0  1  1  1  1  0  1  1  0  1  1  0  1  0  0  0  0  1  1  0  1  0  0  0  1  0  1  0  0  1  1  0  0  1  0  1  0  0  0  0  0  1  1  0  1 -656.25       1     0.0
93   0  1  1  0  1  1  1  0  1  0  0  1  0  0  0  1  0  1  0  1  0  1  1  0  1  0  0  0  0  0  1  0  1  1  0  1  1  0  1  0  1  1  1  1  0  1  0  0  1  0 -656.25       1     0.0
261  1  0  0  0  0  0  1  1  1  1  0  1  1  1  0  1  1  0  1  1  0  0  1  1  0  1  0  0  1  0  0  1  1  1  1  1  0  1  0  0  1  0  1  0  0  0  0  1  0  0 -656.25       1    0.02
299  1  0  0  0  0  1  0  1  1  1  1  0  0  0  0  1  0  0  1  1  0  1  0  0  0  1  0  1  1  1  0  1  1  1  1  1  1  0  0  0  1  1  1  1  0  0  1  0  1  1 -656.25       1    0.02
384  0  1  1  0  0  1  1  1  1  0  0  1  0  1  0  0  1  0  0  1  1  0  1  0  0  0  1  1  1  1  0  0  1  1  0  1  1  0  1  0  1  0  0  1  1  1  0  1  0  1 -656.25       1    0.04
420  0  1  1  0  1  0  1  1  1  0  0  1  1  1  0  1  1  1  0  1  0  1  1  1  1  0  0  1  0  0  0  0  0  1  0  0  1  0  0  1  1  0  0  1  1  0  0  1  1  1 -656.25       1    0.06
430  1  1  1  0  1  1  0  1  1  0  0  0  1  0  0  0  0  1  1  1  0  1  0  1  0  1  0  1  0  0  0  0  1  1  1  1  1  0  0  1  0  1  1  1  0  0  0  1  1  1 -656.25       1    0.06
94   1  1  1  0  1  1  1  1  0  1  0  1  0  1  1  1  1  0  0  0  0  1  1  0  0  0  0  0  0  0  1  0  1  1  0  0  1  0  1  1  0  1  0  1  1  0  0  1  0  1  -656.0       1     0.0
95   1  1  1  0  1  0  0  0  1  1  0  1  1  0  0  1  0  0  1  0  0  0  1  0  1  1  0  1  1  1  0  0  0  0  1  1  1  1  0  1  0  0  1  1  0  0  0  1  1  1  -656.0       1     0.0
96   0  1  1  0  1  0  1  0  1  1  0  1  0  0  1  0  1  1  0  0  0  0  1  0  1  0  0  1  1  1  1  0  0  0  1  0  0  1  0  0  1  0  0  1  1  1  0  1  0  1  -656.0       1     0.0
97   1  1  1  1  0  1  1  0  0  1  0  1  0  0  0  0  1  1  0  0  0  1  1  1  0  1  1  1  0  0  1  0  1  1  1  1  0  0  0  1  0  0  0  1  0  0  0  1  1  1  -656.0       1     0.0
246  1  1  1  0  1  1  0  0  1  0  0  1  0  1  0  0  1  1  0  1  0  1  1  0  1  0  1  1  1  0  1  0  0  1  0  1  0  0  0  1  0  0  0  1  1  1  0  1  0  1  -656.0       1    0.02
320  1  0  0  0  1  0  1  0  1  1  1  1  0  0  0  1  0  1  0  1  0  1  1  0  1  0  0  1  1  0  0  0  0  1  1  0  1  1  1  0  1  0  0  1  1  0  0  0  0  1  -656.0       1    0.02
378  1  1  0  0  0  0  1  1  1  1  0  0  0  0  0  0  0  0  0  1  1  0  0  1  0  0  0  1  1  1  1  1  1  1  1  1  1  1  1  0  1  0  0  0  0  0  0  1  0  1  -656.0       1    0.04
391  1  1  1  1  1  1  1  1  1  1  0  1  0  1  0  0  0  1  0  0  0  1  1  1  0  0  1  1  0  0  1  0  0  1  1  1  0  0  0  0  1  0  0  0  1  0  0  1  0  1  -656.0       1    0.04
98   0  1  0  0  0  1  0  0  1  1  0  1  1  0  0  1  1  0  1  0  0  1  0  0  1  1  1  0  1  1  1  1  0  0  1  0  0  0  1  1  1  0  1  1  1  0  0  0  0  1 -655.25       1     0.0
99   1  1  0  0  0  0  1  0  1  1  0  1  1  0  0  1  0  1  1  0  1  1  1  1  0  0  0  0  1  1  0  1  0  0  1  1  0  0  0  0  0  0  1  0  0  1  0  1  0  1 -655.25       1     0.0
100  0  0  1  0  1  0  0  1  1  1  1  1  0  1  0  1  1  1  0  0  0  1  1  0  1  0  0  1  1  1  0  0  1  0  1  0  1  0  1  1  1  0  0  0  1  1  0  1  0  1 -655.25       1     0.0
101  1  0  0  0  0  1  1  0  1  1  0  1  1  1  0  1  0  1  0  1  0  1  1  0  0  0  1  1  1  0  1  0  1  0  1  1  0  0  0  0  1  0  0  0  0  1  1  0  1  1 -655.25       1     0.0
102  1  1  1  0  0  0  0  1  0  0  0  1  1  1  0  1  1  0  1  1  0  1  1  0  0  0  1  1  1  1  1  0  1  1  1  0  0  1  1  1  0  0  0  0  1  1  0  1  0  0 -655.25       1     0.0
103  1  0  1  0  1  0  1  1  1  1  1  0  1  1  0  0  0  1  0  1  0  1  0  1  0  0  0  1  0  1  1  0  0  1  1  1  1  0  0  1  0  0  1  1  0  0  0  1  1  1 -655.25       1     0.0
340  0  1  1  0  1  1  1  0  1  0  0  0  0  1  1  0  1  1  0  1  1  1  1  0  1  0  0  1  0  0  0  0  1  1  0  0  1  0  0  1  0  1  0  1  0  0  0  1  1  1 -655.25       1    0.04
355  0  1  0  0  1  0  0  0  1  1  1  1  1  0  1  1  1  0  1  1  1  0  1  0  0  0  1  1  0  1  0  0  0  0  1  1  1  0  0  0  1  0  1  1  0  0  0  1  0  1 -655.25       1    0.02
373  1  1  1  0  0  1  0  1  1  0  0  1  0  0  0  0  0  1  0  1  0  1  0  1  1  0  1  1  1  0  0  0  0  1  1  1  0  0  0  0  0  1  1  1  1  1  0  1  1  0 -655.25       1    0.04
402  1  0  1  1  0  0  1  0  1  1  1  1  0  0  1  0  1  1  0  0  1  0  0  0  0  0  1  1  0  0  1  0  0  1  1  1  0  0  0  0  0  1  0  1  0  1  0  1  0  1 -655.25       1    0.04
404  0  1  0  1  1  0  1  1  0  1  0  1  0  0  1  0  1  1  0  1  1  1  1  1  1  0  0  1  0  0  1  0  0  1  0  1  0  0  1  0  0  0  0  0  0  1  0  1  1  1 -655.25       1    0.04
414  1  1  1  0  1  1  1  1  1  0  1  0  0  1  0  0  1  1  0  1  0  1  1  0  0  1  0  1  0  0  0  0  1  1  1  1  1  0  0  0  1  0  0  1  1  1  0  1  1  1 -655.25       1    0.04
432  1  1  1  0  0  1  1  1  1  1  0  1  0  1  0  0  1  1  0  0  1  1  1  0  1  0  1  1  1  0  1  0  1  1  0  0  0  0  1  0  0  0  0  0  1  1  0  1  0  1 -655.25       1    0.06
104  1  0  0  0  0  1  1  1  0  1  0  0  1  1  0  1  0  0  0  1  1  1  0  1  0  0  1  1  0  1  0  1  1  1  1  1  1  0  1  0  1  1  1  0  0  0  0  1  0  0  -655.0       1     0.0
105  1  1  1  0  0  1  1  0  0  0  0  1  0  1  1  1  0  1  0  0  0  1  0  0  1  0  1  1  1  0  1  0  1  1  1  0  0  0  0  0  1  1  0  0  1  1  1  1  0  1  -655.0       1     0.0
106  1  1  1  0  1  0  0  0  1  1  0  1  0  0  1  1  1  1  1  0  0  1  0  0  1  0  0  0  1  1  0  0  1  1  1  0  1  0  0  1  1  0  0  1  1  0  0  1  0  1  -655.0       1     0.0
107  0  1  0  0  0  1  0  1  1  1  0  1  1  1  1  1  0  1  1  1  0  1  0  0  1  0  1  1  1  1  0  0  0  1  0  0  1  0  0  0  1  0  0  1  1  1  0  0  0  1  -655.0       1     0.0
108  0  0  0  0  0  1  1  1  1  1  0  1  0  0  0  1  1  1  0  1  0  1  0  1  0  0  0  1  1  0  1  0  1  1  1  1  0  0  1  0  1  0  0  1  0  1  0  1  0  0  -655.0       1     0.0
109  1  0  1  0  1  1  1  1  1  0  0  0  0  1  0  0  1  1  0  1  0  1  1  0  0  0  1  0  1  0  1  0  1  1  1  1  1  0  1  1  0  0  0  0  1  1  0  0  0  1  -655.0       1     0.0
110  1  0  1  0  0  1  1  1  1  1  0  1  0  1  0  1  1  0  0  1  0  1  0  1  0  0  1  1  0  0  1  0  0  1  0  1  0  0  0  1  1  0  0  1  1  1  0  1  0  1  -655.0       1     0.0
111  1  1  1  0  0  1  1  0  1  1  0  1  0  1  0  1  1  1  0  1  0  1  1  1  0  0  1  0  0  1  1  0  0  0  1  1  0  0  0  1  1  0  0  0  1  1  0  1  1  1  -655.0       1     0.0
112  0  1  1  0  1  0  1  0  1  1  1  1  0  1  0  0  0  0  1  1  0  1  1  0  0  0  0  1  0  1  1  0  1  1  0  1  1  0  0  0  1  0  1  1  1  0  0  1  0  1  -655.0       1     0.0
259  1  1  0  0  0  0  1  1  1  1  0  1  0  1  1  1  1  0  0  1  0  1  0  1  1  0  0  0  1  0  1  1  1  0  0  1  1  0  0  0  1  0  0  0  0  1  0  0  0  1  -655.0       1    0.02
291  0  1  1  0  1  0  1  1  1  0  0  1  0  0  0  1  1  1  0  1  1  1  1  1  0  0  1  1  0  0  1  0  0  0  0  1  0  0  0  1  0  0  0  1  1  0  0  1  0  1  -655.0       1    0.02
334  1  0  1  1  1  1  0  1  1  1  0  1  0  0  0  0  0  1  0  1  1  1  0  0  1  0  0  0  0  0  0  0  0  1  1  1  1  1  0  0  1  0  1  1  0  0  0  1  0  1  -655.0       1    0.02
371  1  0  0  0  0  0  1  0  1  1  1  0  1  0  0  1  1  0  1  1  0  0  0  1  0  1  0  0  1  1  0  0  0  0  1  1  1  1  1  1  0  0  1  0  0  0  0  1  1  1  -655.0       1    0.04
113  1  1  0  0  0  0  1  1  1  0  0  1  0  1  0  1  1  1  0  0  1  1  1  1  0  0  1  0  1  0  1  0  0  1  0  0  0  0  0  0  1  0  0  0  1  1  0  1  0  1 -654.25       1     0.0
114  0  0  0  0  0  0  0  1  1  1  0  1  0  0  0  1  1  0  0  0  0  1  1  0  0  0  1  1  1  1  0  0  1  1  0  1  0  0  1  1  1  0  0  1  1  1  0  1  0  1 -654.25       1     0.0
115  1  1  0  0  0  0  1  1  0  1  0  0  1  0  0  1  1  1  0  1  0  1  1  0  1  0  1  0  0  0  1  1  1  1  1  0  1  0  1  1  0  0  0  0  0  1  0  1  0  1 -654.25       1     0.0
116  0  1  0  0  1  0  1  0  1  1  0  1  0  0  1  1  1  1  0  1  0  1  1  1  0  0  0  1  1  1  1  0  1  1  1  1  0  0  0  0  0  0  0  0  0  1  0  0  1  1 -654.25       1     0.0
277  1  1  0  1  0  0  1  1  1  1  0  0  0  1  0  1  0  1  0  0  0  0  1  1  0  0  0  0  1  0  1  0  0  0  1  1  0  1  1  0  1  0  1  0  1  0  0  1  0  1 -654.25       1    0.02
327  0  0  0  0  1  0  1  1  1  0  1  1  0  0  1  1  1  0  0  1  0  1  1  1  0  0  0  1  1  1  1  0  1  1  1  1  1  0  0  0  1  0  0  0  1  0  0  0  0  1 -654.25       1    0.02
389  1  1  1  0  1  1  1  1  1  0  0  1  1  1  1  0  0  1  0  1  1  1  0  1  0  0  1  0  1  0  1  0  1  1  0  0  0  0  0  0  0  1  0  0  1  1  1  1  0  0 -654.25       1    0.04
451  0  1  1  0  1  0  0  1  1  0  0  1  0  1  1  0  1  1  1  0  0  1  0  1  1  0  1  0  0  1  0  0  0  1  1  0  1  0  1  1  1  0  1  1  1  1  0  1  0  0 -654.25       1    0.06
117  1  0  1  0  1  0  0  0  1  1  0  1  1  1  1  1  1  0  1  0  0  1  0  0  0  0  0  0  0  0  1  0  0  0  1  0  0  0  1  0  1  1  0  0  1  1  1  1  1  1  -654.0       1     0.0
118  1  0  1  1  1  1  0  1  1  1  0  1  0  0  0  1  1  0  1  0  0  1  1  0  0  0  0  1  1  0  1  0  1  0  0  1  0  0  0  1  1  0  0  0  1  0  0  1  0  1  -654.0       1     0.0
119  0  1  0  0  1  0  1  0  0  1  0  0  0  0  0  1  1  0  0  1  1  1  1  1  0  0  1  1  0  0  1  0  1  1  1  1  0  0  1  1  0  0  0  0  1  1  0  1  1  0  -654.0       1     0.0
120  1  0  0  0  1  1  1  1  1  1  1  1  1  0  0  0  0  0  0  1  0  0  1  0  0  1  0  1  1  1  1  0  1  0  1  1  1  1  0  0  0  0  1  0  0  0  0  1  0  0  -654.0       1     0.0
121  1  0  0  0  1  1  0  1  1  1  0  1  1  0  0  1  0  0  1  0  0  1  1  1  1  0  1  0  1  1  0  0  1  0  0  1  1  0  1  0  1  1  1  0  0  0  0  1  0  1  -654.0       1     0.0
122  0  1  1  0  1  0  0  1  1  1  1  1  1  0  0  1  0  0  1  1  0  1  1  0  0  1  1  0  0  1  1  0  0  1  1  0  1  0  0  0  1  0  0  0  1  0  1  1  0  1  -654.0       1     0.0
285  1  0  0  0  0  0  0  1  0  1  0  1  1  0  0  1  1  1  1  1  0  1  1  1  0  1  0  1  0  1  1  0  1  0  1  1  0  1  1  0  0  0  1  0  0  1  0  0  0  0  -654.0       1    0.02
286  1  1  1  0  0  1  0  1  1  0  0  1  0  1  0  1  0  1  0  1  0  1  0  1  1  0  1  0  1  0  1  0  0  1  1  1  0  0  1  1  0  1  0  1  1  1  0  1  0  1  -654.0       1    0.02
287  1  0  0  0  0  0  1  1  1  0  0  1  1  0  0  1  0  0  0  0  0  1  1  1  1  1  1  0  0  1  1  0  0  0  1  0  1  0  1  0  1  0  1  0  1  0  1  1  0  1  -654.0       1    0.02
301  1  1  0  0  0  0  1  0  0  1  0  1  0  1  0  1  1  0  1  0  0  1  1  1  1  0  0  0  1  0  0  0  1  0  1  0  0  0  1  1  1  0  0  0  1  0  0  1  0  1  -654.0       1    0.02
307  0  1  1  0  1  0  1  1  1  1  0  1  0  0  1  1  1  1  0  0  0  1  1  0  1  0  1  1  0  0  1  0  0  1  0  0  1  0  0  1  1  0  0  0  1  1  0  1  0  1  -654.0       1    0.02
317  1  0  0  0  1  1  1  1  1  0  0  1  0  0  0  1  0  1  0  1  0  1  1  1  1  0  1  0  1  0  0  0  0  1  1  1  1  0  0  0  1  0  0  1  0  0  1  1  0  0  -654.0       1    0.02
381  0  0  0  1  1  0  1  1  1  1  1  1  1  0  0  1  0  0  0  0  0  0  1  1  1  1  0  1  0  1  0  0  1  0  1  0  1  0  1  0  1  0  1  1  0  0  0  0  0  1  -654.0       1    0.04
386  1  1  1  0  1  1  0  0  1  1  0  1  1  1  0  1  1  1  0  0  0  1  0  1  0  0  1  0  0  0  1  0  0  1  0  1  0  0  1  0  1  0  0  1  1  1  0  1  0  1  -654.0       1    0.04
428  0  1  1  0  0  1  1  1  1  1  0  0  0  1  0  0  0  1  0  1  0  1  0  1  0  0  1  1  1  0  1  0  0  1  0  1  0  0  0  1  0  0  1  0  1  1  0  1  1  0  -654.0       1    0.06
453  1  1  1  1  0  0  1  1  1  0  0  1  0  1  0  0  0  1  0  1  0  1  0  0  0  0  1  1  1  0  1  0  1  1  0  0  0  1  0  1  0  1  0  0  1  1  0  1  1  1  -654.0       1    0.08
464  0  1  1  0  0  1  1  1  1  0  0  0  0  0  0  0  1  0  0  1  1  1  1  0  1  0  1  1  1  0  0  0  1  1  0  0  0  0  1  0  1  1  0  1  1  1  0  1  1  1  -654.0       1    0.08
123  1  1  1  0  0  0  1  0  1  1  0  1  0  0  0  1  1  1  0  1  0  1  0  1  1  0  0  1  0  0  1  1  1  1  1  0  1  1  1  1  0  1  0  0  0  0  0  1  1  0 -653.25       1     0.0
124  0  1  1  0  0  0  1  0  1  0  0  1  0  0  1  1  1  1  0  1  0  1  0  1  1  0  0  1  0  0  1  0  1  1  0  0  1  0  0  1  1  0  0  1  1  1  0  1  0  1 -653.25       1     0.0
125  0  1  1  0  0  1  1  0  1  0  1  0  1  1  1  0  1  0  0  1  1  1  1  0  0  0  1  1  0  1  0  0  0  1  0  1  0  0  1  1  0  1  0  0  1  0  0  1  0  1 -653.25       1     0.0
126  1  1  1  1  1  0  1  1  1  1  0  1  1  0  0  1  0  1  0  0  0  1  0  1  1  0  0  1  1  0  1  0  1  0  1  0  0  0  0  0  0  0  1  0  0  0  0  1  0  0 -653.25       1     0.0
127  0  0  0  1  0  0  0  1  1  0  0  0  0  0  1  1  1  1  1  0  1  1  0  1  0  0  0  1  0  1  1  0  1  0  0  1  1  0  1  1  0  1  1  1  1  0  0  0  0  0 -653.25       1     0.0
128  0  1  1  0  1  0  0  1  1  1  0  1  1  1  0  1  0  0  0  1  0  1  1  0  0  0  1  1  0  1  1  0  0  1  0  1  1  0  0  1  1  0  1  0  0  0  0  1  0  1 -653.25       1     0.0
260  0  1  1  0  1  1  1  1  1  1  0  1  1  1  0  0  0  1  1  0  0  1  1  1  1  0  0  1  1  1  0  0  0  1  0  0  0  0  1  1  0  0  0  0  1  1  0  1  1  0 -653.25       1    0.02
265  0  1  1  0  1  1  1  0  1  1  1  1  1  0  0  0  1  0  0  1  0  0  1  0  0  0  1  1  1  1  1  0  0  1  1  0  0  0  0  0  0  1  0  1  1  0  0  1  0  1 -653.25       1    0.02
281  0  1  1  1  1  0  0  0  0  0  0  1  0  1  0  1  1  1  0  1  0  1  1  0  0  0  1  1  0  0  1  0  0  0  0  0  0  0  1  1  0  1  1  1  1  0  1  1  1  1 -653.25       1    0.02
303  0  1  1  1  0  1  1  0  0  1  0  0  0  1  1  1  1  1  0  0  0  1  1  1  1  0  1  1  0  0  0  0  0  0  0  0  0  0  1  1  1  1  0  0  1  1  1  1  0  0 -653.25       1    0.02
309  1  0  0  0  0  1  1  0  1  1  0  1  0  0  1  1  1  1  0  0  0  0  1  0  0  0  0  0  1  0  1  1  1  0  1  0  0  1  1  0  1  1  0  0  0  0  1  1  0  1 -653.25       1    0.02
319  1  1  1  1  1  0  1  0  1  0  1  0  0  1  0  1  0  1  1  1  0  1  1  0  0  0  0  0  1  0  1  0  0  1  1  0  0  0  0  1  0  0  0  0  1  1  1  1  0  1 -653.25       1    0.02
349  1  0  1  0  1  1  1  0  1  1  1  1  0  1  0  1  0  0  0  0  0  1  0  0  0  0  0  1  1  0  1  0  0  1  1  1  0  0  1  1  1  0  0  1  1  0  0  1  0  1 -653.25       1    0.02
446  1  0  1  1  0  0  1  0  1  1  1  1  0  0  0  1  1  0  0  0  0  1  1  0  0  1  0  1  1  0  1  1  1  0  0  1  1  0  0  0  1  0  0  0  0  0  0  1  0  1 -653.25       1    0.02
458  0  1  1  0  1  0  0  0  1  0  0  1  0  0  1  0  1  1  0  1  0  1  0  1  1  0  1  1  0  0  0  0  1  1  0  1  0  0  0  1  0  1  1  1  1  1  0  1  1  0 -653.25       1    0.08
486  0  0  0  0  1  1  0  0  1  0  0  1  1  1  0  0  1  1  1  1  0  1  1  0  1  1  1  1  0  1  1  0  1  1  0  0  1  0  0  0  0  1  1  1  1  1  0  1  0  0 -653.25       1    0.06
129  0  0  0  0  0  0  0  0  0  1  1  1  0  1  1  1  1  1  0  0  1  0  0  0  1  0  1  1  1  0  0  0  1  1  1  0  1  0  0  1  1  0  0  1  1  1  0  1  0  1  -653.0       1     0.0
130  1  0  1  0  0  0  1  0  0  1  1  1  0  1  1  1  0  0  1  0  0  1  1  0  1  0  1  0  0  1  1  0  0  1  0  0  0  0  1  0  1  0  1  0  1  0  0  1  1  1  -653.0       1     0.0
131  0  1  0  0  0  0  1  1  1  1  0  1  0  0  0  1  1  1  0  1  0  1  1  1  0  1  1  1  0  1  0  1  0  0  0  0  1  0  0  0  0  0  0  1  0  1  1  1  0  1  -653.0       1     0.0
132  1  1  1  0  1  1  1  0  0  1  0  0  0  0  0  0  1  1  0  0  0  0  1  1  0  0  1  1  0  0  1  0  1  1  1  0  1  0  1  1  0  0  1  1  0  1  0  1  1  1  -653.0       1     0.0
133  0  0  0  0  0  0  0  1  1  0  0  0  0  1  0  1  0  1  0  0  0  1  0  0  1  1  1  1  1  1  0  0  0  1  0  1  1  0  1  1  0  1  1  1  1  1  0  1  0  1  -653.0       1     0.0
134  1  0  0  0  0  0  1  0  0  1  0  1  0  0  0  1  1  0  1  1  1  1  0  1  1  0  0  1  1  0  0  1  0  1  1  1  1  1  1  0  0  0  0  0  0  0  0  1  1  1  -653.0       1     0.0
135  1  0  1  1  1  1  0  1  1  0  0  1  1  0  1  0  1  1  0  1  1  1  1  0  1  0  0  0  0  0  1  0  0  1  0  0  0  0  1  1  0  1  0  1  0  1  0  0  1  1  -653.0       1     0.0
136  0  0  0  0  1  1  1  0  1  1  1  1  1  1  1  1  0  1  0  1  0  1  1  0  0  0  0  1  0  1  1  0  1  0  0  1  1  0  0  0  0  1  1  0  0  0  0  1  0  0  -653.0       1     0.0
263  0  1  0  0  0  0  1  0  1  1  1  1  0  1  0  1  1  1  0  0  0  1  1  0  0  0  0  1  0  1  1  0  1  1  0  1  0  0  1  0  1  1  0  1  0  1  0  1  1  1  -653.0       1    0.02
268  1  1  0  0  0  1  1  0  1  0  0  1  0  1  0  0  1  1  1  1  0  1  0  0  1  0  1  0  1  0  1  0  1  1  0  0  0  0  1  1  0  1  0  1  1  0  0  1  1  1  -653.0       1    0.02
300  1  0  0  0  0  0  1  1  1  1  0  1  1  0  1  0  0  0  1  1  0  1  1  1  1  0  0  0  1  1  0  1  0  0  1  1  1  0  0  0  1  0  1  0  0  0  0  1  0  1  -653.0       1    0.02
302  1  1  1  0  0  0  1  1  1  1  1  1  0  0  0  0  1  1  0  0  1  1  1  0  1  0  0  1  0  1  0  0  0  1  1  0  0  0  1  1  1  0  0  0  1  1  0  1  0  1  -653.0       1    0.02
341  1  1  1  0  0  0  1  1  1  1  0  1  1  0  0  1  0  0  0  0  0  1  1  0  0  0  0  1  1  1  0  1  1  0  1  1  1  0  1  0  1  0  0  0  0  0  0  1  0  1  -653.0       1    0.02
369  1  1  0  0  1  1  1  0  1  0  0  0  1  1  1  1  1  0  0  0  1  1  0  1  0  0  0  1  0  0  0  0  1  1  0  0  0  0  1  1  0  1  0  1  0  1  0  1  0  1  -653.0       1    0.04
408  1  0  0  0  0  0  1  1  1  1  0  1  1  0  0  1  0  0  1  1  0  1  0  0  0  0  1  1  0  1  1  1  0  0  1  1  0  1  1  0  1  0  1  0  0  0  0  1  0  1  -653.0       1    0.04
440  1  0  1  0  1  1  1  0  1  1  0  1  1  1  0  1  0  1  0  1  1  1  0  0  1  0  1  0  1  0  0  0  0  1  0  0  0  0  0  1  0  1  0  1  1  1  0  1  0  1  -653.0       1    0.06
442  0  1  1  0  1  1  1  0  1  1  0  1  0  0  0  0  1  1  0  1  0  1  1  1  1  0  1  0  1  0  0  0  1  1  0  1  1  0  0  0  0  0  1  1  1  1  0  1  0  0  -653.0       1    0.06
137  1  0  0  0  1  1  1  1  1  1  1  1  0  1  1  1  1  0  1  0  0  0  1  0  0  0  0  0  1  1  1  0  1  0  1  0  0  1  1  0  0  0  1  0  0  0  0  1  0  1 -652.25       1     0.0
138  1  0  1  0  1  0  1  0  1  1  0  1  0  0  1  0  1  1  0  0  0  1  0  0  1  0  0  1  1  1  1  0  1  0  1  0  0  0  1  1  1  0  1  1  0  1  0  1  0  0 -652.25       1     0.0
139  0  1  1  0  0  0  1  0  1  0  0  1  1  0  1  1  0  1  1  0  1  1  1  1  1  0  1  0  1  1  0  0  1  1  0  0  0  0  0  1  1  0  1  0  0  0  1  1  1  1 -652.25       1     0.0
140  0  0  0  0  0  1  1  1  1  1  1  1  1  0  1  1  0  0  0  0  0  1  1  0  0  1  0  1  1  1  1  1  0  1  1  0  0  0  1  0  1  0  0  0  0  0  0  1  0  0 -652.25       1     0.0
141  0  0  0  1  0  1  1  1  0  1  0  1  1  0  1  1  0  0  0  1  0  1  1  1  1  1  1  1  0  0  0  0  0  1  1  1  1  0  1  0  0  0  0  0  0  0  1  1  0  1 -652.25       1     0.0
142  1  0  1  0  0  1  1  0  1  1  0  1  1  1  1  1  0  0  1  1  1  0  0  0  0  0  1  0  1  1  1  0  0  0  1  1  1  0  0  0  0  0  1  1  1  0  0  0  0  1 -652.25       1     0.0
143  1  0  1  0  1  0  1  1  1  0  1  0  1  0  1  0  0  0  0  0  0  0  1  1  1  0  0  1  1  0  1  0  0  1  1  1  1  1  1  0  1  0  0  0  1  1  0  1  1  1 -652.25       1     0.0
293  0  0  1  1  1  0  0  0  0  1  0  1  1  1  0  1  0  1  0  1  0  1  1  0  1  0  0  1  0  0  0  1  0  1  0  1  1  0  0  1  1  0  1  1  1  1  0  1  1  1 -652.25       1    0.02
308  1  0  1  0  1  1  1  0  1  1  1  1  0  1  0  0  0  1  1  1  0  1  0  0  0  1  1  0  1  0  0  0  1  1  0  0  0  0  1  0  0  0  0  0  0  1  0  1  0  1 -652.25       1    0.02
331  0  0  1  0  1  1  1  0  1  1  1  0  1  0  0  1  0  1  0  0  0  1  1  1  0  0  0  1  1  0  0  0  0  1  1  0  1  0  1  0  0  1  0  1  1  0  0  1  1  1 -652.25       1    0.02
335  0  0  0  0  0  0  0  0  1  0  0  1  0  1  1  1  0  0  0  1  1  0  1  1  0  1  0  0  1  1  1  1  0  0  1  1  1  1  0  0  1  0  1  0  1  0  0  1  0  1 -652.25       1    0.02
336  1  1  1  0  1  0  0  1  1  1  0  1  1  0  0  1  1  1  0  0  0  1  1  0  0  1  0  1  0  0  1  0  1  1  1  0  0  1  1  0  0  0  0  0  0  1  0  1  0  1 -652.25       1    0.02
345  0  0  1  0  1  0  0  0  1  1  0  1  1  1  0  1  0  1  0  1  0  1  1  1  1  0  1  0  0  0  0  1  0  1  0  1  1  0  0  0  1  1  0  1  0  1  0  1  0  1 -652.25       1    0.02
367  0  1  1  0  1  1  1  0  1  0  0  1  0  1  1  0  1  1  0  0  0  1  1  0  1  0  0  1  0  0  1  0  1  1  0  1  0  0  0  1  0  1  0  0  1  1  1  1  1  1 -652.25       1    0.04
394  1  1  1  1  0  0  0  0  1  1  0  1  0  0  0  0  1  1  0  1  0  1  1  1  0  1  0  1  0  0  0  0  0  1  1  1  0  0  0  0  1  0  1  1  1  0  0  1  1  1 -652.25       1    0.04
396  1  0  0  0  0  1  1  1  0  1  1  0  0  0  1  1  1  0  0  1  0  1  0  0  1  0  0  1  1  1  1  1  0  0  1  1  1  0  1  1  1  0  1  0  0  0  0  0  0  1 -652.25       1    0.04
426  0  1  1  0  1  1  1  0  0  1  0  1  0  0  0  1  1  1  0  0  0  1  0  1  0  0  0  0  1  0  1  0  0  1  0  0  1  0  0  1  1  0  0  1  0  1  0  1  1  1 -652.25       1    0.04
438  0  1  1  0  0  0  1  0  1  0  0  1  0  0  1  1  0  1  0  0  0  0  1  1  1  0  1  0  0  1  1  0  0  0  0  1  0  0  1  0  1  1  0  1  1  1  0  1  0  1 -652.25       1    0.04
450  1  0  0  0  1  1  1  0  1  0  0  1  1  1  0  0  0  1  0  0  0  1  1  0  1  1  1  1  0  1  1  0  1  1  0  1  0  0  1  1  0  0  0  1  1  1  0  1  0  1 -652.25       1    0.06
499  1  0  0  0  1  0  1  1  0  1  1  0  1  1  0  1  0  0  0  0  0  1  0  1  0  1  0  0  0  1  1  1  0  0  1  1  1  1  0  0  1  0  1  1  1  0  0  0  1  1 -652.25       1    0.14
144  1  0  1  0  1  0  1  1  1  0  0  1  0  1  0  1  0  1  0  0  0  1  1  0  0  1  1  1  0  0  1  0  0  0  1  1  0  0  0  0  1  1  0  1  0  1  1  1  1  1  -652.0       1     0.0
145  1  0  0  0  1  0  0  1  0  0  0  1  1  1  0  1  0  1  0  0  0  1  1  0  1  0  1  0  1  0  1  0  0  0  1  1  1  1  1  0  1  1  1  1  0  0  0  0  0  1  -652.0       1     0.0
146  1  1  0  0  0  0  1  1  1  1  0  1  0  0  1  1  1  0  0  1  0  0  1  1  1  0  0  0  0  0  1  1  0  0  1  1  1  0  1  0  1  0  1  0  0  0  0  1  0  1  -652.0       1     0.0
147  0  0  0  0  1  0  1  1  1  0  0  1  1  1  1  1  0  1  0  1  1  1  1  1  1  1  1  0  1  0  0  0  0  1  1  1  0  0  1  0  0  1  1  0  0  0  0  1  0  0  -652.0       1     0.0
148  1  1  0  0  0  0  0  1  0  1  0  0  0  0  1  1  1  0  1  0  0  1  0  1  0  0  0  1  1  1  0  1  1  0  1  1  0  1  1  1  0  0  0  1  1  0  0  1  0  1  -652.0       1     0.0
149  1  0  0  0  1  0  1  0  0  0  0  1  0  1  1  1  1  1  0  1  0  1  1  1  1  0  1  0  0  0  1  0  0  0  1  1  1  0  1  1  1  0  0  0  1  1  0  1  1  0  -652.0       1     0.0
316  1  1  0  0  1  0  1  1  1  1  1  1  1  1  1  1  1  0  0  0  0  1  0  0  0  0  0  0  0  1  0  0  1  0  1  0  1  1  0  0  1  1  1  0  0  0  0  0  0  1  -652.0       1    0.02
433  1  1  1  0  0  1  1  0  1  0  0  1  0  1  0  1  0  1  1  1  0  1  1  1  1  0  0  1  1  0  0  0  0  1  0  1  1  0  0  1  0  0  1  1  0  1  0  1  1  1  -652.0       1    0.06
151  0  1  1  0  1  0  0  1  1  0  1  0  0  1  0  1  0  1  1  1  0  1  1  0  1  0  1  1  1  0  0  0  0  0  1  1  1  0  0  1  0  0  0  0  1  1  0  0  1  1 -651.25       1     0.0
152  0  0  0  0  1  1  0  1  1  0  0  1  0  1  1  1  0  0  0  0  0  1  1  1  0  1  0  1  0  0  0  1  0  1  1  1  1  0  1  1  0  0  1  0  1  1  0  1  0  1 -651.25       1     0.0
153  0  1  0  0  0  0  1  0  1  0  0  1  0  0  0  1  0  0  0  1  1  1  0  1  0  0  0  0  0  1  1  0  0  1  1  1  1  0  0  1  0  1  1  1  1  1  0  1  0  1 -651.25       1     0.0
154  1  1  1  0  0  0  0  1  1  1  0  1  0  1  0  1  1  0  0  1  0  0  1  1  0  0  1  1  1  0  1  0  0  0  1  1  0  0  1  1  1  0  0  0  0  0  1  1  0  1 -651.25       1     0.0
155  1  1  0  0  0  0  1  0  1  0  1  1  0  0  1  0  1  1  0  0  1  1  1  1  1  0  0  1  0  0  1  0  1  1  1  1  0  0  1  0  1  0  0  1  1  0  0  1  0  0 -651.25       1     0.0
312  1  0  0  0  0  1  0  1  1  1  1  1  1  1  1  1  1  0  1  0  0  1  1  1  0  1  0  0  1  0  1  1  0  0  1  1  0  0  0  0  1  0  0  0  0  0  0  1  0  1 -651.25       1    0.02
314  0  1  1  0  0  1  1  0  0  1  0  1  1  0  0  0  1  1  0  1  1  1  1  1  1  0  0  1  0  0  0  0  0  1  0  0  1  0  0  1  0  1  0  1  0  0  0  1  1  0 -651.25       1    0.02
318  1  1  1  0  1  1  1  0  0  0  0  1  0  0  0  1  1  1  0  1  1  1  0  0  0  0  1  1  1  0  0  0  0  1  1  0  1  0  0  0  0  1  0  0  0  1  1  1  1  1 -651.25       1    0.02
321  1  1  1  0  1  1  1  0  1  1  1  0  0  0  0  1  0  1  0  1  0  1  0  1  0  0  0  1  0  0  1  0  1  1  0  1  1  1  1  1  0  0  0  1  0  1  0  1  0  1 -651.25       1    0.02
376  1  1  1  0  1  0  1  0  1  1  0  1  0  1  0  0  0  1  0  1  0  1  1  1  0  0  1  0  0  0  1  0  0  1  1  0  1  0  0  1  1  1  0  1  1  1  0  1  0  1 -651.25       1    0.04
407  1  1  0  1  1  1  1  0  0  0  0  1  0  0  0  0  1  1  0  0  1  1  1  0  1  0  1  1  0  0  1  0  0  1  1  0  0  0  1  1  0  0  0  1  0  0  0  1  1  0 -651.25       1    0.04
410  1  0  0  0  0  0  1  1  1  0  1  1  1  0  1  1  1  0  1  0  0  1  1  1  0  0  0  0  1  1  0  1  0  1  1  1  0  0  1  0  0  0  1  0  0  0  0  1  1  1 -651.25       1    0.04
452  1  0  1  1  0  1  1  0  1  0  0  1  0  0  0  0  0  1  0  0  0  1  0  0  1  0  0  1  0  1  1  0  0  1  0  1  0  0  1  1  1  1  0  1  1  0  0  1  1  0 -651.25       1    0.06
468  1  0  1  0  1  1  1  1  1  1  0  1  0  0  1  0  1  1  0  1  0  1  1  1  1  0  0  0  0  0  0  0  1  1  0  0  0  0  0  0  1  1  1  0  0  1  0  1  0  1 -651.25       1    0.06
156  1  0  0  0  0  1  0  1  0  1  0  1  1  1  1  1  0  1  0  0  0  1  0  1  0  1  1  1  0  1  1  0  0  0  0  0  1  1  1  0  1  0  1  1  0  0  0  0  0  1  -651.0       1     0.0
157  1  0  1  0  1  1  1  1  1  0  0  0  0  1  0  1  0  0  0  1  1  1  1  1  0  1  1  1  0  1  0  0  0  0  1  1  0  0  1  0  1  0  0  1  1  0  0  1  0  1  -651.0       1     0.0
297  1  1  1  0  1  0  1  1  1  0  0  0  0  1  0  1  1  1  1  0  0  1  0  1  0  0  0  1  0  0  1  0  1  0  1  1  1  0  0  1  1  0  0  1  0  0  0  1  1  1  -651.0       1    0.02
310  1  1  1  0  0  1  1  0  1  0  0  1  0  0  0  0  0  1  0  0  0  1  0  1  0  1  1  1  1  1  1  0  0  0  1  1  0  0  1  1  0  1  0  0  1  0  0  1  0  1  -651.0       1    0.02
313  1  1  1  0  0  0  1  0  1  0  1  1  1  0  0  0  0  1  0  0  0  1  1  0  0  1  1  1  1  0  1  0  1  1  1  0  1  0  0  0  1  0  1  1  0  0  0  1  0  0  -651.0       1    0.02
325  0  0  0  0  1  1  1  1  1  1  0  1  1  0  1  1  0  0  0  1  1  1  0  1  0  0  0  0  1  0  1  0  1  1  1  1  0  1  1  1  0  0  0  0  0  0  0  1  1  1  -651.0       1    0.02
359  0  0  1  0  1  1  1  0  1  1  0  1  0  1  0  0  0  1  0  1  0  1  1  0  1  0  1  0  1  0  1  1  1  1  0  0  1  0  1  0  0  1  0  0  1  1  0  1  1  0  -651.0       1    0.02
374  0  0  1  0  1  1  1  1  0  0  0  0  0  1  0  0  1  1  0  1  1  1  0  1  1  0  0  1  0  0  1  1  0  1  1  0  0  0  0  0  1  1  0  1  1  1  0  1  0  0  -651.0       1    0.04
392  0  1  1  0  0  0  1  0  1  0  0  1  0  0  0  1  1  1  1  1  1  1  0  0  1  0  1  1  1  0  1  0  1  1  0  0  0  0  1  1  0  1  0  1  0  1  0  1  0  1  -651.0       1    0.04
403  1  1  1  0  0  1  1  0  1  1  0  1  0  1  0  0  0  1  0  0  1  1  1  1  1  0  1  1  1  0  1  0  1  1  1  0  0  0  0  0  0  0  0  1  0  1  0  1  0  1  -651.0       1    0.04
158  1  1  1  0  1  0  1  0  1  0  1  1  0  0  0  1  1  1  0  0  1  1  0  0  0  0  1  1  1  0  1  0  0  1  1  0  1  0  0  0  1  0  1  0  1  0  0  0  1  1 -650.25       1     0.0
159  1  0  0  1  1  1  0  1  1  1  0  0  1  1  0  1  1  1  0  0  1  1  0  0  0  0  1  1  1  0  1  0  1  1  0  0  0  0  0  1  1  0  0  0  0  1  0  1  1  0 -650.25       1     0.0
160  0  0  1  0  1  0  1  1  1  1  1  1  1  1  0  0  0  1  0  0  0  1  1  1  0  1  0  0  0  1  1  0  0  1  0  1  0  0  0  1  1  1  0  0  1  1  0  0  1  0 -650.25       1     0.0
161  1  0  0  0  1  1  1  0  1  1  0  1  0  1  0  0  0  1  1  1  0  1  1  0  1  0  0  1  1  1  1  0  0  0  0  1  0  0  0  1  0  1  0  1  0  1  0  1  0  1 -650.25       1     0.0
162  0  1  1  1  1  0  0  0  1  1  0  1  1  1  0  0  1  1  0  1  0  0  1  0  0  0  0  1  0  1  1  1  1  1  1  1  1  0  0  1  1  0  1  0  1  1  0  0  0  0 -650.25       1     0.0
288  0  1  1  0  1  0  0  0  1  0  0  0  0  1  1  1  0  1  0  0  0  1  1  1  1  0  0  1  1  0  1  0  0  1  1  1  0  0  0  0  0  1  0  1  1  1  0  1  1  1 -650.25       1    0.02
298  1  1  1  1  1  1  0  0  0  0  0  0  0  0  0  0  1  1  1  1  0  1  1  1  1  0  0  0  1  0  0  0  0  1  0  0  1  0  1  1  0  0  0  0  1  1  0  1  0  1 -650.25       1    0.02
305  0  1  1  0  1  0  1  0  1  0  0  0  0  1  0  1  1  1  0  1  0  1  1  0  0  0  1  1  0  0  0  0  1  1  1  0  1  0  0  1  1  0  0  1  1  1  0  1  0  1 -650.25       1    0.02
326  1  1  1  0  0  1  1  1  1  0  0  1  0  0  0  0  1  1  0  1  1  0  1  0  1  0  0  1  1  0  1  0  1  1  0  1  0  0  1  0  1  1  0  1  0  1  0  1  1  0 -650.25       1    0.02
390  1  0  1  1  1  0  1  0  1  1  0  1  0  1  0  1  0  1  0  0  0  1  1  0  0  0  1  0  0  0  1  0  1  1  0  1  0  0  1  1  1  0  1  1  1  1  0  1  0  1 -650.25       1    0.04
441  1  1  1  0  1  1  0  0  1  0  0  1  1  1  1  1  1  1  0  1  0  1  0  0  0  0  0  1  0  0  0  1  0  1  1  0  1  0  1  1  0  1  0  1  0  0  0  1  1  1 -650.25       1    0.06
467  0  1  1  1  1  0  1  0  1  1  0  0  0  1  1  0  1  1  0  1  1  1  1  0  0  0  1  0  0  0  1  0  0  0  0  0  0  0  0  1  1  1  0  1  1  1  1  0  1  0 -650.25       1    0.08
492  1  1  1  1  1  0  1  0  1  0  0  1  0  0  0  1  0  1  0  1  0  1  0  1  1  0  1  1  0  0  1  0  1  1  0  0  0  0  1  1  0  1  0  1  1  1  0  1  1  0 -650.25       1    0.12
163  0  1  0  0  1  1  0  0  1  1  1  0  0  0  0  0  1  1  1  1  0  1  1  0  1  0  0  0  1  1  1  0  1  1  0  1  1  0  0  0  1  1  0  1  0  0  0  0  0  1  -650.0       1     0.0
164  1  0  0  0  0  0  0  1  0  1  0  1  0  0  1  1  0  1  1  1  0  1  1  0  0  0  1  1  0  1  1  1  0  1  1  1  0  0  1  0  0  0  1  0  0  1  0  1  0  1  -650.0       1     0.0
165  0  0  0  0  0  0  0  1  1  0  0  1  1  0  0  1  1  0  1  1  0  1  1  1  0  1  1  0  1  1  1  0  1  0  1  1  1  0  0  0  1  0  1  1  0  1  0  1  0  1  -650.0       1     0.0
306  1  1  1  0  1  1  1  0  1  0  0  1  0  1  0  0  0  1  1  1  0  1  1  0  1  0  1  1  0  0  0  0  1  1  0  1  1  0  1  1  0  1  0  1  0  0  0  1  0  0  -650.0       1    0.02
395  0  1  1  1  0  1  1  0  1  0  1  1  1  0  0  1  1  1  0  0  1  1  0  1  0  0  0  1  1  0  0  0  1  1  0  0  0  0  1  1  1  0  0  1  0  0  0  1  0  0  -650.0       1    0.04
166  1  0  1  0  0  0  0  1  1  1  0  1  0  1  0  0  0  1  1  1  0  1  1  0  1  0  1  0  0  1  1  0  0  1  0  1  0  1  0  0  0  1  1  1  0  1  0  1  0  1 -649.25       1     0.0
167  1  0  1  0  1  0  1  1  1  1  1  0  1  1  0  1  0  1  0  0  0  1  0  1  0  1  0  1  0  1  1  0  1  0  1  1  1  0  0  0  0  0  0  1  0  1  0  0  0  1 -649.25       1     0.0
168  0  0  0  0  0  1  1  0  1  0  0  1  0  1  1  1  1  0  0  0  1  1  0  1  1  0  1  1  0  1  1  0  0  1  1  0  0  0  1  1  0  1  0  1  0  1  0  1  0  1 -649.25       1     0.0
322  1  1  1  0  0  0  0  0  1  0  0  1  0  0  0  1  1  1  0  1  0  1  1  0  1  0  1  0  0  0  1  0  0  1  1  0  1  0  1  1  1  1  0  1  1  1  0  1  0  0 -649.25       1    0.02
330  1  1  0  1  0  1  1  1  1  0  1  1  0  1  0  1  1  0  0  0  0  1  1  0  1  1  1  1  0  1  0  0  0  1  1  0  0  0  1  1  0  0  1  0  1  0  1  1  0  0 -649.25       1    0.02
169  1  0  0  0  1  1  1  1  1  1  0  1  0  0  0  1  0  1  0  0  0  0  1  0  1  0  1  0  1  1  1  0  0  1  0  0  0  0  1  0  0  1  0  1  0  0  0  1  0  1  -649.0       1     0.0
170  0  0  1  0  0  1  1  0  1  1  0  0  0  0  0  1  1  1  1  0  1  1  0  1  0  1  1  1  1  1  0  0  0  1  0  0  0  0  1  1  1  0  1  1  0  0  0  0  0  1  -649.0       1     0.0
171  1  0  1  1  0  1  1  0  1  0  0  1  0  1  1  0  0  1  1  1  0  0  0  1  1  0  0  1  1  1  0  0  0  1  0  0  0  0  1  0  1  0  0  1  1  0  1  1  0  0  -649.0       1     0.0
279  1  0  0  0  0  0  0  1  1  1  0  1  1  0  0  1  0  0  1  1  0  1  1  1  0  1  1  1  1  1  1  0  0  0  0  1  1  0  1  0  1  0  1  0  0  0  0  1  0  0  -649.0       1    0.02
329  0  1  0  0  1  0  1  0  1  1  1  0  0  1  0  0  1  0  0  1  1  1  1  0  1  0  0  1  1  0  0  0  0  1  0  1  0  0  1  1  1  0  0  1  1  0  0  1  0  1  -649.0       1    0.02
342  1  0  0  0  1  0  1  1  1  0  0  1  1  1  1  1  1  0  0  0  0  0  1  0  0  0  1  0  1  1  1  0  1  1  1  1  1  0  0  0  1  0  0  0  0  0  0  1  0  1  -649.0       1    0.02
398  0  1  1  1  0  0  1  1  1  0  1  1  0  0  0  0  0  1  0  0  0  1  1  0  1  0  1  1  1  0  0  0  0  0  0  0  1  0  0  1  1  0  0  0  1  0  0  1  1  1  -649.0       1    0.04
416  0  0  0  0  0  1  0  0  0  1  0  1  0  1  0  1  1  0  1  0  0  1  1  1  1  0  0  0  1  1  0  1  1  0  1  0  1  1  1  0  1  0  1  0  1  0  1  0  0  1  -649.0       1    0.04
456  1  0  1  1  1  0  1  0  1  1  0  1  0  0  0  0  1  1  0  0  1  1  1  0  0  0  1  1  0  1  1  0  1  1  0  0  1  0  1  1  0  0  0  1  0  1  0  1  0  1  -649.0       1    0.08
173  0  0  0  1  0  0  1  0  1  1  1  1  1  0  0  1  1  1  0  0  0  1  1  0  0  0  1  1  1  1  1  0  0  0  0  1  0  0  1  0  0  1  1  1  0  0  0  1  0  0 -648.25       1     0.0
174  1  0  1  0  0  0  1  1  1  1  0  1  1  1  0  1  1  0  0  0  0  1  0  1  1  1  1  1  0  1  1  0  0  0  0  0  1  1  1  0  0  0  1  0  0  0  0  1  1  0 -648.25       1     0.0
175  0  1  1  0  1  1  0  0  1  0  1  0  1  0  0  1  0  1  0  0  1  1  1  0  1  0  1  0  1  0  1  0  0  1  0  0  1  0  1  0  1  0  1  0  0  1  0  1  1  1 -648.25       1     0.0
176  1  0  0  0  1  0  0  0  1  1  0  0  1  1  1  0  1  0  1  1  0  1  1  1  0  0  0  1  1  0  0  1  1  1  1  0  1  0  1  1  0  0  0  1  0  0  0  1  0  1 -648.25       1     0.0
343  0  1  1  0  1  1  1  0  1  1  1  1  0  0  0  1  1  1  0  0  0  1  1  0  0  0  1  0  0  0  1  0  1  1  0  0  0  0  1  1  1  0  0  1  1  0  0  1  0  1 -648.25       1    0.02
351  0  1  1  0  1  1  1  1  1  1  0  0  0  0  0  0  0  1  0  1  0  1  1  1  0  0  0  1  1  0  0  0  1  1  0  1  0  0  0  1  0  0  0  1  0  0  0  1  1  1 -648.25       1    0.02
405  1  1  1  1  1  1  1  0  1  1  0  1  1  0  0  0  1  0  0  1  0  1  1  1  1  0  0  1  0  0  0  0  1  1  0  0  1  0  0  1  0  1  1  0  0  1  0  1  0  1 -648.25       1    0.04
489  1  1  1  0  0  0  1  0  1  0  1  0  0  1  0  1  1  1  0  0  0  1  0  0  0  0  1  1  1  0  1  0  1  1  0  1  0  0  1  1  1  0  0  1  1  1  1  1  0  1 -648.25       1     0.1
177  0  1  0  0  0  0  1  0  1  1  1  1  0  1  1  1  0  0  0  0  1  1  1  0  0  0  1  0  1  1  1  0  1  0  1  0  1  0  1  1  0  0  1  1  0  1  0  1  0  1  -648.0       1     0.0
178  1  1  1  0  1  1  1  1  0  0  0  1  0  0  0  1  0  1  1  1  1  1  0  0  1  1  0  1  0  0  1  0  1  1  0  1  1  0  0  1  1  0  0  1  0  1  0  1  0  1  -648.0       1     0.0
179  1  0  1  0  0  0  1  0  0  0  0  1  0  0  1  1  1  1  0  1  1  0  1  0  1  1  1  1  0  0  1  1  0  1  1  0  0  0  0  1  0  0  0  1  0  0  1  0  0  0  -648.0       1     0.0
180  1  0  0  0  0  0  0  0  1  1  0  1  0  0  0  1  1  0  1  0  0  1  1  0  1  1  0  0  1  1  1  0  1  1  1  1  0  1  1  0  0  0  1  1  0  0  0  1  0  1  -648.0       1     0.0
181  0  1  1  0  1  0  0  0  0  1  0  1  0  1  0  1  1  1  1  0  0  1  1  1  0  1  1  0  0  1  0  0  0  1  1  1  1  0  1  1  0  0  0  0  0  1  0  1  1  1  -648.0       1     0.0
354  1  1  0  0  1  0  1  1  1  0  0  0  0  1  1  0  1  1  0  1  0  1  0  1  1  0  1  1  0  0  1  0  0  1  1  0  1  0  0  1  0  1  0  0  0  0  0  1  0  1  -648.0       1    0.02
385  1  0  0  0  0  0  0  0  1  1  0  1  0  1  0  1  1  0  1  1  0  1  0  1  0  1  1  0  1  1  0  1  0  1  1  1  1  0  1  0  1  0  1  0  0  0  0  0  0  1  -648.0       1    0.04
409  1  0  0  0  0  0  0  0  1  1  0  0  1  0  1  1  1  0  0  0  1  1  0  1  0  1  1  1  0  1  0  1  0  0  1  0  0  1  0  1  0  1  1  0  0  0  0  1  0  1  -648.0       1    0.04
461  1  1  0  0  0  0  1  1  1  0  0  1  1  0  1  0  0  1  0  0  0  1  1  1  0  1  1  0  0  1  0  0  1  0  1  1  1  1  1  0  1  0  1  1  0  0  0  0  1  1  -648.0       1    0.06
495  0  1  1  1  1  0  1  1  1  1  0  0  0  1  0  1  1  1  0  1  0  1  0  0  0  0  1  0  0  0  1  0  0  1  0  1  0  0  1  1  0  1  0  1  1  0  0  1  1  1  -648.0       1     0.1
184  0  1  0  0  1  0  1  1  1  1  0  1  0  1  1  0  0  1  0  0  1  1  1  0  1  0  0  1  1  1  1  0  0  1  0  0  1  0  1  1  0  0  0  0  0  1  0  1  0  1 -647.25       1     0.0
185  0  0  0  1  0  0  0  1  1  1  0  1  0  1  1  1  1  1  0  1  1  1  0  0  0  0  1  0  0  0  1  0  1  1  1  0  0  0  0  1  1  1  0  1  0  0  0  1  1  1 -647.25       1     0.0
186  0  0  1  0  0  0  0  0  1  0  1  1  0  0  0  1  1  1  0  1  0  1  1  0  1  0  0  1  1  1  1  1  0  1  1  1  0  0  0  0  1  0  0  1  0  1  0  0  0  1 -647.25       1     0.0
187  0  0  1  0  1  1  0  1  1  1  1  1  0  1  1  1  0  1  0  1  0  1  1  0  1  0  0  0  1  0  0  0  1  1  1  0  0  1  0  1  0  0  1  0  0  1  0  1  1  1 -647.25       1     0.0
332  1  0  0  0  1  0  1  1  0  1  1  0  1  1  1  1  0  0  0  0  0  1  1  1  0  1  0  0  0  1  0  0  1  1  1  1  1  1  1  0  0  1  1  0  0  0  0  1  0  0 -647.25       1    0.02
339  0  1  1  0  1  0  1  1  1  1  0  1  0  1  0  0  1  0  1  0  0  1  0  0  1  0  0  1  1  0  1  0  1  1  0  0  0  0  1  1  0  1  0  0  0  1  0  1  1  1 -647.25       1    0.02
498  1  1  1  1  0  1  0  0  1  1  0  0  0  1  0  0  1  0  0  1  0  1  0  1  1  0  0  0  0  0  1  0  0  1  0  0  0  0  1  1  1  1  0  1  1  1  0  1  1  1 -647.25       1    0.14
188  1  0  0  0  0  1  1  1  1  1  0  1  1  1  0  1  1  0  0  0  0  1  0  1  1  0  1  0  1  0  0  1  0  0  1  1  0  0  1  1  1  0  1  1  0  0  0  1  0  1  -647.0       1     0.0
189  0  0  1  0  1  1  1  0  1  0  1  1  0  0  0  0  0  1  0  1  0  1  1  0  0  0  0  0  1  0  1  0  1  1  0  0  1  0  0  1  1  0  0  1  1  1  0  1  1  1  -647.0       1     0.0
190  1  0  0  0  0  0  1  0  1  1  0  1  1  1  0  1  0  1  1  0  0  1  1  0  0  1  1  1  1  0  1  0  0  0  1  0  0  0  0  0  0  1  1  0  0  0  1  1  0  0  -647.0       1     0.0
191  0  0  1  0  0  0  0  1  1  1  0  1  1  0  0  1  1  0  1  1  0  0  1  1  0  0  1  1  1  0  0  0  1  1  0  0  0  0  1  0  1  1  1  1  1  1  0  0  0  0  -647.0       1     0.0
192  1  0  0  0  1  1  1  0  1  1  0  1  1  0  1  0  0  1  0  1  1  1  1  1  1  0  1  0  0  0  1  0  1  1  1  0  1  0  0  0  1  0  0  1  0  0  0  1  0  1  -647.0       1     0.0
328  1  0  1  0  0  1  0  1  1  1  1  1  1  0  1  0  0  0  1  1  0  1  1  1  1  1  0  0  0  1  0  1  0  0  1  1  1  0  0  1  1  0  1  0  0  0  0  1  0  0  -647.0       1    0.02
338  0  1  1  1  1  0  1  0  1  0  0  1  0  0  0  0  1  1  0  1  0  1  1  1  0  0  0  1  0  0  1  0  0  1  1  1  0  0  1  1  0  1  0  1  1  1  0  1  0  1  -647.0       1    0.02
406  1  0  0  0  1  0  1  0  1  1  1  1  1  0  0  1  1  0  1  0  0  1  1  1  1  1  0  0  0  1  0  1  0  0  1  0  1  0  1  0  1  0  0  0  0  0  1  1  0  0  -647.0       1    0.04
429  1  1  1  0  0  1  1  0  1  1  0  1  1  1  0  0  0  1  0  1  0  1  0  1  0  0  0  1  0  0  1  0  1  1  0  0  0  1  1  1  0  1  0  1  1  1  0  1  0  0  -647.0       1    0.06
445  0  1  1  1  1  0  1  0  1  1  1  1  0  1  0  0  0  1  1  0  0  1  0  0  1  0  0  0  0  0  0  0  1  1  0  0  1  0  1  1  1  1  0  1  1  1  0  1  0  1  -647.0       1    0.06
449  1  0  1  0  0  0  0  1  1  1  1  0  1  0  1  1  0  0  1  0  0  0  0  1  0  0  1  1  0  1  1  1  1  1  1  1  1  0  1  0  1  0  1  0  0  0  0  1  0  1  -647.0       1    0.06
463  1  0  0  0  0  1  1  1  0  1  0  0  1  0  0  1  0  1  1  1  0  1  1  1  1  1  0  1  1  1  0  1  1  1  1  1  1  0  1  0  0  0  1  0  0  0  0  1  0  1  -647.0       1    0.08
487  0  1  1  1  1  1  0  1  1  0  0  1  1  0  0  0  0  1  0  1  1  1  1  0  1  0  0  1  0  0  0  0  1  1  0  0  0  0  1  1  1  1  0  1  1  0  0  1  0  1  -647.0       1     0.1
195  1  0  0  1  0  1  1  0  1  0  1  1  0  0  0  1  0  0  0  0  1  1  1  0  0  0  0  1  1  0  1  0  0  1  0  1  0  1  0  1  1  0  1  0  1  0  0  1  1  0 -646.25       1     0.0
196  1  0  1  0  0  1  0  1  1  1  1  1  0  1  0  0  0  1  0  1  0  1  1  1  0  0  0  1  1  0  0  0  0  1  1  1  0  0  0  1  1  1  0  1  1  0  0  1  1  1 -646.25       1     0.0
197  1  1  0  0  0  1  1  1  0  0  0  1  0  0  0  0  1  1  0  1  0  1  1  0  0  0  0  1  0  0  0  1  1  0  0  0  1  0  1  0  1  1  1  1  0  1  1  0  0  1 -646.25       1     0.0
198  1  0  1  0  0  1  0  1  1  1  0  1  1  1  1  1  0  0  1  1  0  1  1  0  1  0  0  0  1  1  0  1  0  0  1  0  1  0  0  1  1  1  1  0  0  0  0  1  0  1 -646.25       1     0.0
283  1  0  1  0  1  1  1  0  1  0  0  1  1  1  0  0  0  1  0  1  0  1  1  1  0  0  1  1  0  0  1  0  0  1  0  0  1  0  0  1  0  1  0  1  1  0  0  1  0  1 -646.25       1    0.02
346  1  0  0  0  0  0  0  0  1  1  0  1  1  0  0  1  0  1  1  0  0  1  1  1  0  1  1  0  1  1  0  0  0  1  0  0  1  0  1  0  1  0  1  0  1  0  1  0  0  1 -646.25       1    0.02
388  0  0  1  1  1  1  0  1  1  0  0  1  0  1  0  0  1  1  0  1  0  0  1  0  0  0  1  1  0  0  1  0  0  1  0  1  1  0  1  1  0  1  0  1  0  1  0  1  0  1 -646.25       1    0.04
424  0  1  1  1  1  0  0  0  1  1  0  1  0  1  1  0  1  0  0  0  1  1  1  0  1  0  0  1  0  0  1  0  0  1  1  0  0  0  1  1  0  0  0  1  1  1  0  1  0  1 -646.25       1    0.04
435  1  0  1  1  1  0  1  0  1  1  0  1  0  0  0  0  0  0  1  0  1  1  1  0  0  0  0  1  1  0  1  0  0  1  0  0  0  0  0  1  1  0  0  0  1  1  1  1  0  1 -646.25       1    0.04
478  0  1  1  0  0  1  1  0  1  1  0  1  0  1  0  0  0  1  0  1  0  1  1  1  0  0  1  1  1  0  1  0  1  1  0  0  0  0  1  1  1  0  0  1  1  1  0  1  0  1 -646.25       1     0.1
199  0  1  0  0  1  0  0  1  1  0  0  1  1  0  1  0  1  1  0  1  0  1  1  1  0  1  0  0  1  1  1  1  0  0  1  1  0  1  1  0  0  0  1  0  0  0  0  0  1  0  -646.0       1     0.0
200  1  0  0  1  0  0  1  0  1  1  0  1  0  0  1  1  0  0  1  1  0  1  1  1  0  1  0  0  0  1  1  0  0  0  1  1  0  0  1  0  1  0  1  0  0  0  0  0  0  1  -646.0       1     0.0
201  1  1  0  0  1  0  0  1  1  1  0  1  1  0  1  1  1  0  0  0  0  1  1  1  0  1  0  1  0  1  1  1  1  0  0  1  0  0  0  1  0  1  1  0  0  0  0  0  0  0  -646.0       1     0.0
350  0  1  1  1  0  1  0  0  1  1  0  1  0  1  0  0  1  1  0  1  1  1  0  1  0  0  1  1  0  1  1  0  0  1  1  1  1  0  0  0  0  0  0  1  0  1  0  1  0  1  -646.0       1    0.02
397  0  0  1  0  1  0  0  0  1  1  0  1  1  1  0  1  0  1  0  1  1  1  1  0  0  0  1  1  1  1  0  0  1  1  0  0  0  0  0  1  0  1  0  1  1  1  0  1  0  1  -646.0       1    0.04
436  0  1  1  0  1  1  0  1  1  0  1  0  0  1  0  1  1  1  0  1  0  1  0  0  0  0  1  1  0  0  1  0  1  1  0  0  0  0  1  1  0  1  0  1  1  1  0  1  0  1  -646.0       1    0.06
485  0  0  1  0  1  0  1  1  1  0  0  0  0  0  0  1  1  1  0  1  0  1  0  0  0  0  1  1  1  0  1  0  1  1  0  0  1  0  1  1  1  1  0  1  1  0  0  1  1  1  -646.0       1    0.08
488  1  0  1  0  1  1  1  1  1  1  0  1  0  0  0  0  1  1  0  1  0  1  1  0  0  0  0  1  0  0  1  0  1  1  0  0  1  0  1  1  0  1  0  1  1  1  0  1  0  0  -646.0       1     0.1
203  0  0  0  0  1  1  1  0  1  0  0  1  1  0  1  1  1  1  0  0  0  1  1  0  1  1  0  1  1  0  1  0  1  1  0  0  1  0  0  0  1  1  0  0  0  1  0  1  0  1 -645.25       1     0.0
204  1  0  1  0  1  0  0  0  1  1  0  1  0  1  1  0  1  1  0  0  0  1  1  0  0  0  0  1  0  1  1  0  0  1  0  1  0  0  1  1  0  0  1  1  1  1  1  1  0  0 -645.25       1     0.0
205  1  1  0  0  1  1  1  0  1  1  0  1  0  0  1  0  0  1  0  1  0  1  0  0  0  0  0  1  1  0  1  0  0  1  0  1  1  0  1  1  0  0  0  0  1  0  0  1  0  1 -645.25       1     0.0
206  1  0  1  0  1  1  1  0  1  0  0  0  1  1  0  1  1  0  1  0  0  1  1  0  0  0  0  1  1  1  1  0  1  1  0  1  1  0  0  0  0  0  1  1  0  0  0  1  0  1 -645.25       1     0.0
362  1  0  1  0  1  0  0  1  1  1  0  0  1  0  0  1  0  0  1  1  0  1  1  0  0  1  1  0  0  1  1  0  0  1  0  1  1  1  0  0  1  1  1  1  0  0  0  1  0  0 -645.25       1    0.02
363  0  1  1  1  0  1  1  0  0  0  1  0  0  0  0  0  1  1  0  1  0  1  0  0  0  1  1  1  1  0  1  0  1  0  1  0  1  0  1  1  0  0  1  1  0  1  0  1  0  1 -645.25       1    0.02
412  1  0  0  0  0  0  1  1  1  1  1  1  0  0  0  1  1  0  1  0  0  1  1  1  1  1  0  0  0  0  0  0  1  0  1  1  1  0  0  0  0  1  1  1  0  0  1  1  0  1 -645.25       1    0.04
473  0  1  0  0  1  1  1  0  1  0  0  1  0  1  1  0  0  0  0  1  1  1  1  0  1  0  1  0  1  1  0  0  0  1  0  0  0  0  0  0  0  0  0  1  1  1  0  1  1  1 -645.25       1    0.08
207  1  0  1  1  0  0  0  1  0  1  0  1  0  0  0  1  0  0  1  1  0  1  0  0  0  0  0  1  1  1  1  0  1  0  0  1  1  1  1  1  0  0  1  0  0  0  0  1  0  0  -645.0       1     0.0
208  0  0  0  0  0  0  1  1  1  1  1  0  0  1  1  1  1  0  0  0  0  1  1  0  1  0  0  1  1  1  0  0  1  0  1  0  1  0  1  0  1  1  1  0  0  0  1  0  0  1  -645.0       1     0.0
209  1  1  0  0  0  1  1  1  1  1  0  0  0  0  0  0  0  1  0  1  0  0  0  1  1  0  0  1  1  0  0  0  0  1  1  1  1  0  0  0  0  0  1  1  1  1  1  1  0  1  -645.0       1     0.0
344  0  1  1  0  1  1  1  1  1  0  0  1  0  0  1  1  1  1  0  0  0  1  1  1  0  0  0  0  0  1  1  1  1  0  0  0  0  0  1  0  0  1  1  1  1  1  0  1  0  0  -645.0       1    0.02
382  0  0  0  0  0  1  0  1  1  1  0  0  1  0  0  1  1  1  1  1  1  1  1  0  0  0  0  1  1  0  1  0  0  1  0  1  1  0  0  1  0  0  0  1  1  1  0  1  0  0  -645.0       1    0.02
444  1  0  0  0  1  0  1  1  1  1  1  1  1  1  0  1  1  0  1  0  0  1  1  0  1  0  0  0  0  1  0  0  1  0  1  1  1  1  1  0  0  0  1  1  0  0  0  0  0  1  -645.0       1    0.06
455  1  1  1  0  1  1  1  0  1  0  0  1  0  0  1  0  1  1  0  1  0  1  0  1  1  0  0  1  1  0  0  0  1  1  0  1  0  0  1  0  0  0  1  0  1  1  1  1  0  0  -645.0       1    0.06
462  0  1  1  0  1  1  1  1  1  0  1  0  0  0  0  0  1  1  0  1  0  1  0  0  0  0  0  1  0  1  1  0  1  1  1  0  1  0  1  1  1  0  1  1  1  0  0  1  1  1  -645.0       1    0.04
211  0  1  1  0  0  0  1  1  1  1  0  0  0  1  1  0  1  0  0  0  1  1  1  1  0  0  0  0  1  0  0  0  0  1  1  0  1  1  0  1  1  0  1  0  1  0  0  1  0  0 -644.25       1     0.0
212  1  0  0  0  0  1  1  0  0  1  0  1  0  0  1  1  1  0  0  1  0  1  1  1  1  0  1  1  1  0  1  0  1  1  0  1  1  0  0  1  1  0  1  1  0  0  0  1  0  1 -644.25       1     0.0
324  1  0  0  0  0  0  0  1  1  1  1  1  0  0  1  1  0  0  1  0  1  1  1  0  0  1  0  1  1  1  1  0  0  1  0  1  1  0  0  0  1  0  1  0  0  0  0  0  0  1 -644.25       1    0.02
411  1  0  1  0  1  0  1  0  1  1  0  1  1  1  1  0  1  1  0  0  0  1  0  0  0  0  0  1  1  0  1  0  1  1  0  0  0  0  1  0  1  1  0  1  1  1  0  1  0  0 -644.25       1    0.04
418  1  0  1  0  1  0  0  0  1  0  0  1  0  1  0  0  1  1  0  1  0  1  0  1  0  0  1  0  1  0  1  0  0  0  0  0  1  0  1  0  0  1  1  1  1  1  0  1  0  1 -644.25       1    0.04
443  0  1  1  0  1  1  1  0  1  0  1  1  0  1  0  0  0  1  0  1  0  1  0  1  1  0  1  1  1  0  1  0  0  1  0  0  1  0  1  1  1  1  0  1  0  1  0  1  0  0 -644.25       1    0.06
472  1  1  1  0  1  1  1  0  1  0  1  1  0  1  1  0  1  1  0  0  0  1  1  0  0  0  0  1  1  0  1  0  1  1  0  0  1  0  1  1  1  1  0  0  1  0  0  1  0  0 -644.25       1    0.08
213  0  0  0  0  1  1  1  1  1  1  0  0  0  0  0  0  1  1  0  0  0  1  1  1  0  1  1  0  1  1  1  0  0  1  1  1  1  1  0  0  1  0  0  0  0  1  0  0  0  1  -644.0       1     0.0
365  0  1  1  0  0  1  1  1  1  0  1  1  1  0  1  1  1  1  1  1  0  1  0  0  1  0  0  0  0  0  0  0  0  0  1  0  0  0  0  0  0  1  0  1  0  0  1  1  1  1  -644.0       1    0.02
417  0  0  0  0  1  0  1  0  0  1  0  0  0  1  1  0  1  1  1  0  1  1  0  0  1  0  1  1  0  0  1  0  0  1  0  0  0  0  1  1  1  0  0  1  0  1  1  0  0  1  -644.0       1    0.04
447  1  0  1  0  1  0  1  0  1  1  1  1  0  1  0  0  1  1  0  0  0  1  1  1  1  0  1  1  1  0  1  0  1  1  0  0  0  0  1  1  0  1  0  0  0  1  0  1  1  1  -644.0       1    0.06
214  1  0  1  0  0  1  1  0  1  1  1  1  0  0  0  0  0  1  0  0  0  1  1  0  1  0  1  1  1  0  1  0  0  1  1  0  0  0  0  1  0  1  0  1  1  1  0  1  0  1 -643.25       1     0.0
215  1  0  1  0  1  0  0  0  0  1  1  1  0  1  1  0  1  1  0  0  0  1  0  1  0  1  0  0  1  0  1  0  0  1  1  0  1  1  0  0  1  1  1  1  1  1  0  1  0  1 -643.25       1     0.0
357  0  0  1  0  1  0  1  1  1  0  0  1  0  1  0  1  1  1  0  1  0  1  1  0  0  0  1  1  0  0  1  0  0  1  1  0  0  0  0  0  0  0  0  1  1  1  0  1  0  1 -643.25       1    0.02
448  1  0  0  0  0  0  1  1  0  1  1  1  1  0  1  1  1  0  1  1  0  1  1  1  0  1  0  1  0  1  0  0  0  0  1  1  0  1  1  0  1  1  1  0  0  0  0  0  0  0 -643.25       1    0.06
471  0  1  1  1  1  1  0  1  1  1  0  0  0  1  0  0  0  1  0  1  1  1  0  1  0  0  0  1  0  0  1  0  1  1  0  0  1  0  0  1  1  1  0  1  1  1  0  1  0  1 -643.25       1     0.1
216  0  1  1  1  1  0  1  1  1  1  0  1  0  0  1  1  1  1  0  0  0  1  1  1  1  0  1  1  0  0  0  0  0  0  1  1  0  0  0  0  1  1  0  1  0  0  0  1  0  1  -643.0       1     0.0
217  0  0  1  1  0  1  1  0  1  1  0  1  1  0  0  0  1  1  0  0  1  1  1  0  1  0  0  1  1  0  0  0  1  1  1  0  1  0  1  1  1  0  0  1  0  0  0  1  0  1  -643.0       1     0.0
218  0  1  0  0  1  1  1  0  1  0  0  1  1  1  0  0  1  1  1  1  0  1  1  0  0  0  0  1  1  0  1  1  1  1  1  1  1  0  0  0  1  0  0  0  0  0  0  1  0  1  -643.0       1     0.0
219  1  0  0  0  1  0  1  1  1  0  1  0  1  0  1  1  0  0  0  0  0  0  0  0  0  0  0  0  1  0  1  0  1  1  0  1  1  0  1  1  0  1  1  0  0  1  1  1  1  1  -643.0       1     0.0
220  1  0  0  1  0  0  0  0  1  1  1  1  1  0  0  1  0  0  1  1  0  1  1  0  1  0  1  0  1  0  1  0  1  0  1  0  1  0  0  0  1  1  1  0  1  0  0  0  0  1  -643.0       1     0.0
352  1  0  0  0  0  0  1  1  1  1  0  1  0  0  0  1  1  0  1  1  0  1  1  1  1  1  1  1  0  0  0  0  0  0  1  1  1  1  1  0  1  0  1  0  0  0  0  0  0  0  -643.0       1    0.02
337  1  0  0  0  0  0  1  1  1  1  1  1  0  1  0  1  0  0  1  0  0  1  0  0  1  1  0  0  1  1  1  0  0  1  1  1  1  1  1  0  1  0  1  0  0  0  1  0  0  0 -642.25       1    0.02
356  0  1  1  1  0  0  1  0  1  1  0  1  1  0  0  0  1  1  0  1  1  1  0  0  1  0  1  1  1  0  0  0  1  1  0  1  0  0  0  0  1  0  0  1  1  1  1  1  1  0 -642.25       1    0.02
469  0  1  1  0  0  1  1  0  1  1  0  1  0  0  0  0  1  0  0  1  0  1  1  0  0  0  1  1  1  0  1  0  1  1  0  0  0  0  0  1  1  1  0  1  0  0  0  1  1  0 -642.25       1    0.08
226  1  1  0  0  0  0  1  0  1  1  0  1  0  1  0  1  0  0  0  0  0  1  0  1  0  1  1  1  1  0  1  1  0  0  0  1  0  1  1  0  0  1  1  0  0  0  0  1  0  0  -642.0       1     0.0
399  0  1  1  0  1  1  1  1  1  1  0  1  0  0  0  1  0  1  0  1  0  1  0  1  0  0  0  1  1  0  1  0  0  1  1  0  1  0  0  1  1  1  0  1  1  1  0  1  0  1  -642.0       1    0.04
425  1  0  1  0  0  0  1  0  1  0  0  1  0  0  0  0  0  0  0  0  0  1  0  0  1  0  0  1  1  0  1  0  1  1  0  1  0  1  1  1  1  0  0  1  1  1  0  1  0  1  -642.0       1    0.04
466  0  1  1  1  0  0  1  1  1  0  0  1  0  0  0  0  0  1  0  0  1  1  0  1  1  0  0  1  1  0  1  0  1  1  0  1  1  0  1  1  1  1  0  1  0  0  0  1  0  1  -642.0       1    0.06
348  0  1  1  1  0  1  1  1  1  1  0  0  0  1  1  0  1  1  0  1  1  1  0  0  0  0  0  1  1  0  1  0  1  1  0  1  1  0  0  1  0  0  0  1  0  1  0  1  0  1 -641.25       1    0.02
474  1  1  1  1  1  1  1  0  1  0  0  1  0  0  1  1  1  1  0  1  0  1  0  0  0  0  1  1  0  0  1  0  0  1  0  1  1  0  0  1  1  0  0  1  1  0  1  1  1  1 -641.25       1    0.08
230  1  1  0  0  0  1  0  0  1  1  0  0  1  1  0  1  0  1  0  1  1  1  0  1  0  1  1  1  1  1  1  0  1  1  1  1  0  0  1  0  0  0  1  0  0  0  1  1  0  1  -641.0       1     0.0
231  0  0  1  0  1  0  1  0  1  1  0  0  1  0  0  1  0  1  0  1  0  1  0  1  0  0  1  1  1  0  1  1  0  1  0  0  1  0  0  1  0  1  0  1  1  0  0  1  0  1  -641.0       1     0.0
232  0  1  1  1  0  0  1  0  1  1  0  1  1  0  0  1  0  1  1  1  0  1  1  0  0  0  0  1  0  0  1  0  1  1  1  0  1  0  0  0  1  1  0  1  1  1  0  0  0  1  -641.0       1     0.0
465  1  0  0  0  0  1  0  0  0  1  1  1  1  0  1  1  0  0  1  0  0  0  0  0  1  0  1  0  1  0  0  1  0  1  1  1  1  1  1  0  1  0  1  0  1  0  0  1  0  1  -641.0       1    0.08
475  0  0  0  0  1  0  1  1  1  1  1  1  1  0  0  0  1  0  0  0  0  1  1  1  1  0  0  0  1  1  0  0  0  0  1  1  1  0  1  0  1  0  1  0  0  0  0  0  0  1  -641.0       1    0.08
476  0  0  1  1  1  1  0  0  1  0  0  0  0  1  1  0  1  1  0  0  1  1  0  1  0  0  0  1  1  0  1  0  0  1  0  0  1  0  1  1  1  1  0  1  1  1  0  1  0  1  -641.0       1     0.1
479  1  0  0  0  0  0  1  1  1  1  1  1  1  0  1  1  1  0  0  0  1  0  0  0  1  1  0  0  1  1  0  1  0  0  1  1  1  1  1  0  1  0  1  0  0  0  0  1  0  1  -641.0       1    0.12
496  1  1  1  0  0  0  0  0  1  0  1  0  0  0  0  1  1  1  1  1  1  1  0  0  0  0  0  1  0  1  1  0  1  1  1  1  1  0  1  0  0  1  0  0  1  1  0  0  0  1 -640.25       1    0.08
379  0  1  1  0  0  1  1  0  1  1  0  0  0  1  1  1  1  0  0  1  0  1  0  0  1  0  0  1  0  0  1  0  1  1  1  1  0  0  0  1  1  1  0  1  0  1  0  1  0  1  -640.0       1    0.02
247  1  1  0  1  1  1  0  1  1  0  0  0  0  1  1  0  1  1  0  0  1  0  0  0  1  1  0  1  1  0  1  0  0  1  1  1  1  0  1  1  0  1  0  0  1  0  0  1  0  1 -639.25       1     0.0
250  1  0  1  1  1  0  1  0  1  1  1  1  0  0  0  0  0  1  0  1  0  1  1  0  0  0  1  0  1  0  0  0  1  1  1  0  1  0  0  0  0  1  1  0  1  1  0  1  0  0  -639.0       1     0.0
251  0  1  1  0  1  1  1  1  0  0  0  1  1  0  0  1  0  1  0  1  0  1  1  1  0  0  1  1  1  1  0  0  0  0  1  1  1  0  0  1  0  1  0  0  0  0  0  1  0  0  -639.0       1     0.0
252  0  0  0  1  1  0  0  1  1  0  0  1  1  0  0  1  0  1  0  1  0  1  1  0  0  0  0  1  0  1  0  1  0  0  1  1  1  1  0  0  1  0  1  0  1  0  1  0  0  0  -639.0       1     0.0
383  1  0  1  1  0  0  0  1  1  0  0  1  1  0  0  1  1  0  1  0  0  1  1  1  1  1  1  1  1  0  0  1  0  0  1  1  0  0  1  1  1  0  1  0  0  0  0  1  0  0  -639.0       1    0.02
347  1  0  1  1  0  0  0  1  0  1  0  1  1  0  1  1  0  0  1  1  0  0  0  0  0  1  1  0  1  1  0  0  0  0  1  0  1  1  0  0  1  0  1  1  0  1  1  0  1  1 -638.25       1    0.02
482  0  0  1  0  1  1  1  0  1  1  0  1  0  1  1  0  1  0  0  1  1  1  0  0  1  0  1  1  0  0  0  0  1  1  0  0  0  0  0  0  1  0  0  0  1  1  0  1  0  1 -638.25       1    0.08
256  1  1  0  0  1  0  1  0  1  1  0  0  1  1  0  0  1  1  0  1  1  1  0  0  0  0  0  1  1  0  1  0  1  0  0  0  1  0  0  0  1  1  0  1  0  1  0  1  0  1  -638.0       1     0.0
491  1  0  0  0  0  0  1  1  1  1  0  0  1  0  0  1  1  0  0  0  0  1  1  0  1  1  1  0  0  1  0  1  1  0  1  1  1  1  0  0  1  0  0  0  1  0  1  1  0  0  -638.0       1     0.1
497  1  0  0  0  0  0  0  0  0  1  0  1  1  0  1  1  1  0  1  0  0  1  1  1  1  1  1  1  1  1  0  1  0  0  0  1  1  1  1  0  1  0  1  0  0  0  1  0  0  1  -638.0       1    0.14
437  1  0  1  0  0  0  1  1  1  1  0  1  0  0  1  1  0  0  0  0  1  1  1  1  1  1  0  0  1  1  1  0  0  0  1  1  0  0  1  0  0  1  1  1  0  1  0  0  0  0 -637.25       1    0.04
454  0  0  1  0  1  1  1  0  1  0  1  1  1  1  1  1  1  1  0  1  0  1  0  0  0  0  1  1  0  0  0  0  1  1  1  0  0  0  0  1  1  1  0  0  1  1  0  0  0  1  -637.0       1    0.04
439  1  1  0  0  0  0  1  1  1  1  1  1  1  1  1  1  1  0  0  0  1  1  0  1  0  1  0  1  0  1  1  0  0  0  0  1  1  1  1  0  0  1  1  0  0  0  0  1  0  0 -636.25       1    0.04
387  0  0  1  1  0  0  1  1  0  0  1  0  0  1  1  1  1  0  0  1  0  0  1  1  1  1  0  1  1  1  0  1  0  1  1  1  1  0  0  0  1  0  1  0  0  0  0  1  0  1  -636.0       1    0.02
493  0  1  1  0  1  1  1  1  1  1  0  1  0  0  0  1  1  1  0  1  0  1  0  0  1  0  1  1  0  0  1  0  1  1  0  0  1  0  1  1  0  1  0  1  1  1  0  1  1  1  -636.0       1    0.12
460  0  1  1  1  0  1  0  0  1  0  0  0  0  1  0  0  1  1  0  1  1  1  1  0  1  0  1  1  1  0  1  0  0  1  0  0  1  0  1  1  1  1  0  1  0  1  0  1  1  1  -635.0       1    0.08
459  0  0  1  0  0  1  1  0  1  0  1  1  1  0  0  0  1  1  1  1  0  1  1  0  1  0  1  1  1  0  1  0  0  1  0  0  1  0  0  1  1  1  0  1  1  1  0  1  0  0 -631.25       1    0.06
['BINARY', 500 rows, 500 samples, 50 variables]Valid partition found with 101 cut edges
Solution:  [1, 1, 1, 0, 0, 0, 1, 1, 1, 1, 0, 1, 0, 0, 0, 0, 0, 1, 0, 0, 0, 1, 0, 1, 1, 0, 1, 0, 1, 1, 1, 0, 0, 1, 1, 1, 0, 0, 0, 0, 1, 0, 0, 0, 1, 1, 0, 1, 1, 1]