--------------- DW_2000Q_6 ---------------
     0  1  2  3  4  5  6  7  8  9 10 11 12 13 14 15 16 17 18 19 20 21 22 23 24 25 26 27 28 29 30 31 32 33 34 35 36 37 38 39  energy num_oc. chain_.
0    0  0  0  1  1  1  1  1  0  1  1  0  1  1  0  1  0  0  1  1  0  1  0  0  0  1  1  1  1  1  0  0  0  1  1  0  0  0  0  0  -356.0       1     0.0
1    0  0  0  0  1  0  0  0  1  1  0  0  1  0  1  0  1  0  0  1  1  1  1  1  0  1  1  0  1  1  1  1  0  1  1  1  0  0  1  0 -352.75       1     0.0
2    0  1  1  1  1  0  0  0  1  1  0  0  1  0  1  0  1  0  0  1  1  0  1  1  0  0  1  0  1  0  1  0  0  0  0  1  1  1  1  0  -351.0       1     0.0
3    0  0  1  0  0  0  0  0  1  1  0  0  1  1  0  0  1  1  0  1  1  1  1  1  1  0  1  0  0  0  0  0  1  1  1  1  0  0  1  0 -350.75       1     0.0
4    0  0  0  0  1  0  0  0  1  1  0  0  1  0  1  0  1  0  0  1  1  1  1  0  0  0  1  0  1  0  1  0  1  1  1  1  0  1  1  0 -350.75       1     0.0
293  1  0  1  1  0  1  0  1  1  1  0  0  1  1  0  0  1  0  1  0  0  1  0  0  1  0  0  0  0  0  1  0  1  1  1  1  0  1  1  1 -349.75       1   0.025
5    1  0  0  1  1  1  1  0  0  1  0  0  1  1  1  1  0  0  1  0  0  1  0  0  0  1  1  1  1  0  0  0  0  0  1  1  0  1  0  0 -348.75       1     0.0
6    0  0  1  0  1  0  0  0  1  1  0  0  1  0  1  0  1  0  0  0  1  1  1  0  0  0  1  0  1  0  1  0  1  1  1  1  0  1  1  1  -348.0       1     0.0
311  0  1  1  0  1  1  0  0  1  1  0  0  1  0  0  0  1  0  0  1  1  1  1  1  0  1  1  0  1  0  1  0  0  0  0  1  1  0  1  0  -348.0       1    0.05
7    1  0  0  1  0  1  1  1  0  0  1  0  1  1  0  1  0  0  1  0  0  1  0  1  0  1  0  1  1  1  0  1  0  1  1  0  0  1  0  1 -347.75       1     0.0
381  0  1  1  0  1  1  0  0  1  1  0  0  1  0  1  0  0  0  0  1  0  1  1  0  0  1  1  1  1  0  0  0  0  0  1  1  1  0  1  0 -347.75       1    0.05
8    1  1  0  1  0  1  1  1  0  1  0  0  1  0  1  1  0  0  1  1  0  1  0  0  0  1  0  1  1  0  1  0  1  0  0  1  1  0  0  0  -347.0       1     0.0
233  0  1  0  1  1  1  1  1  0  1  0  0  1  0  1  0  0  1  1  1  0  1  0  0  0  1  1  1  0  0  0  0  0  0  1  0  1  0  0  0  -347.0       1   0.025
9    0  1  0  0  1  0  0  0  1  1  0  1  1  0  0  0  1  0  0  0  1  1  1  1  1  0  1  0  1  0  1  1  1  0  0  1  0  0  1  0 -346.75       1     0.0
10   0  1  0  0  1  0  0  0  1  1  0  0  1  0  1  0  1  0  0  0  1  1  1  1  0  0  1  0  1  0  1  0  1  0  0  1  1  1  1  0 -346.75       1     0.0
11   0  0  1  0  0  0  0  0  1  1  0  0  1  0  0  0  1  0  1  1  1  1  1  1  0  1  1  0  1  0  0  0  0  1  1  1  0  1  1  0 -346.75       1     0.0
12   0  0  0  0  1  0  0  0  1  1  0  0  1  0  1  0  1  0  0  0  1  1  1  0  0  1  1  1  1  0  1  1  1  1  0  1  0  0  1  0 -346.75       1     0.0
190  0  0  1  1  0  1  1  0  1  0  1  0  1  1  0  0  0  0  1  1  0  0  0  0  1  1  1  1  0  1  0  0  0  1  1  0  0  1  0  1 -346.75       1   0.025
207  0  1  0  0  1  0  0  0  1  1  0  0  1  0  0  0  1  0  0  1  1  1  1  1  0  1  1  0  1  1  1  0  0  1  1  1  1  0  1  0 -346.75       1   0.025
13   0  1  0  1  0  1  1  1  0  0  1  0  1  1  0  1  1  1  1  0  0  1  0  0  1  1  0  0  0  0  0  0  1  1  1  0  0  1  0  1  -346.0       1     0.0
14   1  1  0  0  1  1  0  0  0  1  0  0  1  0  1  0  1  1  0  0  1  0  1  1  0  0  1  1  0  1  1  0  0  0  1  1  1  0  1  0  -346.0       1     0.0
15   0  0  0  1  1  1  1  0  1  1  0  0  1  0  1  0  0  0  1  1  0  1  1  0  0  1  1  1  1  1  1  0  0  0  1  0  1  0  0  0  -346.0       1     0.0
16   0  0  1  1  0  1  1  1  0  0  1  0  0  1  1  0  1  0  1  1  0  0  0  0  0  1  1  1  1  1  0  1  0  1  0  0  0  1  1  0  -346.0       1     0.0
17   1  1  0  1  1  0  0  1  1  0  0  1  0  1  1  0  0  0  1  0  1  0  1  1  1  1  1  0  0  0  1  1  1  0  0  0  0  0  0  1  -346.0       1     0.0
18   1  1  0  1  1  0  1  1  0  1  1  0  1  1  1  0  0  0  1  1  1  1  0  0  0  1  1  1  0  0  0  0  0  0  0  0  0  0  0  1 -345.75       1     0.0
19   0  0  0  1  1  1  0  1  1  0  0  1  1  1  0  1  1  0  0  0  1  1  0  0  1  0  0  0  0  0  1  0  1  1  1  1  0  1  1  1 -345.75       1     0.0
20   0  0  0  0  1  1  0  0  1  1  0  0  1  0  1  0  1  0  0  1  1  1  0  1  0  1  1  1  1  1  1  0  0  0  1  1  1  0  1  0 -345.75       1     0.0
21   0  1  0  1  1  1  1  1  0  1  0  0  1  1  1  0  1  1  1  0  1  1  0  0  0  1  1  1  0  0  0  0  0  0  0  0  0  1  0  0 -345.75       1     0.0
22   0  1  1  0  0  1  0  0  1  1  0  0  1  0  0  0  1  0  0  1  1  1  1  1  0  1  1  0  1  0  1  0  0  1  1  1  1  0  1  0 -345.75       1     0.0
23   0  0  0  1  1  1  1  1  0  1  0  0  1  0  1  0  0  1  1  0  0  1  0  0  0  1  1  1  0  0  0  0  0  0  0  1  0  1  1  0 -345.75       1     0.0
24   0  0  0  1  0  1  1  1  0  0  1  0  1  1  1  1  1  1  1  0  0  0  0  0  0  0  0  1  0  1  0  0  1  1  1  1  1  1  0  1 -345.75       1     0.0
25   0  0  0  1  1  1  0  0  1  0  0  0  1  0  1  0  1  0  0  1  0  1  0  0  0  1  1  0  1  0  1  0  1  1  1  1  0  1  1  0 -345.75       1     0.0
157  0  0  1  1  0  1  1  1  0  0  1  0  1  1  0  1  1  1  0  0  0  0  0  0  1  0  0  1  0  1  0  1  1  1  1  1  0  1  0  1 -345.75       1   0.025
264  1  1  0  1  1  1  0  0  0  1  0  0  1  1  1  0  1  0  1  1  1  1  1  1  0  1  1  1  0  1  0  0  0  0  1  0  0  0  0  0 -345.75       1   0.025
274  0  0  1  0  1  1  0  0  1  1  0  1  0  0  1  0  0  0  1  1  1  0  1  1  0  1  1  1  1  1  1  1  0  0  0  0  1  0  1  0 -345.75       1   0.025
296  0  1  0  0  1  1  0  0  1  1  0  0  1  0  1  1  1  0  0  0  0  1  1  0  0  1  1  0  1  0  1  0  1  1  1  1  1  0  1  0 -345.75       1   0.025
326  0  0  0  0  0  1  0  0  1  1  0  0  1  0  1  0  1  0  1  0  0  1  1  0  0  0  1  1  1  0  1  0  1  1  1  1  0  1  1  0 -345.75       1   0.025
26   0  1  0  1  1  1  0  0  0  1  1  0  1  0  1  1  1  0  0  1  0  1  0  0  0  0  1  0  1  0  1  0  1  0  1  1  0  1  1  0  -345.0       1     0.0
27   0  0  0  0  1  1  0  0  1  1  0  0  1  0  0  0  1  0  0  1  1  1  1  1  0  1  1  0  0  1  1  0  1  1  0  1  0  1  1  0  -345.0       1     0.0
174  1  0  1  1  0  0  1  1  0  0  1  1  0  1  0  1  1  1  1  0  0  0  0  0  1  0  0  1  0  1  1  1  1  0  0  0  0  1  0  1  -345.0       1   0.025
209  1  0  0  1  1  0  1  0  0  0  1  1  1  1  0  1  1  0  1  1  0  1  0  0  0  1  1  1  1  1  0  0  1  1  1  0  0  0  0  1  -345.0       1   0.025
291  0  0  0  0  1  1  0  0  0  1  0  1  1  0  1  0  1  0  1  1  0  1  0  0  0  1  1  1  1  0  1  0  1  0  1  1  1  0  1  0  -345.0       1   0.025
316  0  0  1  0  0  0  0  0  1  0  0  0  1  0  1  1  1  0  0  1  1  1  1  1  0  1  1  0  1  0  0  0  1  1  1  1  0  1  1  0  -345.0       1   0.025
28   0  0  1  0  0  1  0  1  1  1  0  0  1  1  1  0  1  1  1  0  0  1  0  0  0  1  1  1  1  0  0  0  1  1  1  1  0  0  1  0 -344.75       1     0.0
29   0  0  0  0  0  1  0  0  1  0  0  0  1  0  1  0  1  0  0  0  1  1  1  0  1  0  1  0  0  1  1  1  1  1  1  1  0  1  1  0 -344.75       1     0.0
30   0  0  0  1  0  1  1  0  0  0  1  0  1  1  1  0  1  1  0  0  0  0  0  0  0  1  1  1  0  1  1  0  1  1  1  0  0  1  1  0 -344.75       1     0.0
180  0  1  1  0  1  1  0  0  0  1  1  0  1  0  0  0  1  0  0  1  1  1  1  1  0  0  1  0  1  0  0  0  0  0  0  1  1  1  1  0 -344.75       1   0.025
313  0  1  1  0  1  0  0  0  1  1  0  0  1  1  1  0  1  1  1  1  1  1  1  1  0  1  1  0  0  0  0  0  0  0  1  1  0  0  1  0 -344.75       1   0.025
389  0  1  1  0  1  1  0  0  1  1  0  0  1  0  1  0  1  1  0  0  1  1  1  1  0  0  1  1  1  0  1  1  0  0  0  1  0  0  1  0 -344.75       1    0.05
31   0  1  1  0  0  0  0  0  1  1  0  0  1  1  1  0  1  1  1  1  1  0  1  1  0  0  1  0  0  0  1  0  0  0  0  1  1  1  1  0  -344.0       1     0.0
32   0  0  1  1  1  1  1  1  0  0  1  0  1  1  1  1  0  1  1  0  0  1  0  0  0  0  1  1  0  0  0  0  1  1  1  1  0  1  0  1  -344.0       1     0.0
33   1  1  0  0  1  0  0  1  0  1  1  0  1  1  0  0  1  0  0  1  1  0  1  1  0  1  1  1  0  1  0  0  0  1  1  1  0  0  0  0  -344.0       1     0.0
34   0  0  1  1  0  1  1  1  1  0  0  0  0  1  1  1  1  1  1  0  0  1  0  0  1  1  0  1  1  0  0  0  0  0  0  1  0  1  1  0  -344.0       1     0.0
35   0  1  1  0  0  0  0  0  1  1  0  0  0  0  0  0  1  0  0  1  1  1  1  1  0  1  1  0  1  1  1  1  0  1  1  1  1  0  0  0  -344.0       1     0.0
36   0  0  1  0  1  0  0  0  1  1  0  0  0  0  1  0  1  0  0  1  0  1  1  1  0  1  1  0  1  0  1  0  0  1  1  1  1  1  1  0  -344.0       1     0.0
37   0  0  0  1  1  0  1  0  0  0  1  1  1  1  0  1  0  0  0  0  0  0  1  0  1  0  0  1  1  1  1  1  1  1  1  1  0  0  0  1  -344.0       1     0.0
38   1  1  1  0  1  0  0  1  0  1  0  0  1  0  0  0  1  0  0  1  1  1  1  1  0  1  1  0  1  0  1  0  0  0  0  1  1  0  1  0  -344.0       1     0.0
39   0  1  0  0  1  0  0  0  1  1  0  0  0  0  1  0  1  1  0  1  1  0  1  1  1  1  1  0  0  1  1  0  1  0  1  1  0  0  1  0  -344.0       1     0.0
40   0  1  0  0  1  1  0  0  1  1  0  0  1  0  0  0  0  0  0  1  1  1  1  1  0  1  1  1  1  1  1  0  0  1  0  1  0  0  1  0  -344.0       1     0.0
208  0  0  0  1  1  0  0  1  0  0  1  1  1  1  1  1  1  1  1  0  1  0  0  0  1  0  0  1  0  0  0  1  1  0  0  1  0  1  0  1  -344.0       1   0.025
259  0  0  0  1  0  1  1  0  0  0  1  1  1  1  1  1  1  1  0  0  0  1  0  0  1  0  0  1  0  0  0  0  1  0  1  1  0  1  1  1  -344.0       1   0.025
314  0  1  0  1  1  0  0  0  1  1  0  0  1  0  1  0  1  0  0  1  1  0  1  1  0  1  1  0  1  0  1  0  0  1  0  1  1  0  1  0  -344.0       1   0.025
398  1  1  0  1  1  1  1  0  0  1  1  0  1  0  1  0  0  1  1  0  0  0  1  1  0  0  1  1  1  0  1  0  0  0  1  0  1  0  0  0  -344.0       1    0.05
404  0  1  0  0  1  1  0  0  1  1  0  0  1  0  1  0  1  0  0  1  1  1  1  1  0  1  1  1  1  0  1  0  0  0  0  0  1  0  1  0  -344.0       1    0.05
41   0  1  1  0  1  1  0  0  0  1  0  0  1  1  1  0  1  1  0  0  1  1  1  1  0  1  1  1  0  0  0  0  0  0  1  1  0  0  0  0 -343.75       1     0.0
42   0  0  0  0  0  1  1  0  1  1  0  0  1  0  0  1  1  0  0  1  0  1  0  0  1  1  1  0  1  0  0  0  1  1  1  1  0  1  1  0 -343.75       1     0.0
43   0  0  0  0  1  1  0  0  0  1  0  0  1  0  1  0  1  0  0  1  1  1  1  1  0  1  1  0  1  0  1  0  1  1  1  1  0  1  1  0 -343.75       1     0.0
312  0  0  0  1  0  1  1  1  0  1  0  0  1  1  1  0  1  1  1  0  0  1  0  0  1  1  0  1  0  1  1  0  1  0  1  1  0  1  0  0 -343.75       1   0.025
422  0  1  1  0  1  1  0  0  1  1  0  0  1  0  1  0  0  0  0  1  1  1  1  1  0  1  1  1  1  0  1  0  0  0  1  1  0  0  1  0 -343.75       1    0.05
44   0  0  1  0  1  1  0  1  1  1  0  0  1  1  1  0  1  1  1  0  0  1  0  0  0  0  1  0  1  0  1  0  1  0  1  1  1  1  1  0  -343.0       1     0.0
45   0  0  1  0  1  1  0  0  1  1  0  0  1  0  0  0  1  1  0  1  0  0  0  0  0  0  1  1  1  0  1  0  1  0  0  1  1  1  1  0  -343.0       1     0.0
46   0  0  0  1  0  1  1  0  0  0  0  0  1  1  1  1  1  0  1  0  0  1  0  0  0  1  1  1  0  1  0  1  1  1  1  1  0  1  0  0  -343.0       1     0.0
47   0  1  0  1  0  1  1  1  0  0  1  0  1  1  1  1  1  0  1  1  0  1  0  0  0  1  1  1  1  1  0  0  0  0  0  0  0  1  0  0  -343.0       1     0.0
48   0  0  0  1  0  1  1  1  1  1  0  0  1  1  1  1  1  0  1  0  0  1  0  0  1  1  1  1  0  0  0  0  1  0  0  1  0  1  0  0  -343.0       1     0.0
49   0  0  0  0  0  0  0  0  0  1  0  0  1  1  0  0  1  0  0  1  1  1  1  1  1  0  1  0  0  1  0  0  1  1  1  1  0  1  1  0  -343.0       1     0.0
50   0  0  1  0  0  1  0  1  1  0  0  0  1  1  1  1  1  1  0  0  1  1  0  0  1  0  1  0  0  0  0  1  1  0  1  1  1  0  1  0  -343.0       1     0.0
51   0  1  1  0  1  1  0  0  1  1  0  0  1  0  0  0  1  1  1  0  1  1  1  0  0  1  1  0  1  0  0  0  0  0  1  1  1  0  1  0  -343.0       1     0.0
52   0  0  0  1  1  1  1  0  0  1  1  0  1  0  1  1  0  0  1  0  0  1  0  0  0  1  1  1  1  1  0  0  1  1  0  0  1  1  0  0  -343.0       1     0.0
53   0  1  1  0  1  0  0  0  0  1  1  0  1  0  1  0  1  0  0  1  1  1  1  1  0  1  1  0  0  0  1  0  0  1  0  1  0  1  1  0  -343.0       1     0.0
54   1  0  1  1  0  1  1  1  0  0  1  0  1  1  1  1  1  1  1  0  1  1  0  0  1  0  0  1  0  0  0  0  0  0  1  1  0  0  0  1 -342.75       1     0.0
55   0  0  0  1  0  1  0  1  0  0  1  0  1  1  1  1  1  0  1  1  1  1  0  0  0  1  1  1  0  0  0  0  0  0  1  1  0  1  0  0 -342.75       1     0.0
56   0  0  0  1  1  1  1  0  0  1  0  1  1  0  1  0  1  0  0  1  1  1  1  0  0  1  1  1  1  1  1  0  0  0  1  1  0  0  0  0 -342.75       1     0.0
57   1  0  0  0  0  0  0  1  0  0  1  0  1  1  0  1  1  0  0  0  1  1  1  0  1  0  0  0  1  0  1  0  1  1  1  1  1  1  0  0 -342.75       1     0.0
58   0  1  0  0  0  1  0  0  1  1  0  0  1  0  1  0  1  1  0  1  1  1  0  0  0  1  1  1  1  0  1  0  1  0  1  1  1  0  1  0 -342.75       1     0.0
59   0  1  0  0  0  1  0  0  1  1  0  0  1  0  1  0  1  0  0  0  0  1  1  0  0  1  1  0  1  0  1  0  1  0  1  1  1  1  1  0 -342.75       1     0.0
60   0  0  1  0  0  0  0  0  1  0  0  0  1  0  0  0  1  0  1  1  1  1  1  0  0  0  1  0  1  0  1  0  1  1  1  1  1  1  1  0 -342.75       1     0.0
234  1  0  0  0  0  1  1  0  1  1  0  0  1  0  1  0  0  0  1  1  1  1  1  0  0  1  1  1  1  0  0  0  0  1  1  0  0  0  1  0 -342.75       1   0.025
265  0  0  1  1  1  1  1  1  0  0  1  0  1  1  1  1  0  1  1  0  0  0  0  0  1  1  1  1  0  0  0  0  1  0  0  1  0  1  0  1 -342.75       1   0.025
307  0  0  0  1  0  1  1  1  0  1  0  0  1  1  1  1  1  0  0  1  0  1  1  0  0  1  1  1  0  1  0  1  1  1  1  0  0  0  0  0 -342.75       1   0.025
346  0  1  1  0  1  0  0  0  1  1  1  0  1  0  1  0  1  1  1  0  0  0  0  1  0  0  1  1  1  0  1  0  0  0  0  1  1  0  1  0 -342.75       1   0.025
61   0  0  0  0  0  1  0  1  1  0  0  0  1  1  1  0  1  1  1  0  0  1  0  0  1  1  1  1  0  0  0  0  1  0  1  1  0  1  0  0  -342.0       1     0.0
62   1  1  0  1  0  1  1  1  0  0  1  0  1  1  0  1  0  0  1  1  0  1  0  1  0  1  0  1  0  0  0  1  1  1  1  0  0  1  0  1  -342.0       1     0.0
63   0  0  1  0  0  1  1  1  1  1  1  0  1  1  0  1  1  1  0  0  1  1  0  0  0  0  1  1  0  0  0  0  1  0  1  1  0  1  0  0  -342.0       1     0.0
64   0  1  0  0  1  1  0  0  1  1  0  0  1  0  1  0  1  1  1  0  0  1  1  0  0  0  1  0  0  1  1  0  0  1  1  1  1  0  1  0  -342.0       1     0.0
65   0  0  1  0  0  0  0  1  1  0  0  0  1  0  0  0  1  0  1  0  1  1  1  0  1  0  1  0  1  0  1  1  1  1  1  1  1  0  1  0  -342.0       1     0.0
66   0  1  0  0  1  0  0  0  0  1  0  0  1  0  0  1  1  0  0  0  1  1  1  0  1  0  1  0  1  0  1  0  1  1  0  1  0  0  1  1  -342.0       1     0.0
67   0  1  1  1  1  1  0  0  1  1  0  0  1  0  1  0  0  1  0  1  1  0  1  1  0  1  1  1  1  0  1  0  0  0  0  0  0  0  1  0  -342.0       1     0.0
68   0  1  0  0  0  0  0  0  0  1  1  0  1  0  1  0  1  1  0  1  0  1  1  0  0  1  1  1  1  1  0  1  0  1  0  1  1  0  1  0  -342.0       1     0.0
270  0  1  0  0  1  1  1  0  0  1  0  0  1  0  1  0  0  1  1  1  0  1  0  0  0  1  1  1  1  0  1  0  0  0  0  0  1  0  1  0  -342.0       1   0.025
273  0  0  0  0  1  1  0  0  1  1  0  0  1  0  1  0  1  1  0  0  1  1  1  0  0  1  1  0  1  1  1  0  0  0  1  1  1  0  1  0  -342.0       1   0.025
430  0  1  0  0  1  1  0  0  1  1  0  0  1  0  1  1  1  0  1  0  1  1  1  0  0  0  1  0  1  0  1  0  0  0  1  1  1  0  1  0  -342.0       1    0.05
69   0  0  0  1  0  0  1  1  0  0  0  1  1  1  1  1  1  0  1  1  0  1  0  0  0  1  1  1  0  1  0  1  0  1  0  0  0  1  0  0 -341.75       1     0.0
70   1  0  0  1  0  0  1  1  0  1  1  0  1  1  0  1  0  1  0  0  0  0  0  0  1  0  1  1  0  1  0  0  1  1  1  1  0  0  0  1 -341.75       1     0.0
71   0  1  1  1  1  1  0  0  1  1  1  0  1  0  0  0  0  0  0  1  1  0  0  0  0  1  1  1  1  0  1  0  0  0  0  1  1  1  1  1 -341.75       1     0.0
72   0  0  0  0  1  1  0  0  1  1  0  1  1  0  1  0  0  0  1  1  1  1  1  0  0  1  1  1  1  0  0  0  0  0  1  0  1  0  1  0 -341.75       1     0.0
73   0  0  0  1  1  0  1  1  0  1  0  0  1  0  1  0  1  1  1  1  0  0  0  0  0  1  1  1  1  0  1  0  0  0  0  1  0  1  1  0 -341.75       1     0.0
74   0  0  0  0  1  0  0  0  1  1  0  0  1  0  0  0  1  0  0  0  1  1  1  0  0  1  1  0  1  0  1  0  1  1  1  1  0  1  1  1 -341.75       1     0.0
75   0  0  1  0  0  1  0  0  1  1  0  0  1  0  0  1  1  0  1  0  0  1  0  0  0  1  1  1  1  0  0  0  1  1  1  1  1  1  1  1 -341.75       1     0.0
232  0  0  1  0  1  1  0  0  1  1  0  0  1  0  1  0  0  0  1  1  0  1  1  0  0  1  1  1  1  0  1  0  0  0  0  0  1  1  1  0 -341.75       1   0.025
244  0  1  0  0  1  0  1  0  1  1  1  0  1  0  1  0  1  0  0  1  1  1  1  1  0  1  1  1  1  0  1  0  0  1  0  0  0  0  1  0 -341.75       1   0.025
285  0  1  1  0  0  0  0  0  1  1  0  0  1  0  1  0  1  0  0  1  1  1  1  1  0  1  1  1  1  1  1  0  0  0  0  0  0  0  1  0 -341.75       1   0.025
303  0  0  0  0  1  1  0  0  1  1  1  0  1  0  1  0  1  1  1  0  0  1  0  0  0  1  1  0  1  0  1  0  0  0  0  1  1  1  1  0 -341.75       1   0.025
309  1  0  0  1  0  0  1  1  0  0  1  1  1  1  0  1  1  0  1  0  0  0  0  0  1  0  1  1  0  0  0  0  1  0  1  1  0  1  0  1 -341.75       1   0.025
321  0  0  0  1  1  1  0  0  1  1  0  0  1  1  1  0  1  1  1  0  1  1  0  0  0  0  1  0  0  0  1  0  0  0  1  1  1  1  1  1 -341.75       1   0.025
347  0  0  0  0  1  1  0  0  1  1  0  0  1  0  1  0  1  0  0  1  1  1  1  0  0  1  1  1  0  1  1  0  0  0  1  1  1  0  0  0 -341.75       1   0.025
76   0  1  1  1  1  1  1  0  1  1  0  0  1  0  1  0  0  0  1  1  0  1  1  0  0  1  1  0  1  0  1  0  0  0  0  1  1  0  0  0  -341.0       1     0.0
77   0  1  0  1  1  1  0  0  1  1  0  0  1  0  1  0  0  0  1  0  0  1  1  1  0  1  1  0  0  0  1  0  0  0  1  1  1  1  1  0  -341.0       1     0.0
78   0  1  1  1  0  1  1  1  0  1  1  0  1  1  1  1  1  0  1  0  0  1  0  0  0  0  1  1  0  0  0  0  1  0  1  0  0  1  0  0  -341.0       1     0.0
79   0  1  0  1  1  1  0  1  0  0  1  0  1  1  0  1  0  1  0  1  0  0  0  0  0  0  0  1  1  1  1  0  1  0  1  1  0  1  0  1  -341.0       1     0.0
80   0  1  0  0  1  1  0  0  0  1  1  0  1  1  0  0  0  0  1  1  1  0  1  0  0  0  1  1  1  0  0  0  0  1  1  0  1  1  0  0  -341.0       1     0.0
284  1  1  0  1  1  0  0  0  0  1  0  0  1  0  1  0  0  0  1  1  1  1  1  1  0  1  1  1  1  0  1  0  0  0  0  0  0  0  0  0  -341.0       1   0.025
294  0  1  1  1  1  0  0  0  1  1  0  0  1  1  1  1  1  1  0  0  1  0  0  1  0  0  1  0  1  0  1  0  0  0  0  1  1  0  1  0  -341.0       1   0.025
295  0  1  1  0  1  1  0  0  1  0  0  0  1  0  1  0  1  0  1  0  1  0  0  0  0  1  1  0  1  0  1  0  0  0  0  1  1  1  1  0  -341.0       1   0.025
447  0  0  1  0  0  1  0  0  1  1  0  0  0  0  0  0  1  1  1  1  1  1  1  0  0  1  1  0  1  0  1  0  0  1  0  1  1  1  1  0  -341.0       1    0.05
81   0  0  0  1  0  1  1  1  0  0  0  0  1  1  0  1  0  1  1  0  0  1  0  0  1  1  1  0  0  0  0  0  1  1  1  1  0  1  0  1 -340.75       1     0.0
82   0  0  1  0  1  0  0  0  1  1  0  0  1  0  1  0  1  1  1  1  1  1  0  0  0  1  1  1  0  0  1  0  0  0  1  1  1  1  1  0 -340.75       1     0.0
83   1  1  0  0  0  1  0  0  0  1  0  0  1  0  1  0  1  0  1  1  1  1  1  0  0  1  1  1  1  0  0  0  0  1  1  0  1  0  0  0 -340.75       1     0.0
84   1  1  0  1  1  1  0  1  0  1  0  0  1  1  1  1  0  0  1  0  1  1  0  0  1  1  0  1  0  0  1  0  0  0  1  0  0  0  0  0 -340.75       1     0.0
85   0  1  0  1  1  1  0  0  1  1  0  0  1  0  1  0  1  1  0  1  1  0  1  1  0  1  1  0  0  0  1  0  0  1  1  1  0  0  1  0 -340.75       1     0.0
86   0  0  0  1  1  0  0  0  0  0  1  0  1  0  1  0  1  0  0  1  1  1  1  0  0  1  1  0  1  0  1  0  1  1  0  1  0  1  1  0 -340.75       1     0.0
87   0  0  1  1  1  1  0  0  1  1  0  0  1  1  1  0  1  0  0  1  1  0  0  1  0  1  1  0  0  1  0  0  0  0  1  1  1  1  1  0 -340.75       1     0.0
88   0  0  1  0  1  1  0  1  1  1  0  0  1  0  1  0  1  0  0  0  1  1  1  0  0  1  1  0  1  0  1  0  1  1  0  1  0  1  1  0 -340.75       1     0.0
297  0  0  1  1  0  1  1  1  0  0  0  1  1  1  1  1  1  0  1  1  1  1  0  0  0  1  1  1  0  0  0  1  0  0  0  0  1  1  0  0 -340.75       1   0.025
305  1  1  0  0  1  0  0  0  0  1  1  0  1  0  1  0  0  0  1  1  1  1  1  1  0  1  1  0  1  0  1  0  0  1  1  1  1  0  0  0 -340.75       1   0.025
310  0  1  0  0  1  0  0  0  1  1  0  0  1  0  1  0  1  0  0  1  1  0  1  1  0  1  1  0  0  0  1  0  0  1  1  1  1  0  1  0 -340.75       1   0.025
315  0  0  0  0  1  1  0  0  1  1  0  0  1  1  1  0  1  1  1  0  1  1  0  1  0  1  1  1  0  0  1  0  0  0  1  1  1  0  1  0 -340.75       1   0.025
350  0  1  0  1  1  1  0  1  1  1  0  1  1  0  1  0  1  1  1  0  1  0  1  0  0  0  1  1  0  0  1  0  0  0  0  1  1  0  1  0 -340.75       1   0.025
380  0  0  1  0  0  1  0  0  1  1  0  0  1  1  1  1  1  0  1  1  1  1  1  1  0  1  1  1  0  0  0  0  0  1  0  0  0  1  1  0 -340.75       1   0.025
441  0  0  0  0  1  1  0  0  1  1  0  0  1  0  1  0  0  0  1  1  1  1  1  0  0  1  1  0  1  0  1  1  1  0  0  1  1  1  1  0 -340.75       1    0.05
89   0  0  1  0  1  0  0  0  1  1  0  0  0  0  0  0  1  1  0  1  1  1  1  1  0  0  1  1  1  1  1  0  0  0  1  1  1  0  1  0  -340.0       1     0.0
90   0  1  0  0  1  0  0  0  1  1  0  0  1  0  1  0  1  0  1  1  0  1  1  1  1  1  1  0  1  0  1  0  0  0  0  1  1  0  1  0  -340.0       1     0.0
91   0  1  0  0  1  1  0  0  1  1  0  0  1  1  1  0  1  0  0  0  0  1  1  0  0  0  1  0  1  0  1  0  1  1  0  1  1  1  1  0  -340.0       1     0.0
92   1  0  0  0  0  0  1  1  0  1  0  0  1  1  0  1  1  0  0  0  0  1  0  0  1  0  0  1  0  1  1  0  1  1  1  1  0  1  1  1  -340.0       1     0.0
361  0  1  0  0  1  1  0  0  0  1  1  0  1  0  1  0  0  0  1  1  1  0  0  0  0  1  1  1  1  0  1  0  1  0  1  1  1  0  1  0  -340.0       1   0.025
93   0  0  1  0  1  1  0  1  1  1  0  0  1  0  0  0  0  1  1  1  1  1  1  0  0  0  1  1  0  0  0  0  1  0  1  1  0  1  1  1 -339.75       1     0.0
94   0  1  0  0  1  1  1  0  0  0  1  0  1  0  1  0  0  1  0  1  0  1  1  0  0  1  1  1  1  0  1  0  0  1  1  1  1  0  1  0 -339.75       1     0.0
95   0  0  1  0  1  0  0  1  1  1  0  1  1  0  1  0  1  1  0  1  1  1  1  0  0  1  1  0  0  1  1  0  0  0  0  1  1  0  1  0 -339.75       1     0.0
96   0  1  0  1  1  1  1  1  1  1  0  0  1  0  1  0  1  0  1  0  0  1  1  0  0  1  1  1  0  1  1  0  0  0  1  1  0  0  0  0 -339.75       1     0.0
97   0  0  1  0  1  0  0  0  1  1  1  0  1  0  1  0  0  0  0  1  1  0  1  0  0  1  1  1  1  0  1  1  0  1  0  1  1  1  1  0 -339.75       1     0.0
98   0  1  1  0  1  0  0  0  1  1  0  0  1  0  1  0  0  0  0  1  0  1  1  0  0  1  1  0  1  0  1  0  0  0  1  1  1  1  1  0 -339.75       1     0.0
99   0  0  1  1  0  1  0  0  1  0  0  0  1  1  0  0  1  0  1  1  1  1  1  1  0  1  1  0  0  0  1  0  0  1  0  1  1  1  1  0 -339.75       1     0.0
100  0  0  1  0  1  0  0  0  1  0  0  0  0  0  1  1  1  0  0  1  1  1  1  0  0  1  1  1  1  0  0  0  1  1  0  1  0  1  1  0 -339.75       1     0.0
101  0  0  0  0  1  0  0  0  1  1  0  0  1  0  1  0  1  1  0  0  1  1  1  1  0  1  1  0  1  0  0  0  1  0  1  1  1  0  1  0 -339.75       1     0.0
102  0  0  0  0  0  0  0  0  1  1  0  1  1  0  0  0  1  1  1  1  0  1  1  0  0  1  0  1  0  1  0  0  1  0  1  1  1  1  1  0 -339.75       1     0.0
320  0  1  0  0  1  1  0  0  1  1  0  0  1  0  1  0  1  1  0  1  0  1  1  0  0  1  1  1  1  0  0  0  0  0  1  0  1  0  1  0 -339.75       1   0.025
452  0  0  0  0  1  0  0  0  1  1  0  0  1  0  0  0  1  0  0  1  1  1  1  1  0  1  1  1  1  1  1  1  0  1  1  0  1  0  1  0 -339.75       1    0.05
103  0  0  0  1  0  1  1  1  1  0  1  1  0  1  1  1  1  0  1  0  0  1  0  0  0  1  1  1  1  1  1  0  0  1  0  0  1  1  0  0  -339.0       1     0.0
104  0  0  0  1  0  0  0  1  0  1  0  1  1  0  1  1  1  0  0  1  1  1  1  0  1  1  1  1  0  1  0  1  1  0  0  1  0  0  0  0  -339.0       1     0.0
105  0  1  0  1  1  0  1  0  0  0  1  0  1  1  1  1  0  0  1  0  0  0  0  0  0  1  1  1  1  0  1  0  1  1  0  1  1  1  0  0  -339.0       1     0.0
106  0  0  0  0  1  1  0  0  1  1  0  0  1  0  0  0  1  1  0  0  0  1  1  1  0  1  1  0  1  1  1  0  0  1  1  1  1  0  1  0  -339.0       1     0.0
107  0  1  0  1  1  0  0  0  0  0  1  1  1  1  1  1  0  1  0  0  0  0  0  0  0  0  1  1  1  1  1  0  1  1  1  0  1  1  1  1  -339.0       1     0.0
108  0  1  0  0  1  0  0  0  1  1  0  1  1  0  1  0  1  0  0  1  1  1  1  1  0  1  1  0  1  0  1  1  0  1  0  0  0  1  0  0  -339.0       1     0.0
109  0  1  1  0  0  0  0  0  1  1  0  0  1  0  1  0  1  1  1  0  1  1  1  1  0  1  1  1  0  0  1  0  0  0  0  1  1  0  1  0  -339.0       1     0.0
110  0  0  1  0  0  1  0  1  1  1  0  0  1  1  0  0  0  0  0  1  1  0  1  1  0  1  1  1  0  1  0  0  0  1  1  0  0  1  0  0  -339.0       1     0.0
111  0  1  0  0  0  0  0  0  1  1  0  0  1  0  0  1  0  0  0  1  1  1  1  1  0  0  1  0  1  0  1  0  0  1  1  1  1  0  1  0  -339.0       1     0.0
112  0  1  1  0  1  1  0  0  1  1  1  0  1  0  1  0  1  1  1  0  1  0  1  0  0  1  1  0  0  0  1  0  0  0  1  1  1  1  1  0  -339.0       1     0.0
113  0  0  0  1  1  1  1  0  1  0  0  0  1  1  1  1  1  0  1  0  0  1  0  0  0  1  1  1  1  1  1  0  0  0  0  1  0  1  0  0  -339.0       1     0.0
114  0  1  0  0  1  1  0  0  0  1  1  0  1  0  0  1  0  0  1  1  1  1  0  0  0  1  1  1  0  0  0  0  1  0  1  1  1  0  0  0  -339.0       1     0.0
275  0  0  0  0  1  0  0  0  1  1  0  0  1  0  1  0  1  1  0  1  1  1  1  1  0  1  1  0  0  0  1  0  0  0  0  1  1  0  1  0  -339.0       1   0.025
345  0  1  0  0  1  1  0  1  0  1  0  0  1  0  1  0  1  0  0  1  1  1  1  1  0  1  1  1  1  0  1  0  0  0  0  0  1  0  1  0  -339.0       1   0.025
370  1  0  1  0  0  0  0  1  1  0  0  0  1  1  1  0  1  1  0  0  1  1  1  0  1  0  0  0  1  0  1  0  1  1  1  1  0  0  0  1  -339.0       1   0.025
440  0  0  1  0  1  0  0  0  1  1  0  0  0  0  0  1  0  0  0  1  1  1  1  1  0  1  1  0  1  0  1  0  0  1  1  1  1  0  1  1  -339.0       1    0.05
472  0  1  0  0  0  1  0  0  1  1  0  0  1  0  1  0  1  0  0  1  0  1  1  1  0  1  1  0  1  0  1  0  0  1  1  0  1  1  1  0  -339.0       1    0.05
115  0  1  0  0  1  1  0  0  0  1  0  0  1  0  0  1  0  0  0  1  1  1  1  0  0  1  1  0  1  0  1  1  1  0  1  1  1  0  0  0 -338.75       1     0.0
116  1  0  1  1  0  1  1  1  1  0  0  1  1  1  0  1  0  1  1  0  0  0  0  0  1  1  0  1  0  0  0  1  0  0  0  0  0  1  1  0 -338.75       1     0.0
117  0  1  0  1  1  1  0  0  0  1  0  0  1  0  1  0  0  1  1  0  0  1  0  1  0  1  1  1  1  0  1  0  0  0  0  1  1  0  1  0 -338.75       1     0.0
118  0  0  0  0  0  1  0  0  1  1  0  1  1  0  1  1  0  0  1  0  0  1  1  0  0  1  1  0  1  0  1  0  0  0  1  1  1  1  1  0 -338.75       1     0.0
119  0  1  1  1  1  1  0  1  1  1  1  0  1  1  1  0  0  1  1  0  1  1  1  0  1  0  1  0  0  0  0  0  0  0  1  0  0  0  0  1 -338.75       1     0.0
120  1  0  0  1  1  1  1  1  0  1  0  0  1  0  1  1  0  0  0  0  0  1  1  0  0  1  0  1  0  1  1  0  1  1  1  1  0  0  0  1 -338.75       1     0.0
121  0  1  0  0  1  0  1  0  0  1  0  0  1  0  1  1  1  1  0  0  0  0  1  0  0  1  1  1  1  0  1  0  1  0  0  1  0  1  1  0 -338.75       1     0.0
333  0  0  1  0  0  1  1  1  0  0  1  0  1  1  0  1  0  1  0  1  0  0  0  0  1  0  0  1  1  0  1  0  1  1  0  1  1  1  1  1 -338.75       1   0.025
339  0  1  0  0  1  1  0  0  1  1  0  0  1  0  1  0  1  0  0  1  0  1  1  1  0  1  1  1  0  0  0  0  0  1  1  0  1  0  1  0 -338.75       1   0.025
460  0  1  1  0  1  1  0  0  1  1  0  0  1  0  0  1  0  0  0  1  1  1  1  0  0  1  1  0  1  0  1  0  0  0  1  1  1  0  0  0 -338.75       1    0.05
487  1  0  0  1  1  1  0  0  1  1  0  0  1  0  0  0  0  0  1  0  0  1  1  0  0  1  1  1  0  0  1  0  0  0  1  1  1  1  1  0 -338.75       1   0.075
492  0  1  0  0  1  1  0  0  0  1  0  0  1  1  1  0  0  0  0  1  1  1  1  0  0  1  1  1  1  1  1  0  0  1  1  1  1  0  0  0 -338.75       1    0.05
122  0  0  1  0  1  0  0  0  1  1  0  0  1  1  0  0  1  0  0  0  1  1  1  1  0  0  1  0  0  0  1  0  0  1  1  1  1  1  1  1  -338.0       1     0.0
123  0  0  0  0  0  1  1  1  0  0  0  0  1  1  1  1  0  1  1  0  0  0  0  0  1  0  0  1  1  0  0  1  1  1  1  0  0  1  0  1  -338.0       1     0.0
124  0  0  1  1  0  1  0  1  1  0  1  1  1  1  0  0  1  0  1  0  1  0  1  0  1  0  1  1  0  1  0  1  1  1  0  0  0  1  0  1  -338.0       1     0.0
125  1  1  0  0  0  1  0  0  1  1  0  0  1  1  0  1  1  0  0  0  1  1  1  1  0  0  1  0  0  0  1  0  0  1  1  1  1  0  1  0  -338.0       1     0.0
126  0  0  0  0  0  1  0  0  1  0  0  0  1  1  1  0  1  0  1  0  0  1  0  0  1  1  0  1  0  0  1  0  1  0  1  1  0  1  1  1  -338.0       1     0.0
127  0  0  1  0  1  0  0  0  1  0  0  0  1  0  0  0  1  0  0  0  1  1  1  1  0  0  1  0  1  0  1  1  1  0  1  1  0  1  1  0  -338.0       1     0.0
128  0  0  0  0  1  0  1  0  1  1  0  0  1  0  0  0  0  1  1  0  1  1  1  0  0  1  1  1  1  1  0  0  0  0  1  1  1  0  0  0  -338.0       1     0.0
129  0  0  1  0  1  1  0  0  1  1  0  0  1  0  0  0  0  0  1  1  1  1  1  0  0  0  1  0  1  0  0  0  0  1  1  1  1  1  0  0  -338.0       1     0.0
348  1  1  0  0  1  0  0  0  0  1  0  0  1  0  1  0  0  0  1  0  1  1  1  0  0  1  1  0  1  0  1  0  1  1  1  1  0  0  1  1  -338.0       1   0.025
357  0  1  0  0  1  0  0  0  0  1  0  0  1  0  0  0  1  0  0  1  1  1  1  1  0  1  1  0  1  0  1  0  0  0  1  1  1  0  1  0  -338.0       1   0.025
374  1  1  0  0  1  0  0  1  0  1  0  0  1  0  0  0  1  0  0  1  1  1  1  1  0  1  1  0  1  1  1  0  0  1  1  0  1  0  0  0  -338.0       1   0.025
412  0  0  0  0  1  1  0  1  1  1  0  0  1  0  1  0  1  0  1  0  0  1  0  1  0  1  1  1  1  1  1  0  0  0  0  1  1  0  1  0  -338.0       1   0.025
130  0  1  1  1  1  1  1  0  0  1  0  0  1  1  0  0  0  1  1  1  0  0  0  1  0  1  1  1  1  1  1  0  0  0  1  0  1  0  0  0 -337.75       1     0.0
131  0  1  0  1  1  1  0  1  0  0  1  0  1  1  1  1  1  0  1  1  0  1  0  0  0  1  1  1  1  0  0  0  0  0  1  0  0  0  0  0 -337.75       1     0.0
132  0  0  1  1  1  1  0  1  0  0  1  0  1  1  1  0  0  1  1  0  0  0  0  0  0  1  1  1  1  0  0  1  0  0  0  0  0  1  1  1 -337.75       1     0.0
133  0  1  1  1  0  1  0  0  1  0  0  0  1  0  1  0  1  1  0  0  1  1  1  1  0  1  1  1  0  1  0  0  0  0  1  1  1  0  1  0 -337.75       1     0.0
134  0  0  0  1  1  1  0  0  1  0  0  0  1  1  1  0  1  1  1  0  1  0  1  0  0  1  1  0  0  0  0  0  1  0  1  1  0  1  1  0 -337.75       1     0.0
135  0  0  1  0  0  0  0  0  0  1  1  0  1  1  0  1  1  0  1  1  1  1  1  0  0  0  1  1  1  0  0  1  1  1  1  0  0  0  0  0 -337.75       1     0.0
136  1  0  0  1  1  0  1  0  1  1  0  0  1  0  1  0  1  0  1  0  0  1  0  0  0  1  1  1  0  0  1  0  1  0  1  1  0  1  0  0 -337.75       1     0.0
137  0  0  0  0  1  1  0  0  1  1  0  0  1  1  1  0  0  1  1  0  0  1  1  0  1  1  1  1  1  0  0  1  0  1  1  1  0  0  1  0 -337.75       1     0.0
138  0  1  0  0  1  0  0  0  1  1  0  0  0  0  1  1  0  0  1  1  1  1  1  1  0  1  1  0  1  0  0  0  0  1  1  1  1  0  0  0 -337.75       1     0.0
139  0  0  0  0  1  1  0  0  1  1  0  0  1  0  1  1  1  0  0  1  0  1  1  0  0  1  1  1  1  0  1  0  1  0  0  0  0  1  1  0 -337.75       1     0.0
140  0  0  1  1  0  1  1  0  0  1  1  0  1  1  1  0  0  0  1  1  0  0  0  0  0  1  1  1  1  0  0  0  0  1  1  1  1  0  1  1 -337.75       1     0.0
292  0  1  0  0  1  1  0  0  1  1  0  0  1  0  1  0  1  1  1  1  1  1  1  1  0  1  1  0  0  0  1  0  0  0  1  1  1  0  0  0 -337.75       1   0.025
340  0  1  0  0  1  0  0  0  0  1  0  0  1  0  1  0  1  0  0  1  1  0  1  0  0  1  1  1  1  1  1  1  0  0  1  0  1  0  1  0 -337.75       1   0.025
343  1  0  0  1  0  1  1  1  1  0  0  0  1  1  0  1  0  0  0  0  1  1  0  0  1  1  0  1  1  0  1  0  1  1  1  0  0  1  0  1 -337.75       1   0.025
367  0  0  1  1  0  1  1  1  1  1  0  0  1  1  1  1  1  0  0  0  0  1  0  0  0  0  0  0  1  0  1  0  1  1  0  1  0  1  1  1 -337.75       1   0.025
141  0  1  1  0  1  1  0  0  1  1  0  0  1  0  0  0  1  1  0  0  1  1  1  1  0  1  1  0  1  1  1  0  0  0  1  1  1  0  1  0  -337.0       1     0.0
142  0  1  0  1  0  1  0  0  0  1  0  0  1  1  0  1  1  0  1  1  1  1  1  1  1  0  1  0  0  0  0  0  1  1  1  0  0  1  0  0  -337.0       1     0.0
143  1  0  0  0  1  1  0  1  0  1  0  0  1  1  1  0  0  0  1  0  1  1  1  0  1  0  0  0  1  0  1  1  0  1  1  1  1  0  0  0  -337.0       1     0.0
144  0  1  1  0  1  1  0  0  1  1  0  0  1  0  1  0  1  0  0  1  1  1  0  1  1  1  1  0  1  0  1  0  0  1  0  0  1  0  0  0  -337.0       1     0.0
145  0  1  1  0  0  0  0  0  0  0  0  0  1  1  1  0  1  1  1  0  1  1  0  0  1  1  1  0  0  0  0  0  1  1  1  1  0  1  1  1  -337.0       1     0.0
146  0  0  0  0  0  0  1  1  0  1  1  0  1  1  1  1  1  0  0  0  0  1  0  0  1  0  1  1  0  0  0  0  1  1  1  1  0  1  1  1  -337.0       1     0.0
147  0  0  0  1  1  1  0  1  1  1  0  0  1  0  1  0  1  0  0  0  1  1  1  0  0  1  0  0  1  1  1  0  0  0  0  1  1  1  1  0  -337.0       1     0.0
148  0  0  0  1  1  0  1  1  0  0  1  0  1  0  0  1  0  0  1  0  1  1  0  0  0  1  1  0  1  1  1  0  1  1  1  1  0  0  0  1  -337.0       1     0.0
149  0  0  1  0  1  1  0  0  1  1  1  0  1  1  0  0  1  1  1  0  0  0  0  0  0  1  0  1  0  0  1  0  1  0  1  1  0  1  1  1  -337.0       1     0.0
150  0  0  0  1  1  1  0  0  0  1  0  0  1  0  0  0  1  0  0  1  1  1  0  0  0  0  1  0  1  0  1  0  1  1  1  1  0  1  1  0  -337.0       1     0.0
151  0  0  0  0  1  0  0  0  1  1  0  0  1  0  1  0  1  1  0  0  1  0  1  0  1  1  1  1  1  0  1  0  1  1  1  1  0  0  1  0  -337.0       1     0.0
352  1  1  0  0  1  0  0  1  0  1  1  0  1  1  0  1  1  0  0  0  1  1  1  0  1  0  0  1  0  0  0  1  1  1  1  1  0  1  0  1  -337.0       1   0.025
365  1  0  0  0  1  1  0  0  0  1  1  0  1  0  1  0  0  0  1  0  0  1  1  0  1  1  1  1  0  1  1  0  0  0  1  1  1  0  1  0  -337.0       1   0.025
375  0  1  1  1  1  1  0  0  1  1  0  0  1  0  0  0  0  0  0  1  1  1  1  1  0  1  1  1  1  1  1  0  0  0  0  0  1  0  0  0  -337.0       1   0.025
421  0  1  1  0  1  0  0  0  1  1  1  0  1  0  0  0  1  0  0  1  1  1  1  1  1  1  1  0  1  0  1  0  0  1  1  1  0  0  1  0  -337.0       1    0.05
152  0  0  0  0  0  1  0  0  1  1  1  1  1  0  1  0  1  0  1  0  0  1  1  0  0  1  1  1  1  0  1  0  1  1  0  0  1  1  1  0 -336.75       1     0.0
153  0  0  1  0  1  0  0  0  1  1  0  0  1  0  0  0  0  0  0  1  1  1  0  1  0  1  1  1  1  1  1  0  0  1  1  1  1  0  0  0 -336.75       1     0.0
154  0  1  0  1  1  1  0  1  0  1  0  0  1  0  1  1  0  1  1  0  0  1  0  0  0  1  1  1  1  0  1  0  1  0  0  0  1  1  1  0 -336.75       1     0.0
155  1  1  0  1  0  1  0  1  0  0  0  0  1  1  1  1  0  1  1  0  0  1  1  0  0  1  1  1  0  0  0  0  0  0  1  0  1  1  0  0 -336.75       1     0.0
156  1  1  0  0  1  0  0  0  1  1  0  0  1  0  1  0  0  0  1  1  0  1  1  0  1  1  1  1  0  0  1  0  0  0  1  1  0  1  1  1 -336.75       1     0.0
355  1  1  0  0  1  1  0  0  0  1  0  0  1  0  0  0  0  0  1  1  1  1  1  1  0  1  1  0  1  0  1  0  0  1  1  0  1  0  0  0 -336.75       1   0.025
385  0  0  0  1  1  1  1  1  1  0  0  0  1  0  1  1  0  0  0  0  0  1  0  0  0  0  1  0  1  0  1  1  1  1  0  1  1  1  1  1 -336.75       1   0.025
391  0  0  1  1  0  1  1  0  0  1  1  0  1  1  0  1  1  0  1  0  0  0  0  0  1  0  1  1  0  1  0  0  0  1  1  1  1  1  0  1 -336.75       1   0.025
394  1  0  0  1  0  1  1  1  1  1  1  0  0  1  0  1  0  1  1  0  0  1  0  0  1  1  0  1  0  1  1  0  0  1  1  1  1  0  0  1 -336.75       1   0.025
481  0  1  1  0  1  0  0  0  1  1  0  0  1  1  1  0  1  1  1  0  1  1  1  1  0  0  1  0  1  0  1  0  0  0  1  1  0  0  1  0 -336.75       1   0.075
158  1  0  0  1  1  1  0  0  1  1  0  0  1  1  1  0  1  0  0  0  0  1  0  0  0  1  1  0  1  0  1  0  0  0  1  1  1  1  1  0  -336.0       1     0.0
159  0  0  0  1  1  1  1  0  1  1  0  0  1  0  1  1  0  0  1  1  0  1  0  0  1  1  0  1  0  1  0  0  1  0  1  1  0  0  0  1  -336.0       1     0.0
160  0  0  1  0  0  0  0  0  1  0  1  1  0  1  0  0  1  1  0  1  1  1  1  0  1  1  0  1  1  0  0  0  1  1  0  1  0  1  0  1  -336.0       1     0.0
161  0  1  1  0  0  1  0  1  1  1  0  0  1  0  0  0  1  0  1  1  1  1  1  0  0  0  0  0  1  0  1  0  1  0  1  1  1  0  1  0  -336.0       1     0.0
162  0  0  1  1  1  1  0  0  0  0  1  0  1  1  1  0  1  1  1  0  1  0  0  0  1  0  1  1  0  0  1  0  1  1  0  1  0  1  1  1  -336.0       1     0.0
163  0  0  1  1  0  1  0  0  1  0  0  1  1  1  1  0  1  1  1  0  1  0  0  0  0  1  1  1  1  1  1  0  0  0  0  0  1  1  1  1  -336.0       1     0.0
164  0  0  0  1  1  0  0  0  1  0  1  0  1  0  0  1  0  1  0  1  1  1  0  0  0  0  1  0  1  0  1  0  1  1  1  1  0  1  1  1  -336.0       1     0.0
165  0  0  1  0  0  1  0  0  0  1  1  0  1  1  0  1  1  0  1  0  0  1  0  0  0  0  1  0  1  0  1  0  1  1  0  1  1  1  1  1  -336.0       1     0.0
166  0  1  1  0  1  0  0  0  1  1  0  0  1  0  0  0  1  0  0  0  1  1  1  1  1  1  1  0  1  0  1  1  1  1  0  0  0  1  0  0  -336.0       1     0.0
325  0  1  0  0  1  0  0  0  0  1  0  0  1  0  0  0  1  0  0  1  1  1  1  0  0  1  1  0  1  0  1  0  0  0  1  1  1  1  1  0  -336.0       1   0.025
354  0  0  1  1  0  1  1  1  0  0  1  0  1  1  0  0  1  1  0  0  0  0  0  0  1  1  1  1  0  0  0  1  1  1  0  0  0  1  0  0  -336.0       1   0.025
378  0  1  0  0  1  1  0  0  1  1  0  0  1  0  1  0  0  0  1  1  0  1  1  1  0  1  1  1  1  1  1  1  0  0  1  0  1  0  1  0  -336.0       1   0.025
405  1  0  1  0  1  1  0  0  1  1  0  0  1  0  1  0  0  0  0  0  0  1  1  0  0  1  1  1  1  1  1  0  0  0  1  1  1  0  1  0  -336.0       1   0.025
477  0  0  1  1  0  1  0  0  0  0  1  0  1  1  1  1  1  0  1  0  0  1  0  0  1  0  0  1  0  0  0  1  1  1  1  1  0  1  0  1  -336.0       1    0.05
167  0  0  0  0  1  1  0  0  1  0  1  0  1  1  0  0  1  1  0  0  1  1  1  0  0  1  1  1  0  1  0  0  0  1  1  0  0  1  0  1 -335.75       1     0.0
168  0  1  1  1  0  0  0  1  0  0  1  0  1  1  0  1  1  0  0  0  1  0  0  0  1  0  1  1  0  0  0  1  1  0  0  1  0  1  1  1 -335.75       1     0.0
169  1  1  0  1  1  0  0  0  1  1  0  0  0  0  0  1  0  0  1  1  1  1  1  1  1  1  1  0  1  0  1  1  0  0  1  0  1  0  0  0 -335.75       1     0.0
170  0  0  1  0  1  1  0  0  1  0  0  0  1  1  1  1  1  0  0  0  0  0  0  0  0  0  1  1  0  1  1  0  1  1  1  1  1  1  1  1 -335.75       1     0.0
171  0  1  0  0  1  1  0  1  1  1  0  0  1  1  1  0  1  1  1  0  1  1  1  0  1  1  0  0  0  0  1  0  0  0  0  1  1  0  1  0 -335.75       1     0.0
172  0  0  1  1  1  1  0  0  1  0  0  1  1  1  1  0  0  0  0  0  1  0  1  1  0  0  1  0  0  0  1  1  0  1  0  1  0  1  1  0 -335.75       1     0.0
173  1  0  0  1  1  1  1  1  0  0  0  0  1  1  1  1  1  0  1  0  0  1  0  0  0  1  0  0  0  0  1  1  0  0  1  1  0  1  1  1 -335.75       1     0.0
330  0  0  1  0  0  1  0  0  1  0  0  1  1  0  0  0  1  0  1  1  1  1  1  1  0  1  1  0  0  0  1  1  0  1  0  0  1  0  1  0 -335.75       1   0.025
411  0  1  1  0  1  0  0  0  0  0  0  0  1  1  0  1  1  0  0  1  1  1  1  0  1  1  1  1  0  0  0  0  1  1  0  0  0  1  0  1 -335.75       1   0.025
455  0  1  0  0  1  1  0  1  1  1  0  0  0  0  1  1  0  1  1  0  1  1  1  0  1  1  1  0  1  0  1  1  1  0  1  0  0  0  0  0 -335.75       1    0.05
468  0  1  1  0  1  1  0  0  1  1  0  0  1  0  1  0  1  0  0  1  1  1  1  0  0  1  1  1  1  1  1  0  0  0  1  0  0  0  1  0 -335.75       1    0.05
499  1  1  0  0  1  1  0  0  1  1  0  0  1  0  0  0  0  0  1  1  1  1  1  1  0  1  1  0  0  0  1  0  0  0  1  0  1  0  1  0 -335.75       1   0.125
175  0  1  0  0  1  1  0  0  1  1  0  0  1  0  0  0  1  0  1  1  1  0  1  0  0  1  1  0  1  0  1  0  0  0  1  1  1  1  1  0  -335.0       1     0.0
176  1  1  0  1  1  1  0  1  0  1  0  0  1  1  0  0  0  1  1  0  1  1  1  0  0  1  0  0  0  0  1  0  0  0  1  1  1  1  1  1  -335.0       1     0.0
177  0  0  1  0  0  1  0  1  1  1  0  0  1  1  1  0  0  1  1  0  1  1  1  0  0  0  1  0  1  0  0  1  0  0  1  0  1  1  1  0  -335.0       1     0.0
178  0  1  1  0  1  0  1  0  0  1  1  0  1  0  0  0  0  0  0  1  1  1  1  1  0  0  1  1  1  0  1  0  0  1  1  0  0  0  1  1  -335.0       1     0.0
179  0  0  0  1  1  1  0  0  0  1  0  0  1  1  1  0  1  0  1  0  0  0  1  0  0  1  1  1  1  0  0  0  0  0  1  0  1  1  1  0  -335.0       1     0.0
349  0  1  0  0  1  1  0  1  0  1  0  0  1  0  1  0  0  0  1  1  0  1  1  1  0  1  1  0  1  0  0  1  0  0  0  0  1  0  1  0  -335.0       1   0.025
360  1  1  1  0  1  0  0  0  1  1  0  1  1  0  1  0  0  0  0  0  1  1  1  0  0  1  1  1  1  1  1  0  0  0  0  0  1  0  1  0  -335.0       1   0.025
368  0  1  0  0  1  0  0  0  0  1  0  0  1  1  1  0  1  0  0  1  1  1  1  1  0  1  1  0  0  1  1  0  0  0  1  1  0  0  0  0  -335.0       1   0.025
437  0  1  1  0  1  1  0  0  0  1  0  1  1  0  0  0  0  0  1  0  1  1  1  0  1  0  1  0  1  0  1  0  1  0  1  1  1  0  1  0  -335.0       1   0.025
445  0  0  1  0  1  1  0  0  1  1  0  0  1  0  1  0  1  0  1  0  1  1  1  0  0  1  1  1  1  0  1  1  0  0  1  1  1  0  1  0  -335.0       1    0.05
454  0  1  0  1  1  1  0  0  1  1  0  0  1  1  1  0  0  0  1  1  0  0  1  0  0  1  1  1  1  0  1  0  0  0  1  0  0  1  1  0  -335.0       1    0.05
495  0  1  0  0  1  1  0  0  1  1  1  0  1  1  1  0  0  0  1  0  1  1  1  0  0  1  1  0  1  0  0  1  0  0  1  1  1  0  0  0  -335.0       1   0.075
181  0  0  1  1  0  0  1  1  0  0  0  1  1  1  0  1  1  0  1  0  0  1  0  0  1  1  1  0  0  0  0  0  1  0  0  1  0  1  1  1 -334.75       1     0.0
182  0  0  0  0  1  1  0  0  1  1  0  0  1  0  1  0  0  1  1  0  1  1  0  0  0  1  0  0  1  0  1  0  1  1  1  1  1  0  1  0 -334.75       1     0.0
183  0  1  0  0  1  1  0  0  1  1  0  0  1  0  0  0  1  0  0  0  1  1  1  1  0  1  1  1  1  0  1  0  0  1  1  1  1  0  1  0 -334.75       1     0.0
184  0  1  1  0  0  1  0  0  1  1  0  1  1  1  0  0  1  0  0  1  1  0  1  1  0  0  1  0  0  0  1  0  0  0  1  0  1  1  1  0 -334.75       1     0.0
185  0  1  0  1  1  1  0  0  1  1  0  0  1  0  1  0  0  0  1  1  0  0  1  1  0  1  1  0  1  0  1  0  0  0  1  0  1  0  1  0 -334.75       1     0.0
186  0  1  1  1  1  1  1  1  1  1  0  0  1  0  1  0  0  0  1  1  1  1  0  1  0  1  1  1  1  0  1  0  0  0  0  0  1  0  1  0 -334.75       1     0.0
187  1  1  0  0  1  0  0  0  1  1  0  0  1  0  0  0  1  0  1  0  1  1  1  1  0  1  1  0  1  0  1  0  0  1  1  1  1  0  1  0 -334.75       1     0.0
188  0  0  1  0  1  0  1  0  1  0  1  0  1  0  0  1  1  0  0  0  1  0  0  0  1  0  1  1  1  0  1  1  1  1  0  1  0  1  1  1 -334.75       1     0.0
189  0  1  1  1  1  1  0  0  0  0  0  0  1  0  1  0  1  0  0  0  0  1  0  0  0  1  1  0  0  1  1  0  1  1  0  1  0  1  1  1 -334.75       1     0.0
392  0  0  1  1  0  0  1  1  0  0  1  0  1  1  0  0  0  1  1  0  1  0  0  0  1  0  1  1  0  0  1  1  1  1  1  1  0  1  0  1 -334.75       1   0.025
399  1  1  1  0  0  0  0  1  0  1  0  0  1  1  0  1  0  0  1  1  1  1  1  1  0  1  1  1  0  0  0  0  0  0  0  0  0  0  0  0 -334.75       1   0.025
407  0  1  1  0  0  1  0  1  1  0  0  0  1  1  0  1  1  1  1  1  0  1  0  0  0  1  1  1  0  0  0  0  0  0  1  0  0  1  0  1 -334.75       1   0.025
410  1  1  0  1  0  0  1  1  0  0  0  1  0  0  0  1  0  0  0  0  1  1  1  0  1  1  1  1  0  0  1  0  1  0  1  1  0  0  0  1 -334.75       1   0.025
418  1  1  0  1  1  1  0  0  0  1  0  0  1  0  0  1  0  0  1  0  1  1  1  1  0  1  1  0  0  1  1  0  0  0  1  0  1  0  0  0 -334.75       1   0.025
482  0  0  0  1  1  1  1  0  1  0  0  0  1  0  1  0  1  1  1  0  0  0  0  0  1  1  0  0  1  0  1  0  1  1  1  1  0  1  1  1 -334.75       1    0.05
191  0  0  0  1  0  0  1  0  0  0  1  0  1  1  0  1  1  1  0  0  0  0  0  0  0  0  1  1  0  1  0  1  1  1  0  1  0  1  1  1  -334.0       1     0.0
192  1  1  1  0  0  1  0  0  0  1  1  0  1  1  1  0  0  1  1  0  1  1  1  1  1  1  1  1  0  0  0  1  0  0  0  0  0  0  0  0  -334.0       1     0.0
193  0  0  0  0  1  1  0  0  1  1  0  0  1  0  0  0  1  1  1  0  1  0  1  1  0  0  1  0  1  1  1  0  0  0  1  1  1  1  1  0  -334.0       1     0.0
194  0  0  1  0  1  1  1  1  1  1  0  0  1  0  0  1  0  0  0  0  1  1  0  0  0  0  1  1  1  0  0  0  1  0  1  1  0  1  1  1  -334.0       1     0.0
195  0  1  0  0  1  0  0  0  1  1  0  0  1  0  1  0  1  0  0  1  1  1  1  1  0  1  1  0  0  0  1  1  0  0  1  0  0  0  1  0  -334.0       1     0.0
196  0  1  1  0  1  0  0  0  0  1  0  0  1  0  0  0  1  0  0  0  1  1  1  1  0  1  0  0  1  0  1  0  1  1  1  1  0  1  1  1  -334.0       1     0.0
376  0  1  0  0  1  1  0  1  1  1  0  0  1  0  1  0  1  1  1  0  1  0  1  1  1  1  1  0  0  0  1  0  0  0  1  1  1  0  1  0  -334.0       1   0.025
396  1  1  0  1  0  0  1  1  0  0  1  1  1  0  1  1  1  0  0  0  1  1  0  0  0  1  1  1  0  1  1  0  1  0  0  1  0  0  0  0  -334.0       1   0.025
403  1  1  0  0  1  0  0  0  0  1  1  0  1  0  1  0  0  0  1  0  1  0  1  1  0  1  1  0  0  1  1  0  0  1  1  1  1  0  0  1  -334.0       1   0.025
463  0  0  0  0  1  0  0  1  1  1  0  0  1  0  1  0  1  0  1  0  1  1  1  0  0  1  1  1  1  0  0  1  0  1  0  0  0  0  1  0  -334.0       1    0.05
485  0  1  0  0  1  1  0  0  1  1  0  0  1  0  0  0  0  0  1  1  1  1  1  1  0  1  1  0  1  0  1  0  0  1  1  0  1  0  1  0  -334.0       1   0.075
197  0  1  0  0  1  1  0  0  1  1  0  1  0  0  0  0  0  0  1  1  0  1  1  1  1  1  1  1  1  1  1  0  0  1  0  0  1  0  1  0 -333.75       1     0.0
198  0  1  0  0  1  0  0  0  0  1  0  0  1  0  1  0  0  1  0  0  1  1  1  1  1  0  1  0  1  0  1  1  1  0  1  0  1  0  1  0 -333.75       1     0.0
199  1  1  0  0  1  0  0  0  0  0  0  0  0  0  1  1  1  0  1  1  1  1  1  1  0  1  1  0  1  0  1  0  0  0  1  1  1  0  0  0 -333.75       1     0.0
200  1  0  0  1  1  0  0  0  0  1  0  0  1  0  1  0  1  0  1  1  1  1  0  0  0  1  1  1  1  0  1  0  1  1  1  1  0  1  0  0 -333.75       1     0.0
201  0  0  1  1  0  0  0  0  1  1  0  0  1  1  1  0  1  0  1  0  0  0  0  1  0  0  1  1  0  0  1  0  0  0  1  1  1  1  1  1 -333.75       1     0.0
202  0  1  1  1  1  0  0  0  1  1  1  0  1  1  0  0  1  1  0  0  1  0  1  1  0  1  1  0  1  0  1  0  0  0  0  1  0  1  1  0 -333.75       1     0.0
203  0  1  1  0  1  0  0  0  1  1  0  0  1  0  0  0  1  0  0  0  1  1  1  0  1  1  0  0  1  1  1  0  1  1  1  1  1  0  1  0 -333.75       1     0.0
204  0  0  1  1  1  1  0  1  0  0  0  0  1  0  1  0  1  0  1  0  0  1  0  0  0  1  1  1  0  1  1  0  0  0  1  1  1  0  1  0 -333.75       1     0.0
205  0  0  0  0  1  0  0  1  0  1  1  0  1  0  0  0  0  1  0  0  1  1  1  0  1  0  1  1  1  0  0  0  1  1  1  1  1  0  0  1 -333.75       1     0.0
206  1  1  0  0  0  1  0  1  0  1  0  0  1  1  1  0  0  0  1  0  1  1  1  0  1  1  1  1  0  1  0  0  0  0  1  0  1  0  1  1 -333.75       1     0.0
356  0  0  0  0  1  0  0  0  1  1  0  0  1  0  1  0  0  0  1  0  1  1  1  1  0  1  1  1  1  0  1  0  0  0  1  1  1  0  1  0 -333.75       1   0.025
382  0  0  1  0  0  0  1  1  0  0  1  0  1  1  1  0  1  1  1  0  0  0  0  0  1  0  0  1  0  1  0  1  1  1  0  1  0  1  0  1 -333.75       1   0.025
387  1  1  0  0  1  0  0  0  0  1  0  0  1  0  1  0  0  1  1  0  1  1  1  0  1  1  1  1  0  0  1  0  0  0  1  0  1  0  0  1 -333.75       1   0.025
448  0  0  0  0  1  0  0  0  1  0  0  1  1  1  1  0  0  0  0  0  1  0  1  1  0  1  1  1  1  1  1  1  0  1  1  0  0  0  1  0 -333.75       1    0.05
456  0  1  0  1  1  0  0  1  0  0  1  0  1  1  0  1  0  0  1  0  0  0  0  0  1  0  1  1  1  1  1  1  1  1  0  0  1  1  0  1 -333.75       1    0.05
210  1  1  0  0  1  0  0  0  0  1  0  0  1  0  1  0  0  0  1  1  1  1  1  1  0  1  1  1  1  0  1  1  0  1  1  0  1  0  1  0  -333.0       1     0.0
211  1  1  0  0  1  1  0  0  0  1  0  0  1  0  1  0  0  0  0  0  1  1  1  1  0  1  1  1  1  0  1  0  0  0  1  0  1  0  0  0  -333.0       1     0.0
212  0  1  1  0  1  1  0  0  0  1  0  0  1  1  1  0  0  0  0  1  0  1  1  0  0  1  1  1  0  0  1  0  0  1  1  1  1  1  0  0  -333.0       1     0.0
213  0  1  1  0  0  0  1  1  0  0  1  0  1  0  0  1  1  1  0  0  1  1  1  0  1  0  1  0  0  0  1  1  1  1  0  1  0  1  1  1  -333.0       1     0.0
214  0  1  0  1  1  0  0  1  0  0  0  0  1  1  0  1  1  1  1  0  1  1  0  0  1  1  0  1  0  0  1  0  1  0  1  1  0  0  0  1  -333.0       1     0.0
215  0  0  1  1  0  1  0  1  1  0  0  0  1  1  0  1  1  0  1  1  0  0  0  0  0  0  1  1  1  0  1  0  1  1  0  1  1  1  0  0  -333.0       1     0.0
216  0  1  0  1  0  1  0  1  1  0  0  0  1  1  0  1  1  1  0  0  0  0  0  0  1  0  0  1  0  0  1  0  1  1  1  1  0  1  0  0  -333.0       1     0.0
217  0  0  0  0  0  1  0  1  1  0  0  0  1  0  0  0  1  0  0  1  1  1  0  0  0  1  1  1  1  0  1  1  1  1  0  0  0  1  1  0  -333.0       1     0.0
218  0  1  1  0  0  0  0  0  1  1  0  0  1  1  1  0  1  0  0  0  1  0  1  1  0  0  1  0  0  1  1  0  0  0  1  1  0  1  1  0  -333.0       1     0.0
414  0  1  0  1  1  1  0  0  0  1  1  0  1  1  1  1  1  0  0  0  1  0  1  0  0  1  1  1  0  0  1  0  0  0  1  0  0  1  1  0  -333.0       1   0.025
465  0  0  1  0  1  1  0  0  1  1  1  0  1  0  0  0  0  0  0  1  1  0  1  1  0  1  1  0  1  0  1  0  0  1  1  0  1  1  1  0  -333.0       1    0.05
219  0  0  1  1  0  0  1  1  0  0  0  0  1  0  0  1  1  0  1  1  1  1  0  0  0  0  1  1  1  0  0  0  1  1  1  1  0  1  1  1 -332.75       1     0.0
220  0  0  0  0  1  1  1  1  0  1  0  0  1  1  1  1  0  0  1  0  0  1  0  0  1  1  1  0  0  0  1  0  1  0  1  1  1  0  1  1 -332.75       1     0.0
221  0  0  0  0  1  0  0  0  1  1  0  0  1  0  0  1  1  0  0  1  0  1  1  1  1  1  1  1  1  0  1  0  0  0  0  1  1  0  1  0 -332.75       1     0.0
222  1  0  1  0  1  0  0  0  1  1  0  0  1  0  1  0  1  1  0  0  1  0  1  0  0  1  1  0  1  0  1  0  0  0  1  1  1  0  1  0 -332.75       1     0.0
223  1  1  0  1  1  0  0  0  0  1  0  0  1  0  0  1  0  0  1  0  1  1  1  0  0  1  1  1  1  1  1  0  0  0  1  0  1  0  0  0 -332.75       1     0.0
224  0  0  1  0  1  1  0  0  0  0  0  0  1  1  1  0  1  0  1  1  1  1  1  0  0  1  1  0  1  0  1  0  0  1  0  1  1  1  1  0 -332.75       1     0.0
225  1  1  0  1  1  0  0  1  0  1  1  0  1  0  1  0  1  1  1  0  1  0  0  0  1  1  1  0  0  0  1  1  1  0  0  0  0  1  0  1 -332.75       1     0.0
226  0  0  0  0  1  1  0  0  1  1  1  0  1  1  0  0  1  0  0  0  1  1  1  0  0  0  0  1  0  0  1  0  0  1  1  1  0  1  1  1 -332.75       1     0.0
227  0  1  1  0  1  0  0  1  1  0  1  0  1  0  0  1  1  1  0  0  0  0  0  0  0  0  1  1  0  0  1  0  1  1  0  1  0  1  1  1 -332.75       1     0.0
228  1  1  1  1  0  1  0  1  0  1  0  0  1  1  0  0  0  0  1  0  1  1  1  0  1  1  1  1  1  0  0  0  1  0  1  0  1  0  0  0 -332.75       1     0.0
229  1  1  0  0  0  1  0  1  0  1  0  0  1  1  0  0  1  1  1  1  1  1  1  0  1  1  0  1  0  0  1  0  1  1  1  0  0  0  0  0 -332.75       1     0.0
230  0  0  0  0  1  0  0  1  0  1  0  0  1  1  1  0  1  1  1  0  0  1  1  0  1  0  0  1  0  1  1  0  1  1  1  1  0  1  0  1 -332.75       1     0.0
231  0  1  1  0  0  0  0  0  1  1  0  1  1  1  0  0  1  0  0  1  1  1  1  0  1  1  1  1  0  0  1  0  1  1  0  0  0  0  1  1 -332.75       1     0.0
388  1  1  0  0  1  0  0  0  1  0  0  0  1  0  0  1  1  1  0  0  1  1  1  1  0  0  1  0  1  0  1  1  1  0  0  1  0  0  1  0 -332.75       1   0.025
401  0  1  0  0  1  0  1  0  1  1  0  0  0  0  1  1  1  1  0  0  0  1  0  1  1  1  0  0  1  0  1  0  0  1  1  1  1  0  1  1 -332.75       1   0.025
235  0  1  0  1  1  1  1  0  0  1  0  0  1  0  0  0  1  1  0  1  1  0  1  1  0  0  1  0  0  1  1  0  1  0  1  1  1  1  1  0  -332.0       1     0.0
236  0  0  0  0  1  1  0  1  1  1  0  1  1  0  1  1  0  0  1  0  1  1  0  0  0  1  1  1  1  0  1  1  0  0  1  0  1  0  0  0  -332.0       1     0.0
237  0  1  0  0  1  1  1  0  0  1  1  0  1  0  1  0  0  0  1  1  1  1  1  0  0  1  1  1  1  0  1  0  0  0  1  0  1  0  1  1  -332.0       1     0.0
238  0  1  1  1  1  0  0  0  1  0  1  1  1  0  1  0  1  0  1  0  0  0  0  0  1  1  1  1  1  0  1  0  1  0  0  1  1  0  1  1  -332.0       1     0.0
239  0  0  0  0  1  0  0  1  1  0  0  0  1  1  0  0  1  0  1  0  1  1  1  0  1  0  1  0  0  0  1  1  1  1  0  1  1  1  1  0  -332.0       1     0.0
240  0  0  0  0  1  1  0  0  1  1  0  0  1  0  0  0  1  0  1  1  0  1  1  0  0  1  1  0  1  0  1  0  0  1  1  0  1  1  1  1  -332.0       1     0.0
241  0  1  0  0  1  0  0  1  1  1  0  0  1  1  0  0  0  1  1  0  1  1  1  0  1  0  1  0  0  0  1  0  1  1  1  0  0  0  1  1  -332.0       1     0.0
242  0  0  0  1  0  1  1  0  1  0  0  1  0  1  1  1  1  1  0  0  1  0  0  1  1  0  0  1  0  0  1  1  1  1  0  1  0  1  1  1  -332.0       1     0.0
243  0  0  1  0  0  1  0  0  1  1  0  0  1  0  1  0  1  0  1  1  1  0  1  0  0  1  1  0  1  0  1  0  0  1  0  0  0  1  1  0  -332.0       1     0.0
362  0  0  0  0  1  1  0  0  1  1  0  0  1  1  1  0  1  0  1  0  1  1  1  1  0  1  1  1  1  0  1  0  0  1  1  1  0  0  1  0  -332.0       1   0.025
379  1  1  0  0  1  0  0  0  1  1  0  0  1  0  1  0  1  0  0  0  1  1  1  1  0  1  1  0  0  0  1  1  0  0  1  0  0  0  1  0  -332.0       1   0.025
424  0  0  0  0  1  0  0  0  1  0  0  0  1  0  1  1  1  0  1  0  1  1  1  0  0  1  1  0  0  0  1  1  1  1  1  1  1  0  1  0  -332.0       1   0.025
429  0  1  1  1  1  0  1  1  0  1  0  0  0  1  0  1  0  0  1  1  0  0  0  0  1  1  1  1  1  0  0  1  1  1  0  0  0  0  0  1  -332.0       1   0.025
483  0  0  0  1  1  0  0  0  1  1  0  0  0  0  0  1  0  0  1  1  1  1  1  1  0  1  1  0  1  1  1  0  0  1  0  0  1  0  1  1  -332.0       1    0.05
489  1  1  1  0  0  1  0  0  0  1  0  0  1  0  1  0  1  0  1  1  1  1  1  1  0  1  1  0  1  0  1  0  0  0  1  0  1  0  0  0  -332.0       1   0.075
245  0  1  1  1  1  1  1  0  0  0  1  0  0  1  1  0  0  1  1  0  0  1  0  0  1  1  1  1  0  0  0  0  1  1  0  1  0  1  0  1 -331.75       1     0.0
246  0  0  1  0  1  0  0  1  1  0  0  0  1  0  1  0  1  1  1  0  1  0  1  0  1  0  1  0  0  0  1  0  0  0  1  1  1  0  1  1 -331.75       1     0.0
247  0  1  0  0  1  1  0  0  0  1  1  0  1  1  1  1  1  0  0  0  1  1  1  1  0  0  1  0  0  0  1  0  0  0  1  1  1  1  1  0 -331.75       1     0.0
248  0  1  0  1  0  0  1  0  0  0  1  0  1  0  0  1  1  1  0  0  0  1  0  0  1  0  1  1  1  0  0  0  1  1  1  1  0  1  0  1 -331.75       1     0.0
249  0  1  0  0  1  1  0  0  1  1  0  0  1  0  0  0  0  0  1  1  1  1  1  0  0  1  1  0  1  1  1  0  0  0  1  0  1  0  1  0 -331.75       1     0.0
250  1  0  0  0  1  0  0  0  0  1  1  0  1  1  0  1  0  0  0  0  1  1  1  0  1  1  1  0  0  0  1  0  1  1  1  1  1  0  1  1 -331.75       1     0.0
251  0  1  1  0  0  0  0  0  0  1  0  0  1  1  1  0  1  0  1  1  1  0  1  0  1  0  1  0  1  0  1  0  0  1  0  1  1  1  0  0 -331.75       1     0.0
252  0  1  0  1  1  0  0  0  1  1  0  1  1  1  1  0  0  0  1  0  1  1  1  1  0  1  1  0  0  0  1  0  0  0  1  1  0  0  1  1 -331.75       1     0.0
253  0  0  0  0  0  0  0  0  1  1  0  0  1  0  0  0  1  1  1  0  1  1  1  1  0  1  1  0  0  1  1  0  1  1  0  1  1  0  1  0 -331.75       1     0.0
254  0  1  0  1  1  1  0  0  1  1  0  1  1  0  1  0  0  0  1  0  0  1  1  0  0  1  1  0  0  0  1  1  0  1  1  0  0  0  1  0 -331.75       1     0.0
255  0  1  0  1  1  1  1  1  1  1  1  0  1  0  1  0  1  0  1  0  0  1  0  0  0  1  1  0  0  0  1  0  1  0  0  0  0  1  0  0 -331.75       1     0.0
256  0  0  1  0  0  0  0  1  0  1  0  0  1  1  1  0  1  0  0  0  1  1  1  1  0  0  0  0  1  1  1  0  1  1  0  1  0  1  1  0 -331.75       1     0.0
257  0  1  0  1  1  0  0  0  1  1  1  0  1  1  1  1  1  1  1  0  1  1  0  0  0  0  1  1  0  0  1  0  1  0  1  1  0  1  0  1 -331.75       1     0.0
258  0  0  1  0  0  1  0  0  1  1  0  0  0  1  0  0  0  0  1  1  1  1  0  0  1  1  1  1  1  1  0  0  0  0  1  1  1  0  1  0 -331.75       1     0.0
351  0  0  1  0  1  0  0  0  1  1  0  0  1  1  0  0  1  0  1  0  1  1  1  0  0  0  1  0  0  1  1  0  0  0  1  1  1  1  1  0 -331.75       1   0.025
469  0  0  0  0  1  1  0  0  1  1  0  0  1  1  1  0  0  0  0  1  1  1  1  0  1  0  1  0  1  0  1  1  1  1  0  1  0  0  1  1 -331.75       1   0.025
496  0  1  0  0  1  1  0  0  0  1  0  0  1  0  1  0  0  0  1  0  1  1  1  1  0  1  1  0  1  0  1  1  0  1  1  0  0  0  1  0 -331.75       1    0.05
260  0  1  0  1  1  0  0  0  1  1  1  0  1  0  1  0  0  0  1  1  0  1  1  0  0  1  0  1  1  0  1  0  1  0  0  1  0  1  0  1  -331.0       1     0.0
261  0  1  0  1  1  1  0  0  0  1  0  0  1  0  1  1  1  1  0  1  1  0  1  1  1  1  1  1  0  0  1  0  0  0  1  0  0  0  0  0  -331.0       1     0.0
262  0  0  0  1  0  0  0  1  0  0  0  0  1  1  1  1  1  0  1  0  0  1  0  0  1  0  1  1  0  0  1  0  1  1  1  1  0  0  0  1  -331.0       1     0.0
263  0  0  0  1  0  0  1  1  1  1  0  0  1  0  0  0  1  0  0  1  0  1  0  0  0  1  1  1  1  1  1  0  1  1  1  1  0  0  0  1  -331.0       1     0.0
415  0  1  0  0  1  0  1  1  1  0  0  0  1  0  1  1  1  1  0  0  0  1  0  0  1  1  0  1  1  1  1  1  1  0  0  1  0  1  0  1  -331.0       1   0.025
416  0  1  1  0  1  0  0  1  0  0  1  0  1  0  0  1  1  0  0  0  1  1  0  0  1  0  1  1  1  0  0  1  1  1  0  1  0  1  0  1  -331.0       1   0.025
427  0  0  1  0  1  1  1  1  0  0  1  0  1  0  0  0  0  1  0  0  1  1  0  0  1  0  0  0  0  0  1  0  1  1  0  1  0  1  1  1  -331.0       1   0.025
442  0  1  0  0  1  1  0  1  0  1  1  0  1  0  0  1  1  1  1  1  1  1  0  0  0  1  1  0  0  0  0  0  1  0  1  0  1  1  0  0  -331.0       1   0.025
497  0  0  1  0  1  0  0  0  1  1  0  0  1  0  0  0  1  1  1  0  1  0  1  1  0  1  1  0  0  1  1  1  0  0  1  1  1  1  0  0  -331.0       1     0.1
266  0  1  0  1  1  1  0  0  1  1  0  0  1  1  1  0  0  0  1  1  1  1  1  1  0  1  1  0  1  0  1  0  0  0  0  0  1  1  0  0 -330.75       1     0.0
267  0  0  0  1  1  1  0  0  1  1  1  0  1  0  1  0  0  0  0  0  1  1  0  0  1  1  1  0  1  0  1  0  1  0  1  1  1  0  1  1 -330.75       1     0.0
268  1  0  0  1  1  1  0  0  0  1  1  0  1  1  1  1  0  0  0  0  1  0  1  0  0  1  1  1  1  0  1  0  0  0  0  0  1  0  1  0 -330.75       1     0.0
269  0  0  1  1  0  1  0  0  1  0  1  0  1  1  0  1  1  1  1  0  0  0  1  1  0  1  1  0  0  1  0  0  1  0  1  1  0  1  1  0 -330.75       1     0.0
271  0  0  0  1  0  1  0  1  1  0  0  0  1  1  0  0  1  0  1  1  0  1  0  0  1  1  1  1  0  1  0  0  1  0  0  0  0  1  0  0 -330.75       1     0.0
272  0  0  0  1  1  1  0  1  0  0  0  1  1  1  1  1  1  0  0  0  1  1  0  0  1  1  0  1  0  0  1  0  1  1  1  1  0  1  1  1 -330.75       1     0.0
386  0  1  0  0  1  1  0  0  1  1  0  0  1  0  0  0  0  1  1  0  1  1  1  1  0  1  1  0  1  0  1  0  0  0  1  1  1  0  1  1 -330.75       1   0.025
390  0  0  0  0  1  0  0  0  1  1  0  0  1  1  0  0  0  1  0  1  1  1  1  1  0  1  0  0  1  1  1  0  0  1  1  1  0  1  1  1 -330.75       1   0.025
406  0  1  1  1  1  1  0  0  0  0  1  0  1  0  0  1  1  0  0  0  1  0  0  0  1  0  1  0  0  0  1  1  1  1  1  1  1  1  0  1 -330.75       1   0.025
409  1  0  0  1  1  1  0  0  1  1  0  0  1  0  0  0  0  0  0  1  1  1  1  1  0  1  1  0  0  0  1  0  0  0  1  0  1  1  1  0 -330.75       1   0.025
417  0  1  0  0  1  1  0  0  1  1  0  0  1  0  1  0  0  1  1  0  1  1  1  1  0  1  1  0  1  1  1  0  0  0  1  0  1  0  1  0 -330.75       1   0.025
438  0  1  1  1  0  1  1  1  0  0  0  0  1  1  1  0  0  0  0  1  0  1  1  0  0  0  1  1  1  0  0  1  1  1  0  0  0  1  0  0 -330.75       1   0.025
471  0  0  0  1  1  0  0  0  0  1  0  0  1  0  0  1  0  0  1  0  0  1  1  0  1  1  1  1  1  1  1  0  1  1  1  0  0  0  0  1 -330.75       1   0.025
486  0  0  0  1  0  1  0  0  1  0  0  1  1  1  1  0  1  0  1  0  1  1  1  1  0  1  1  1  1  0  1  1  0  0  0  0  1  0  1  0 -330.75       1   0.025
276  0  1  1  0  1  1  0  0  1  1  0  0  1  0  0  0  1  1  1  0  1  0  1  1  0  0  1  0  0  0  1  0  0  0  1  0  1  0  1  0  -330.0       1     0.0
277  0  1  0  0  1  1  0  0  1  1  1  0  1  0  0  0  0  0  1  0  1  0  1  0  0  1  1  0  1  0  1  0  1  1  1  1  1  0  1  0  -330.0       1     0.0
278  0  0  0  0  0  0  0  0  1  1  1  0  1  1  0  0  1  1  1  1  1  0  1  0  1  0  1  0  1  0  0  1  1  1  0  0  0  1  0  0  -330.0       1     0.0
279  1  0  0  0  1  0  0  1  0  1  0  0  1  1  0  0  0  0  0  1  1  1  1  1  0  1  1  0  1  0  1  0  0  0  1  1  1  0  0  0  -330.0       1     0.0
280  0  0  1  0  0  1  0  1  0  1  0  0  1  1  0  0  1  0  0  1  1  1  0  1  0  1  1  1  1  0  0  1  0  0  1  1  0  0  0  0  -330.0       1     0.0
281  1  1  0  1  1  1  0  1  0  0  1  0  1  0  1  1  1  0  1  0  0  1  0  0  1  1  0  1  0  0  0  0  1  0  0  1  0  1  0  1  -330.0       1     0.0
282  0  0  0  1  1  0  0  1  0  1  0  0  1  0  0  1  0  1  0  1  1  1  1  0  0  1  1  1  1  1  1  0  1  0  1  0  0  0  0  1  -330.0       1     0.0
283  0  0  1  0  1  0  0  0  1  0  0  0  1  0  1  1  1  1  0  0  1  1  0  0  0  1  1  1  1  1  1  1  1  0  1  1  0  0  0  0  -330.0       1     0.0
413  0  0  1  1  0  0  1  1  0  0  0  0  1  0  0  1  1  1  1  0  1  1  0  0  1  0  1  1  0  0  0  1  1  0  0  1  0  1  1  1  -330.0       1   0.025
443  0  1  0  1  1  0  0  0  0  0  0  1  1  1  1  1  0  0  0  1  1  1  1  1  0  1  1  1  1  0  1  0  0  0  1  0  1  0  0  0  -330.0       1   0.025
450  1  1  0  0  0  1  0  0  1  1  0  0  1  0  0  0  0  0  1  0  1  1  1  1  0  1  1  0  0  0  1  1  0  0  1  0  1  0  1  0  -330.0       1    0.05
461  0  1  1  1  1  0  0  0  0  1  0  1  1  0  1  0  1  1  1  1  1  0  1  0  0  0  1  1  1  0  1  1  0  0  0  0  0  0  1  0  -330.0       1    0.05
286  0  1  0  0  0  1  0  0  1  1  0  0  1  1  1  0  0  0  1  0  1  1  1  0  0  1  1  1  0  0  1  1  0  0  1  1  0  0  1  0 -329.75       1     0.0
287  0  0  0  0  1  0  0  0  1  1  0  0  1  1  1  0  0  0  0  1  1  1  1  0  0  1  1  0  1  0  1  0  0  0  1  1  0  1  1  1 -329.75       1     0.0
288  0  0  1  0  0  0  0  1  0  1  0  0  1  1  0  0  1  0  0  1  0  0  1  0  1  1  0  1  0  1  1  0  1  1  1  1  0  1  0  1 -329.75       1     0.0
289  0  1  0  0  1  1  0  0  1  1  0  0  1  0  0  0  0  0  1  1  1  1  1  0  0  1  1  0  1  1  1  0  0  0  1  0  0  1  1  0 -329.75       1     0.0
290  0  0  1  0  0  1  1  1  1  0  1  0  1  1  0  1  0  0  1  0  0  0  0  0  1  1  0  1  1  0  1  0  1  0  0  1  0  1  0  1 -329.75       1     0.0
425  0  0  1  0  1  1  0  0  1  1  0  0  1  1  1  0  0  0  1  1  1  1  1  1  0  1  1  0  0  0  1  0  0  0  1  1  1  0  1  0 -329.75       1   0.025
426  0  0  1  1  0  0  1  0  1  0  1  0  1  0  1  1  1  0  1  0  0  1  0  0  0  1  1  1  1  1  1  0  1  1  0  1  0  1  0  0 -329.75       1   0.025
474  1  0  0  0  0  0  0  0  1  1  0  0  1  0  1  0  1  0  1  1  1  1  1  0  0  1  1  1  1  0  1  0  0  0  1  0  1  0  1  0 -329.75       1    0.05
488  0  0  1  1  1  1  0  0  1  0  0  0  1  1  0  1  1  0  1  0  1  0  0  0  0  1  1  0  1  0  1  0  1  0  0  1  1  1  0  0 -329.75       1    0.05
298  0  1  0  0  1  0  0  0  1  1  0  0  1  0  1  0  0  0  0  1  1  1  1  1  0  1  1  0  0  0  1  1  0  1  1  0  1  0  1  1  -329.0       1     0.0
299  0  1  1  0  1  0  1  0  0  0  1  0  1  0  1  0  0  0  0  0  1  0  1  1  0  1  1  1  1  1  1  0  1  1  1  0  1  0  0  0  -329.0       1     0.0
300  0  1  0  1  1  0  0  0  0  0  0  0  1  0  1  0  1  0  1  1  1  1  1  1  0  1  1  0  1  1  1  0  0  1  1  1  1  0  1  0  -329.0       1     0.0
301  0  1  0  1  1  1  0  1  1  0  0  1  1  0  1  0  0  0  0  0  1  1  1  1  0  1  1  0  1  0  1  0  0  1  0  0  1  0  1  0  -329.0       1     0.0
302  0  0  0  0  0  1  0  0  1  1  0  0  1  1  0  0  1  1  1  0  1  1  0  1  0  1  1  1  1  0  0  0  0  0  1  1  1  0  0  0  -329.0       1     0.0
428  1  1  0  0  1  1  0  0  1  1  0  0  1  0  0  0  0  0  1  0  1  1  1  0  0  0  1  0  1  0  1  0  0  0  1  0  1  0  1  1  -329.0       1   0.025
304  0  1  1  1  0  1  0  0  1  0  1  0  1  1  0  0  1  1  0  0  1  1  0  0  0  1  1  1  1  0  0  0  1  0  1  1  0  1  0  1 -328.75       1     0.0
306  0  1  0  0  1  1  0  1  1  1  0  0  1  0  1  0  0  0  0  0  1  1  1  0  0  1  1  0  1  0  1  0  0  0  0  0  1  0  1  0 -328.75       1     0.0
308  0  1  1  1  1  1  0  0  1  1  0  0  1  0  0  0  0  0  1  1  1  1  1  1  0  1  1  0  0  0  1  0  0  0  1  0  0  0  1  0 -328.75       1     0.0
480  0  0  1  0  1  1  0  0  1  1  0  0  1  0  1  0  0  1  1  0  1  1  1  1  0  1  1  1  0  1  1  0  0  1  1  0  0  0  1  0 -328.75       1    0.05
493  0  0  0  1  0  0  1  1  1  0  1  0  1  0  0  1  1  0  1  0  0  1  0  0  1  1  1  1  0  1  0  1  1  1  0  1  0  1  0  1 -328.75       1     0.1
317  0  1  0  1  1  0  0  1  0  1  0  0  1  0  1  0  1  1  0  1  1  1  1  0  0  0  1  1  0  1  1  0  1  0  1  0  1  0  0  0  -328.0       1     0.0
318  1  1  0  0  0  1  0  0  0  0  0  0  1  1  1  0  0  0  1  1  0  1  1  1  0  1  1  1  0  1  1  0  0  0  1  0  1  0  0  0  -328.0       1     0.0
319  0  0  0  0  1  0  0  0  1  1  0  0  1  0  0  0  0  1  0  1  1  1  0  0  0  1  1  1  0  0  1  0  1  0  1  1  1  0  1  1  -328.0       1     0.0
400  0  1  1  0  0  1  0  0  1  1  0  0  0  1  0  0  0  0  0  1  1  0  1  1  0  1  1  0  0  0  0  1  1  1  1  0  1  0  1  0  -328.0       1   0.025
408  0  0  0  0  1  1  0  1  1  1  0  1  1  0  0  0  1  0  0  0  1  1  1  0  0  1  1  0  1  0  1  0  0  0  1  1  1  0  1  1  -328.0       1   0.025
435  0  1  1  1  0  1  1  0  1  0  1  0  1  1  0  1  0  0  1  0  0  0  0  0  1  1  0  1  0  1  0  1  1  0  0  0  0  1  1  1  -328.0       1   0.025
464  1  0  0  1  0  1  0  1  0  0  0  0  1  1  0  1  0  0  1  0  0  0  0  0  1  0  1  1  0  1  1  1  1  1  0  0  0  1  0  1  -328.0       1    0.05
484  0  0  1  0  1  1  0  0  1  1  0  0  1  1  0  0  0  0  1  1  1  1  1  1  0  1  1  0  1  0  1  0  0  1  1  0  1  1  1  0  -328.0       1   0.075
322  0  1  0  1  1  0  1  0  1  0  0  0  0  0  1  1  0  0  1  1  1  1  1  0  0  1  1  0  1  0  1  0  0  1  1  0  1  0  1  1 -327.75       1     0.0
323  0  0  1  0  0  1  0  1  0  0  1  0  1  1  1  0  1  0  1  0  0  1  0  0  1  0  1  1  1  0  1  0  0  1  0  1  1  1  0  0 -327.75       1     0.0
324  0  1  0  0  0  1  1  1  1  1  0  0  1  0  1  1  1  1  1  0  0  1  1  1  0  1  0  0  1  0  1  0  1  0  1  1  0  0  0  0 -327.75       1     0.0
369  0  1  1  0  0  1  0  0  1  1  0  0  1  0  1  0  0  0  1  0  1  0  1  1  0  1  1  0  1  0  1  0  0  1  1  0  1  0  1  0 -327.75       1   0.025
419  0  0  1  1  0  1  0  0  1  1  1  0  1  0  0  0  1  0  0  0  0  1  1  1  0  1  1  0  1  0  1  0  1  1  1  0  0  1  1  1 -327.75       1   0.025
433  0  1  1  0  0  1  0  0  1  1  0  0  1  1  1  0  0  0  0  1  1  1  1  0  0  1  1  0  1  0  1  0  1  0  1  1  1  1  0  0 -327.75       1   0.025
434  1  1  0  0  1  0  0  0  0  1  0  0  1  1  1  0  1  1  0  0  1  1  1  1  0  1  1  0  0  0  1  0  0  0  1  0  1  0  1  0 -327.75       1   0.025
439  0  1  0  0  1  1  0  0  1  1  1  0  1  0  0  1  1  1  0  0  1  0  1  1  0  0  1  0  1  0  1  0  0  1  1  1  1  1  1  1 -327.75       1   0.025
476  1  1  0  0  0  1  0  0  1  1  0  0  0  0  1  0  0  1  0  1  1  1  1  1  0  1  0  1  1  0  1  0  0  0  1  0  1  0  0  1 -327.75       1    0.05
494  0  1  0  0  1  1  0  0  1  1  0  1  1  0  0  0  1  0  1  0  1  1  1  0  0  1  1  0  0  1  1  0  0  0  1  0  0  0  1  1 -327.75       1     0.1
327  0  1  0  1  1  0  0  1  0  0  0  0  1  0  1  1  0  0  1  0  1  1  1  1  0  1  0  0  0  1  1  1  0  0  0  0  1  1  1  1  -327.0       1     0.0
328  0  1  1  0  1  1  0  0  1  0  0  1  1  0  1  0  0  0  0  1  1  0  1  0  0  1  1  1  0  0  1  0  0  0  1  0  1  0  1  0  -327.0       1     0.0
329  1  0  0  0  1  1  0  0  1  1  0  0  1  1  1  0  1  0  0  0  1  1  1  1  0  1  1  1  0  0  1  0  0  0  1  0  1  0  1  0  -327.0       1     0.0
331  0  0  0  1  0  0  1  1  0  1  0  0  1  1  0  1  1  1  0  0  0  1  1  1  0  0  1  1  0  0  1  0  1  1  1  1  0  1  1  1  -327.0       1     0.0
332  0  0  1  1  0  1  1  1  0  0  1  0  1  1  1  1  0  0  0  0  0  0  0  0  1  0  1  1  1  1  1  1  1  1  0  1  0  1  0  1  -327.0       1     0.0
393  0  1  1  1  0  0  0  1  0  0  1  0  1  0  0  1  1  0  0  1  0  1  0  0  1  0  1  1  0  0  0  0  1  1  0  1  0  1  0  1  -327.0       1   0.025
453  1  1  0  1  0  1  0  1  0  0  0  0  1  1  0  1  0  1  1  0  0  0  0  0  1  1  1  1  1  0  1  1  1  0  1  0  1  0  0  0  -327.0       1   0.025
475  0  0  0  0  0  1  0  0  1  1  0  0  1  1  1  0  0  1  1  1  1  1  1  1  0  1  1  1  0  0  1  0  0  0  1  0  0  0  1  1  -327.0       1    0.05
478  0  1  0  0  0  1  0  0  1  1  0  0  1  0  0  0  1  0  1  0  1  1  1  1  0  1  1  1  0  0  1  0  0  1  0  0  0  1  1  0  -327.0       1    0.05
498  0  0  0  0  0  1  0  0  1  1  0  0  1  1  0  0  1  0  1  0  1  1  1  0  0  0  1  0  1  0  1  0  0  1  1  1  0  0  1  1  -327.0       1   0.075
334  0  0  1  0  0  1  0  1  1  1  0  0  1  1  0  0  0  0  1  0  1  0  1  0  1  1  1  0  0  1  1  1  0  0  1  0  1  1  0  0 -326.75       1     0.0
335  0  1  0  0  1  1  1  0  1  0  0  0  1  0  0  0  1  0  0  0  1  1  1  1  0  1  1  0  1  0  1  0  0  1  1  0  0  1  1  0 -326.75       1     0.0
336  0  0  1  1  0  0  0  0  1  1  1  0  0  0  0  1  1  0  1  0  0  0  1  1  1  0  0  0  1  1  1  1  1  1  1  1  0  1  1  0 -326.75       1     0.0
337  1  1  0  1  0  0  1  1  1  0  1  0  1  0  1  1  0  0  1  0  0  0  0  0  1  0  0  0  0  0  0  1  1  1  1  0  1  1  0  1 -326.75       1     0.0
338  0  0  0  1  1  1  0  0  0  1  0  0  1  0  1  0  1  0  0  0  1  1  1  0  1  1  1  0  0  0  0  0  1  1  0  1  1  0  1  1 -326.75       1     0.0
397  1  0  0  1  1  1  0  0  1  1  0  0  1  1  0  0  0  0  0  1  1  1  1  1  0  1  1  0  1  0  1  0  0  1  1  0  1  0  1  0 -326.75       1   0.025
473  0  0  0  0  1  0  0  0  1  1  0  0  1  1  1  0  0  0  1  1  1  1  1  1  0  1  1  0  1  0  1  0  0  0  1  1  1  0  0  0 -326.75       1    0.05
341  0  0  1  0  1  1  1  0  1  0  0  0  1  0  1  1  1  0  0  0  1  0  1  0  0  1  1  1  1  0  1  1  0  1  0  0  1  0  1  0  -326.0       1     0.0
342  0  0  0  0  1  0  0  0  0  1  0  0  1  1  0  0  1  0  1  0  1  1  1  0  1  1  1  1  0  0  1  0  0  1  1  1  0  1  1  1  -326.0       1     0.0
458  0  1  0  1  1  0  0  0  0  1  0  0  1  0  1  0  0  0  1  0  1  1  1  1  0  1  1  0  1  1  0  0  0  0  1  1  1  1  1  0  -326.0       1   0.025
344  0  1  1  0  1  1  0  1  0  1  0  0  1  1  0  1  0  1  1  0  1  0  1  0  0  1  1  0  0  0  1  0  1  0  1  0  0  0  0  1 -325.75       1     0.0
423  1  1  0  0  1  0  0  0  1  1  0  0  1  1  0  0  0  0  1  1  1  1  1  1  0  0  1  0  1  1  1  0  0  0  1  0  1  0  1  1 -325.75       1   0.025
436  1  0  0  0  1  1  0  0  1  0  0  0  0  1  1  0  1  0  1  0  1  1  0  0  0  0  1  0  1  0  1  0  0  1  1  1  1  1  1  0 -325.75       1   0.025
353  0  0  1  1  0  0  1  1  1  1  1  0  1  1  0  1  1  0  1  0  0  1  0  0  1  0  0  1  1  1  0  0  1  1  0  1  0  1  0  1  -325.0       1     0.0
402  1  0  0  0  1  1  0  0  1  1  0  0  1  0  0  0  0  0  1  0  1  1  1  1  0  1  1  0  1  0  0  0  0  0  1  0  1  0  1  1  -325.0       1   0.025
490  1  0  0  0  1  1  0  0  1  1  0  0  1  1  1  0  0  0  1  0  1  1  1  1  0  1  1  1  1  0  0  0  0  0  1  0  1  0  0  1  -325.0       1   0.075
358  0  0  0  0  1  0  0  1  1  1  0  0  1  0  0  0  1  0  1  0  1  1  1  0  0  1  1  0  1  0  1  0  0  0  0  1  1  1  0  0 -324.75       1     0.0
359  0  1  0  0  0  0  0  1  0  1  0  0  1  1  0  0  0  0  0  1  1  1  1  1  0  1  1  1  1  0  1  0  0  1  1  0  1  0  1  0 -324.75       1     0.0
444  0  1  1  1  1  0  0  0  0  1  0  0  1  0  0  0  0  0  1  1  1  1  0  1  0  1  1  0  1  1  1  0  0  0  1  0  1  0  0  1 -324.75       1   0.025
457  1  0  1  0  0  1  0  0  1  0  0  0  1  1  1  0  0  0  1  1  1  1  1  0  0  1  0  1  1  0  0  0  0  0  1  0  1  1  1  0 -324.75       1   0.025
363  0  1  1  1  0  0  0  0  1  0  1  0  1  0  0  1  1  1  0  1  1  0  1  0  1  1  1  1  1  1  0  0  1  0  0  1  0  0  0  0  -324.0       1     0.0
364  1  0  0  0  0  0  0  0  0  1  0  0  1  1  0  0  1  0  1  0  0  0  1  0  1  1  1  1  0  0  1  0  1  1  1  0  1  1  1  0  -324.0       1     0.0
491  0  1  0  0  1  1  0  0  1  1  1  0  1  0  0  0  1  1  1  0  1  0  1  1  0  1  0  0  0  0  1  1  0  0  1  1  1  1  0  0  -324.0       1    0.05
366  0  0  0  0  1  0  0  0  0  0  1  1  1  1  1  1  1  1  1  0  0  0  1  0  0  0  1  0  1  0  1  0  0  1  1  0  1  0  1  1 -323.75       1     0.0
446  1  0  0  1  1  0  0  0  1  1  0  0  1  0  0  0  0  0  1  0  1  1  1  1  0  1  1  1  1  0  1  0  1  0  1  1  1  1  0  0 -323.75       1   0.025
449  0  0  0  1  1  0  0  0  1  0  0  1  1  1  0  1  0  1  1  1  1  1  1  1  0  1  1  0  1  1  1  0  0  0  1  0  0  0  0  1 -323.75       1   0.025
462  0  0  0  0  1  1  0  0  1  1  0  0  1  1  0  1  0  0  0  1  1  1  1  1  0  1  1  0  1  0  1  0  0  1  1  0  0  0  0  1 -323.75       1   0.025
371  0  1  0  0  1  1  0  0  1  1  0  0  1  1  1  0  0  1  1  0  1  0  1  1  0  1  1  0  0  0  1  0  0  0  1  0  1  0  0  0  -323.0       1     0.0
372  1  0  0  0  1  0  0  0  1  1  0  0  1  1  1  0  1  1  1  0  1  1  1  1  0  1  1  0  0  0  1  0  0  0  1  0  0  0  0  0  -323.0       1     0.0
373  0  0  0  1  1  1  0  0  1  1  0  0  1  0  0  1  0  0  1  0  1  1  1  0  0  1  1  0  1  0  1  0  1  0  1  0  0  0  0  1  -323.0       1     0.0
377  0  0  1  1  1  0  0  1  0  0  0  0  1  1  0  0  1  0  1  1  1  0  1  0  1  0  1  0  1  0  1  0  0  1  1  1  0  0  0  1 -322.75       1     0.0
383  1  1  0  0  0  1  0  0  0  1  0  0  1  0  0  0  1  0  1  0  1  1  1  0  0  1  1  1  1  0  1  0  0  0  1  0  1  0  1  0  -322.0       1     0.0
384  0  0  1  0  0  0  0  0  1  0  0  0  1  0  0  0  0  0  1  1  1  1  1  0  1  1  1  1  1  0  1  1  0  1  1  0  0  1  0  0  -322.0       1     0.0
467  0  1  0  1  1  1  1  0  1  1  0  0  1  0  1  0  0  1  1  0  0  1  1  1  0  0  0  1  0  0  1  1  0  0  1  1  1  0  0  0  -322.0       1   0.025
459  0  1  1  0  1  0  0  0  1  0  0  0  1  0  0  0  1  0  0  0  1  1  1  1  1  1  1  1  1  0  1  0  0  1  1  0  0  0  1  0 -321.75       1   0.025
395  0  1  1  0  1  0  0  0  1  1  0  0  1  0  0  1  0  0  1  0  1  1  1  0  1  1  1  1  1  0  0  0  0  1  0  1  0  1  1  1 -320.75       1     0.0
466  0  0  0  0  1  0  0  0  1  1  1  0  1  1  1  0  1  1  1  0  1  1  1  0  1  1  0  0  0  1  1  0  0  0  0  1  1  0  1  0  -320.0       1   0.025
479  0  0  0  0  1  1  0  1  1  0  0  0  1  0  0  0  1  1  0  0  1  1  1  0  1  1  1  0  0  1  1  0  0  0  1  0  1  1  1  0 -319.75       1   0.025
470  0  1  1  0  0  0  0  0  1  1  0  0  1  1  1  1  1  1  1  0  0  0  1  1  0  1  1  0  1  0  1  0  0  0  1  0  1  0  1  0  -319.0       1   0.025
420  0  0  1  1  0  1  1  1  1  0  1  0  1  0  0  1  0  0  1  0  1  1  0  0  0  0  1  1  0  1  1  1  1  0  1  1  0  0  1  1  -317.0       1     0.0
451  1  1  0  0  1  1  0  0  1  1  0  0  1  1  0  0  0  0  1  0  1  0  1  1  0  1  1  0  0  0  1  0  0  0  0  0  1  0  0  0  -317.0       1   0.025
431  0  0  0  0  1  1  0  1  1  1  0  0  1  1  1  0  0  0  1  0  1  0  1  0  0  1  1  0  1  0  1  0  1  0  1  0  1  0  1  0 -314.75       1     0.0
432  0  0  1  0  1  1  0  0  1  0  0  0  1  1  1  1  0  0  1  0  1  0  1  1  0  1  1  1  0  0  1  0  0  0  1  0  1  0  1  0 -314.75       1     0.0
['BINARY', 500 rows, 500 samples, 40 variables]Valid partition found with 144 cut edges
Solution:  [0, 0, 0, 1, 1, 1, 1, 1, 0, 1, 1, 0, 1, 1, 0, 1, 0, 0, 1, 1, 0, 1, 0, 0, 0, 1, 1, 1, 1, 1, 0, 0, 0, 1, 1, 0, 0, 0, 0, 0]