--------------- DW_2000Q_6 ---------------
     0  1  2  3  4  5  6  7  8  9 10 11 12 13 14 15 16 17 18 19 20 21 22 23 24 25 26 27 28 29 30 31 32 33 34 35 36 37 38 39 40 41 42 43 44 45 46 47 48 49  energy num_oc. chain_.
63   1  0  0  1  0  0  0  0  1  1  0  1  0  1  1  1  0  0  0  1  0  1  1  1  0  1  0  0  1  1  0  0  0  1  0  1  0  0  1  0  1  0  1  0  1  1  1  0  1  1 -311.25       1    0.02
0    1  0  1  0  0  1  0  0  1  1  0  0  0  1  0  1  1  1  0  1  0  0  1  1  0  0  0  0  0  1  0  1  1  1  0  0  0  0  1  0  1  1  0  0  1  0  0  0  1  1  -311.0       1     0.0
1    0  1  0  1  0  1  1  0  0  0  1  1  1  0  0  1  1  1  1  0  0  0  1  1  0  1  1  0  0  0  0  1  0  0  1  1  1  1  0  1  1  0  1  0  0  0  0  1  0  0  -310.0       1     0.0
2    0  0  1  1  0  0  1  1  0  1  1  0  1  1  1  1  0  0  1  1  1  0  0  1  1  0  0  0  0  0  1  0  0  0  1  1  0  1  0  0  1  0  1  1  1  1  1  1  0  0  -309.0       1     0.0
3    1  0  1  0  0  0  0  0  1  0  0  1  1  0  0  1  0  1  0  0  0  1  1  1  0  0  1  0  1  0  0  1  1  0  1  0  0  0  1  0  1  1  1  0  1  1  0  1  1  1  -309.0       1     0.0
64   1  1  0  1  0  0  0  1  0  0  1  1  1  0  0  1  0  1  1  1  0  0  1  1  0  1  0  0  1  0  0  1  1  0  0  0  0  0  0  0  1  0  1  0  1  0  1  1  1  1  -309.0       1    0.02
4    1  0  0  0  0  0  0  1  0  0  1  1  1  0  0  1  1  1  1  1  1  0  1  1  0  1  0  0  1  0  0  1  0  0  0  0  0  0  1  0  1  0  1  1  1  1  1  1  1  0 -308.25       1     0.0
118  1  1  0  1  0  0  0  1  0  0  1  1  1  1  1  1  0  0  0  1  0  0  0  1  1  0  0  0  1  0  1  0  0  0  0  1  0  0  0  0  1  0  1  1  1  1  1  1  1  1 -308.25       1    0.02
129  1  1  1  1  0  0  0  0  0  1  0  0  1  1  1  1  0  0  0  1  0  1  0  1  0  0  0  0  1  0  0  1  0  1  1  1  0  0  0  0  1  1  1  0  1  1  0  1  1  1 -308.25       1    0.02
5    1  0  0  1  1  0  0  0  0  0  1  0  0  1  1  1  0  0  0  1  0  1  0  0  0  1  0  0  1  0  0  1  1  0  0  1  1  0  1  0  1  1  0  1  1  1  1  0  1  1  -308.0       1     0.0
310  0  0  1  0  1  1  0  1  1  0  0  1  1  0  0  1  1  1  0  0  1  0  1  0  0  0  1  0  0  0  0  1  1  1  1  0  1  0  1  0  1  0  0  1  1  0  0  1  0  1  -308.0       1    0.04
6    1  1  1  0  0  1  0  0  0  1  0  0  0  1  1  1  0  1  0  1  0  0  0  1  0  0  0  0  0  1  0  1  1  1  0  1  0  0  1  0  1  1  1  1  1  1  0  0  1  1 -307.25       1     0.0
7    0  0  0  1  0  1  1  1  0  0  1  1  1  0  0  1  0  1  1  1  1  0  1  1  0  1  0  0  0  0  1  0  0  0  0  1  1  0  0  0  1  0  1  0  0  1  1  1  1  1 -307.25       1     0.0
8    1  0  1  0  1  0  0  1  1  0  0  1  0  1  1  1  1  1  1  1  0  1  0  0  0  1  0  1  0  0  1  1  1  0  0  0  0  0  1  0  0  0  0  1  1  1  1  0  1  1  -307.0       1     0.0
9    0  0  0  1  0  0  0  1  0  1  1  1  1  0  1  1  0  1  1  1  1  0  1  1  0  0  0  0  1  0  1  1  0  0  1  1  1  1  0  0  0  0  1  0  0  1  1  1  1  0  -307.0       1     0.0
10   1  0  0  1  0  1  0  1  0  1  0  1  0  0  1  1  0  0  0  1  0  0  1  1  0  1  0  0  1  1  0  1  1  0  0  1  0  0  1  0  1  0  1  0  1  1  1  1  1  1  -307.0       1     0.0
128  1  0  0  1  1  0  0  1  0  0  1  1  1  0  1  1  0  0  0  1  0  0  1  1  0  1  0  0  1  0  0  1  0  0  1  1  0  0  1  0  1  0  1  0  1  1  1  1  1  1  -307.0       1    0.02
11   1  0  0  0  0  1  0  1  0  0  1  0  1  1  1  1  0  1  0  1  1  0  0  1  0  1  0  0  1  0  1  1  0  0  0  1  0  0  1  0  1  1  1  0  1  1  0  0  1  1 -306.25       1     0.0
12   0  1  0  1  0  0  0  1  0  1  1  1  1  0  1  1  0  1  1  1  0  0  1  1  0  1  0  0  1  0  1  1  0  0  1  1  0  0  0  1  1  0  1  0  0  1  1  1  1  0 -306.25       1     0.0
13   1  0  1  0  0  0  0  1  0  0  1  1  1  0  1  1  0  1  1  1  0  0  1  1  0  0  0  0  1  0  0  1  1  0  0  0  0  0  1  0  0  0  1  1  1  1  0  0  1  1 -306.25       1     0.0
14   1  1  1  1  0  0  0  1  0  1  1  0  0  1  0  1  0  1  0  1  0  0  1  1  1  0  0  0  1  0  0  1  0  0  1  0  0  0  1  0  1  1  1  0  1  0  0  0  1  1  -306.0       1     0.0
15   1  0  0  1  0  0  0  0  0  1  0  1  1  0  0  1  0  0  0  0  1  1  1  1  1  0  1  0  0  0  0  1  0  0  1  1  1  0  1  1  1  0  0  0  1  1  1  1  1  0  -306.0       1     0.0
16   1  0  0  1  1  0  0  1  0  1  1  0  0  1  1  1  0  1  0  1  0  0  1  1  0  1  0  0  1  0  1  0  1  0  0  1  0  0  0  0  1  1  1  0  1  1  1  0  1  1  -306.0       1     0.0
17   1  0  0  1  0  1  0  0  0  1  0  0  1  1  1  1  0  0  1  1  0  0  0  1  0  0  0  0  1  0  1  0  0  0  0  1  0  1  0  1  1  0  1  1  1  1  1  1  1  0  -306.0       1     0.0
18   0  0  0  1  0  0  1  1  0  1  1  1  1  0  1  1  0  0  1  0  1  0  1  1  1  0  0  0  0  0  1  0  0  0  1  1  1  1  1  0  0  0  1  1  1  1  1  1  0  0  -306.0       1     0.0
130  1  1  0  1  0  1  0  0  0  0  1  1  1  0  1  1  0  1  1  1  0  0  1  1  0  0  0  0  1  0  0  1  1  0  0  1  0  1  0  0  1  0  1  0  1  1  0  1  1  1  -306.0       1    0.02
267  1  0  1  0  0  1  0  1  1  0  1  1  1  1  1  1  0  0  0  1  0  0  1  1  0  1  0  0  1  0  0  0  0  1  0  1  0  0  1  0  1  1  1  0  1  1  0  0  1  1  -306.0       1    0.04
298  0  0  0  0  1  0  0  1  0  0  1  0  1  1  1  1  0  0  0  1  1  0  0  1  1  0  0  0  1  0  1  0  0  1  1  1  0  1  0  0  1  1  1  1  1  1  0  0  1  0  -306.0       1    0.04
401  1  0  0  0  0  0  0  1  0  0  1  0  1  1  1  1  0  0  0  1  1  0  0  1  1  0  0  0  1  0  0  1  0  0  1  1  0  0  1  0  1  0  1  1  1  1  1  0  1  1  -306.0       1    0.06
19   1  0  1  0  1  1  0  0  1  0  0  0  1  1  0  1  0  1  0  1  1  0  1  1  0  0  1  0  0  1  0  1  0  1  1  0  0  0  1  0  1  1  1  0  1  0  0  1  0  1 -305.25       1     0.0
20   1  1  0  1  0  0  0  1  0  1  0  1  1  1  1  1  0  0  0  1  0  0  0  1  1  0  0  0  1  0  0  1  0  1  1  1  0  0  0  0  1  0  1  0  1  1  0  1  1  1 -305.25       1     0.0
21   0  0  0  0  0  0  0  1  0  0  1  1  1  0  1  1  0  0  1  1  1  0  0  1  0  0  0  0  1  0  1  1  0  0  0  1  1  0  1  1  1  0  1  1  1  1  1  1  1  0 -305.25       1     0.0
368  1  1  1  0  0  0  0  1  0  1  0  0  1  1  1  1  0  1  0  1  1  0  1  1  1  0  0  0  1  0  0  1  0  0  1  0  0  0  1  0  1  1  1  0  1  0  0  0  1  1 -305.25       1    0.06
22   0  1  0  1  0  0  0  1  0  1  1  1  1  0  1  1  0  0  1  1  0  0  0  1  1  0  0  0  1  0  0  1  0  0  0  1  1  0  0  0  1  0  1  1  1  1  1  1  1  1  -305.0       1     0.0
23   0  0  0  1  1  0  0  1  0  1  1  0  1  1  1  1  0  0  0  1  0  0  1  1  0  1  0  0  1  0  1  1  0  1  1  1  0  1  0  0  1  0  1  1  0  1  0  0  1  1  -305.0       1     0.0
185  0  1  1  1  0  0  1  1  0  1  0  0  1  0  1  1  1  0  1  1  1  0  1  1  1  0  0  0  0  0  1  1  0  0  1  0  1  1  0  1  1  0  1  0  1  0  1  1  1  0  -305.0       1    0.02
24   0  1  0  1  1  1  1  0  0  0  1  0  1  1  0  1  0  1  1  0  1  0  1  1  0  1  0  0  0  0  1  1  0  0  0  1  1  1  0  1  1  0  1  0  0  1  1  1  1  0 -304.25       1     0.0
25   1  0  0  0  0  1  0  1  1  0  1  1  0  1  1  1  0  0  0  1  0  0  0  1  0  1  0  0  1  0  0  0  1  0  0  1  0  0  1  0  1  1  1  1  1  1  0  1  1  1 -304.25       1     0.0
26   1  1  1  0  0  0  0  0  0  0  0  1  0  0  0  1  0  1  0  1  0  1  1  0  0  1  1  0  1  1  0  1  1  0  0  0  0  0  1  0  1  0  0  1  0  1  1  1  1  1 -304.25       1     0.0
147  0  1  0  1  0  1  0  1  0  0  0  1  1  1  1  1  0  0  1  1  1  0  0  1  0  1  0  0  1  0  0  1  0  0  0  1  0  1  0  1  1  0  1  0  1  1  0  1  1  0 -304.25       1    0.02
306  0  1  0  1  0  0  0  1  0  1  0  0  1  1  1  1  0  0  1  1  1  0  0  1  1  1  0  0  1  0  0  0  0  0  0  1  0  0  1  0  1  0  1  1  1  1  1  0  1  1 -304.25       1    0.04
331  1  0  0  1  0  0  1  0  1  0  0  1  0  1  0  1  0  0  0  0  0  1  1  1  1  0  1  0  1  0  0  0  1  1  1  1  0  1  0  0  0  0  1  0  0  1  1  1  0  1 -304.25       1    0.04
349  1  0  0  1  0  0  0  1  0  1  0  0  1  1  1  1  0  0  0  1  0  0  1  1  0  0  0  0  1  0  1  1  0  0  0  1  0  0  0  0  1  0  1  0  1  1  1  1  1  1 -304.25       1    0.04
455  1  0  1  0  0  0  0  1  0  0  1  0  1  1  1  1  0  1  0  1  0  0  1  1  1  0  0  0  1  0  0  1  1  1  1  0  0  0  1  0  1  1  0  0  1  1  0  0  1  1 -304.25       1    0.08
27   1  0  1  0  0  1  0  1  0  0  1  0  1  1  1  1  0  0  0  1  0  0  1  1  1  1  0  0  1  0  0  0  0  1  1  1  0  0  1  0  1  1  1  0  1  1  0  0  1  1  -304.0       1     0.0
28   0  1  1  1  1  0  1  1  0  0  0  1  1  0  0  1  0  0  1  1  0  0  1  1  1  0  0  0  0  0  1  1  1  0  1  1  0  0  0  1  0  0  1  0  1  1  1  0  1  1  -304.0       1     0.0
29   0  0  0  1  1  0  0  1  0  0  1  0  1  0  0  1  0  1  1  1  0  0  1  0  0  0  0  0  1  0  1  1  1  0  1  0  1  1  1  0  0  0  0  1  1  0  1  0  1  0  -304.0       1     0.0
30   0  0  0  1  1  0  1  1  0  0  1  1  1  0  0  1  0  0  1  1  0  0  1  1  1  0  0  0  0  0  0  1  1  1  0  1  1  0  0  0  1  0  1  0  0  1  1  0  1  1  -304.0       1     0.0
31   1  0  1  0  0  1  0  0  1  1  0  0  1  1  0  1  0  1  0  1  0  0  1  1  0  0  0  0  1  0  0  1  0  1  0  0  1  0  1  0  1  1  1  0  0  1  0  1  1  1  -304.0       1     0.0
32   1  0  0  0  0  1  0  1  0  0  1  1  1  0  1  1  1  1  0  1  0  0  1  1  0  0  0  0  0  0  1  1  0  0  0  1  0  0  1  0  1  0  1  1  0  1  1  0  1  1  -304.0       1     0.0
148  1  1  0  1  0  1  0  1  0  1  0  0  0  1  1  1  0  0  0  1  0  0  0  1  0  0  0  0  1  0  0  0  0  0  1  1  0  0  1  0  1  0  1  1  1  1  1  1  1  1  -304.0       1    0.02
167  1  1  0  0  0  0  0  1  1  0  0  0  0  1  1  1  0  1  1  1  0  0  1  1  0  1  0  0  1  0  0  0  0  1  0  1  0  0  1  0  1  0  1  0  1  1  0  1  1  1  -304.0       1    0.02
201  1  0  1  1  0  1  0  1  0  0  0  0  1  1  0  1  0  1  0  1  1  0  1  1  0  0  0  0  1  0  0  1  0  0  1  0  0  0  1  0  1  0  1  0  1  1  1  0  1  1  -304.0       1    0.04
33   0  1  0  0  0  0  0  1  0  0  1  1  0  0  0  1  1  1  1  0  0  1  1  0  1  1  0  1  0  0  0  1  1  0  1  0  1  0  1  0  0  1  0  0  1  0  1  1  0  1 -303.25       1     0.0
34   0  0  0  1  0  0  1  1  1  0  0  1  1  0  0  1  0  1  1  1  0  0  1  1  0  1  0  0  0  0  1  1  0  0  0  1  1  0  0  0  1  0  1  0  0  1  1  1  1  0 -303.25       1     0.0
35   1  1  1  1  0  0  0  0  0  0  1  1  1  1  1  1  0  1  0  1  0  0  1  1  1  0  0  0  1  0  0  1  1  0  1  0  0  0  1  0  0  0  1  0  1  1  0  0  1  1 -303.25       1     0.0
162  0  0  0  1  0  0  0  1  0  1  0  0  1  1  1  1  0  0  0  1  0  1  0  0  1  0  0  0  1  0  1  1  1  0  1  1  1  0  1  0  1  0  0  1  1  1  1  1  1  0 -303.25       1    0.02
184  0  0  1  0  0  1  0  1  0  1  0  0  0  1  1  1  0  1  0  1  1  0  1  1  0  0  0  0  1  0  0  1  0  1  1  0  0  1  1  0  1  1  1  0  0  1  0  1  1  1 -303.25       1    0.02
205  1  0  1  0  0  0  0  0  1  0  1  0  1  1  1  1  1  1  0  1  1  0  0  1  1  0  0  0  0  0  0  0  0  1  1  0  0  0  1  0  1  1  1  1  1  0  0  0  0  1 -303.25       1    0.02
322  0  1  0  1  0  1  0  1  0  0  1  0  1  1  0  1  0  1  0  1  0  0  1  1  0  1  0  0  0  0  1  1  0  0  1  1  1  1  0  0  1  0  1  0  0  1  0  1  1  1 -303.25       1    0.04
386  1  0  1  0  0  1  0  0  1  1  0  0  1  1  1  1  1  0  0  1  0  0  1  1  0  0  0  0  1  0  0  0  0  1  1  1  0  0  0  0  1  0  1  1  1  1  0  1  1  1 -303.25       1    0.06
444  1  0  1  1  0  1  0  1  0  1  0  1  1  0  0  1  0  1  0  1  0  0  1  1  0  1  0  0  1  0  0  1  1  0  0  0  0  0  1  0  1  1  1  0  0  1  0  1  1  1 -303.25       1    0.06
36   0  0  0  1  0  1  0  1  0  1  1  0  1  0  1  1  0  1  1  0  1  0  1  1  0  0  0  0  1  0  1  1  0  0  1  1  1  1  0  1  1  0  1  0  1  1  1  1  1  0  -303.0       1     0.0
37   1  1  1  1  0  0  0  0  0  1  0  1  0  1  1  1  1  1  0  1  1  0  1  1  0  0  1  0  0  0  0  1  0  0  1  0  0  0  0  1  1  0  1  0  1  1  0  1  1  1  -303.0       1     0.0
38   0  0  0  1  0  0  0  1  0  1  0  1  1  1  1  1  0  0  1  0  1  0  1  1  1  0  1  0  1  0  1  0  0  0  1  1  0  1  0  1  0  0  1  1  1  1  1  0  1  0  -303.0       1     0.0
166  1  1  0  1  0  0  0  1  0  0  1  1  1  0  1  0  0  0  1  1  0  0  1  1  0  0  0  0  1  0  0  1  1  0  0  1  0  1  0  0  1  0  1  1  1  1  1  1  0  0  -303.0       1    0.02
204  0  0  0  1  0  0  0  1  0  0  1  1  0  1  1  1  0  0  1  0  1  0  0  1  0  1  0  1  1  0  1  1  0  0  0  1  0  1  0  1  1  0  1  0  1  1  1  0  0  1  -303.0       1    0.02
246  1  0  1  1  1  1  1  0  1  0  0  0  1  0  0  0  0  1  1  0  0  1  1  1  0  1  1  0  1  0  1  0  1  0  0  0  0  1  0  1  1  1  0  0  0  1  1  1  1  0  -303.0       1    0.02
262  0  0  0  1  0  0  0  1  0  1  0  0  1  1  1  1  0  0  1  1  1  0  1  1  0  0  0  0  1  0  1  1  0  0  1  1  0  0  1  0  1  0  1  1  1  1  1  1  1  0  -303.0       1    0.02
39   0  0  1  1  0  0  0  0  0  1  1  0  1  1  1  1  0  0  1  1  0  0  0  1  0  0  1  0  1  0  1  1  1  0  0  1  0  0  0  0  1  0  1  1  1  1  1  1  1  0 -302.25       1     0.0
40   1  0  0  0  0  1  0  0  1  0  0  0  1  1  1  1  0  1  0  1  0  0  1  1  0  0  1  1  1  0  0  1  1  1  0  0  1  0  1  0  1  1  1  0  1  0  0  0  1  1 -302.25       1     0.0
41   0  0  0  0  0  0  1  1  0  0  1  0  1  1  1  1  0  0  1  0  1  0  1  1  1  0  0  0  1  0  1  0  0  0  1  1  1  1  0  1  1  0  1  0  0  1  1  1  1  0 -302.25       1     0.0
42   1  0  0  1  0  0  0  1  0  0  0  0  0  0  0  1  0  1  1  1  0  0  1  1  0  1  0  0  1  0  0  0  1  0  0  1  0  0  0  0  1  1  1  0  0  1  1  1  1  1 -302.25       1     0.0
174  0  0  0  1  1  0  1  1  0  1  0  0  0  1  0  1  0  0  1  1  0  1  1  1  1  1  0  0  0  0  1  0  1  1  0  1  0  1  0  1  1  0  1  0  0  1  1  1  1  1 -302.25       1    0.02
186  0  1  1  0  0  0  0  1  0  1  1  0  1  1  1  1  0  0  1  1  1  0  0  1  1  0  0  0  1  0  1  1  0  0  1  1  1  1  0  1  1  0  1  1  1  1  0  1  1  0 -302.25       1    0.02
207  1  0  0  1  1  0  0  0  1  1  0  0  1  1  0  1  0  0  1  1  0  1  0  1  1  1  1  0  1  0  1  0  0  0  0  1  0  0  0  1  1  0  1  0  1  1  0  1  1  0 -302.25       1    0.02
250  1  0  1  0  0  1  0  0  1  0  0  0  1  0  0  1  0  1  0  1  0  0  1  1  0  0  0  0  1  0  0  1  1  1  0  0  0  1  1  0  1  1  0  0  1  1  0  1  1  1 -302.25       1    0.02
346  0  0  0  1  1  1  0  1  0  0  0  1  1  1  1  1  0  0  1  1  1  0  1  1  0  1  0  0  1  0  1  0  0  1  0  1  0  0  0  0  1  0  1  1  1  1  0  0  1  0 -302.25       1    0.04
43   1  0  1  1  0  1  0  1  0  1  0  1  1  1  1  1  0  0  0  1  0  0  1  1  0  0  0  0  0  0  0  1  1  1  0  1  0  0  1  0  1  0  1  1  1  1  0  0  1  1  -302.0       1     0.0
44   1  1  0  1  0  0  0  1  0  1  1  1  0  1  1  1  0  0  1  1  1  0  1  1  0  0  0  0  1  0  0  1  0  1  1  1  0  1  0  0  1  0  1  0  0  1  0  1  0  1  -302.0       1     0.0
45   0  0  0  1  0  1  0  1  0  0  1  0  1  1  0  1  0  1  1  1  1  0  1  1  0  0  0  0  1  0  1  1  0  1  0  1  0  1  0  0  1  0  1  0  0  1  0  0  1  1  -302.0       1     0.0
46   1  1  0  0  0  1  0  1  0  1  0  1  1  1  1  0  1  0  0  1  0  0  1  1  0  1  0  0  1  1  0  1  0  1  0  1  0  0  0  0  1  0  1  0  0  1  0  0  1  1  -302.0       1     0.0
47   1  0  1  1  1  0  0  1  0  0  0  0  1  1  0  1  0  0  1  1  0  0  1  1  0  0  0  0  1  0  1  1  1  1  0  0  0  0  0  1  1  1  1  0  0  1  0  0  1  1  -302.0       1     0.0
48   0  0  0  1  1  1  0  1  0  0  0  0  1  1  1  1  0  0  0  1  0  0  0  1  1  0  0  0  1  0  1  1  0  1  1  1  0  0  0  0  1  0  1  1  1  1  1  0  1  0  -302.0       1     0.0
49   0  1  0  0  0  1  0  1  1  1  0  1  0  1  1  1  0  0  0  0  0  1  0  1  0  1  0  0  1  0  0  0  0  0  0  1  1  0  1  0  1  0  0  1  1  1  1  1  1  1  -302.0       1     0.0
50   1  1  0  0  0  1  0  1  0  0  1  1  1  1  1  1  0  1  0  0  0  0  0  1  0  0  0  0  1  0  0  1  0  0  1  1  0  0  0  0  1  0  1  1  1  1  0  1  1  1  -302.0       1     0.0
210  0  0  0  0  0  0  0  1  0  1  0  0  1  1  1  1  0  0  1  1  1  0  0  0  1  0  1  0  0  0  1  1  1  1  1  0  0  1  1  0  0  0  1  1  1  1  0  0  0  0  -302.0       1    0.02
228  0  1  1  1  0  0  0  1  0  0  1  0  1  0  0  1  0  1  1  1  1  0  1  1  0  0  0  0  0  0  1  1  0  0  1  0  0  1  0  1  1  1  1  0  1  1  1  1  1  0  -302.0       1    0.02
257  0  0  1  1  0  0  0  1  0  0  1  1  1  1  0  1  0  1  1  1  1  0  1  1  0  0  1  0  1  0  0  1  0  0  1  0  1  0  1  1  1  0  1  0  1  1  0  0  1  0  -302.0       1    0.02
339  0  0  1  1  0  1  0  1  0  0  1  1  1  0  1  1  0  1  1  0  1  0  0  1  0  0  0  0  1  0  1  1  0  0  1  1  1  1  0  1  1  0  1  0  1  1  1  1  1  0  -302.0       1    0.04
51   1  0  0  1  1  0  0  1  0  1  1  0  0  1  0  1  0  0  0  1  0  0  1  1  1  0  0  0  1  0  1  1  0  0  0  1  0  1  0  0  1  0  1  0  1  1  1  1  1  1 -301.25       1     0.0
52   0  1  0  1  0  0  1  0  0  0  1  1  1  0  0  1  0  1  1  0  1  0  1  1  0  0  1  1  0  0  0  1  1  0  1  0  1  1  1  1  0  0  0  0  0  1  1  1  1  0 -301.25       1     0.0
53   1  0  1  0  0  1  0  0  1  1  1  0  0  1  0  1  0  1  1  1  0  0  1  1  0  0  1  0  0  0  0  1  1  1  0  0  0  0  1  0  1  1  0  0  1  0  0  0  1  1 -301.25       1     0.0
54   1  1  0  1  0  1  0  0  0  0  0  1  1  1  0  1  0  1  1  0  0  0  1  1  0  1  0  0  1  0  0  0  0  0  1  1  0  0  0  1  1  0  1  0  1  1  0  1  1  0 -301.25       1     0.0
55   0  1  0  0  0  0  0  1  0  1  0  1  1  0  1  1  1  1  1  0  0  0  1  0  1  0  0  0  0  0  0  1  1  0  1  1  1  1  1  0  1  0  0  1  1  1  0  1  0  1 -301.25       1     0.0
203  1  0  0  0  1  1  0  1  0  0  1  1  0  0  0  1  0  1  0  1  1  0  1  1  0  1  0  0  1  0  0  1  0  0  0  1  0  1  0  1  1  0  1  0  1  1  1  1  1  0 -301.25       1    0.02
232  0  0  1  0  1  0  0  0  1  0  1  0  1  1  1  1  0  1  1  1  1  0  0  0  0  0  0  0  1  1  1  0  1  0  1  1  1  0  1  0  1  1  0  1  1  0  0  0  1  0 -301.25       1    0.02
236  0  0  1  0  0  1  0  1  0  1  0  0  1  1  0  1  0  1  0  1  1  0  1  1  0  0  0  0  0  0  0  1  0  1  1  0  0  0  1  0  1  1  1  1  1  1  0  1  1  1 -301.25       1    0.02
245  0  1  1  1  0  1  0  1  0  0  1  0  1  1  0  1  0  1  0  1  1  0  1  1  0  1  0  0  0  0  0  1  0  0  1  0  0  0  1  0  1  1  1  0  0  1  0  1  1  1 -301.25       1    0.02
272  1  1  0  1  1  1  0  0  0  0  0  0  0  0  1  1  0  1  0  1  0  0  0  1  0  1  0  0  0  1  0  1  0  1  0  1  1  1  0  0  1  1  1  0  1  1  0  1  1  1 -301.25       1    0.02
56   1  0  1  1  0  1  0  1  0  0  0  1  1  1  1  1  0  0  0  1  0  0  1  1  0  0  0  0  1  0  0  0  0  1  1  1  0  0  1  0  1  0  1  1  1  1  0  1  1  1  -301.0       1     0.0
57   0  1  1  1  0  0  0  1  0  0  1  1  1  1  0  1  0  1  0  0  1  0  1  1  0  0  1  0  1  0  1  1  0  0  1  0  0  1  0  0  1  0  1  0  1  1  0  1  1  1  -301.0       1     0.0
58   1  0  0  0  1  1  0  1  0  0  1  0  0  1  1  0  0  1  0  1  0  0  0  1  0  1  0  0  1  0  0  0  1  1  0  1  0  0  0  0  1  1  1  1  1  1  0  1  1  1  -301.0       1     0.0
59   1  0  0  1  0  0  0  1  0  0  1  0  0  1  0  1  0  1  1  1  0  0  1  1  0  1  0  0  1  1  0  0  1  0  0  1  0  0  1  0  1  1  1  0  0  1  0  1  1  1  -301.0       1     0.0
60   0  1  0  0  0  1  0  1  0  1  0  1  1  0  1  1  0  1  1  1  1  0  1  1  0  0  0  0  0  0  1  1  0  0  0  1  1  0  1  0  1  0  1  1  0  1  1  1  1  0  -301.0       1     0.0
61   1  0  0  0  0  0  0  0  1  1  1  1  1  0  1  1  1  1  0  1  0  0  0  1  0  0  1  0  1  0  0  1  1  0  1  0  0  0  1  0  1  1  1  1  1  0  0  1  1  1  -301.0       1     0.0
62   1  1  0  0  0  0  0  1  1  1  0  1  0  1  1  1  1  1  1  0  0  0  0  0  0  0  0  0  1  1  0  1  1  0  1  1  0  0  1  0  0  1  1  1  1  0  0  1  1  1  -301.0       1     0.0
206  0  0  1  1  0  0  1  1  0  0  1  0  1  0  0  1  0  0  1  1  0  0  1  1  0  1  0  0  1  0  1  1  0  1  1  1  0  0  0  0  1  0  1  0  0  1  1  1  1  0  -301.0       1    0.02
227  1  0  0  0  0  1  0  1  1  0  0  0  1  1  0  1  0  1  0  1  0  0  1  1  0  0  1  0  1  1  0  1  1  1  0  0  1  0  1  0  1  0  0  1  1  0  0  0  1  1  -301.0       1    0.02
235  1  1  0  1  0  0  0  1  0  0  1  1  1  1  1  1  0  0  0  0  0  0  0  1  0  1  0  0  1  0  0  0  1  1  0  1  0  0  0  0  1  0  1  1  1  1  0  1  1  1  -301.0       1    0.02
405  0  0  0  1  1  0  0  1  0  1  1  1  1  1  1  1  0  0  1  1  0  0  1  0  0  0  0  0  0  0  1  1  1  0  1  1  1  1  0  0  0  0  0  1  1  1  1  1  1  0  -301.0       1    0.04
449  0  1  0  1  0  0  0  1  0  1  0  1  1  0  1  1  0  0  1  0  0  0  0  1  0  0  0  0  1  0  0  0  1  1  1  1  1  1  0  0  0  0  1  1  1  1  1  1  1  0  -301.0       1    0.06
65   1  0  1  1  1  1  0  1  1  0  0  0  0  1  1  1  0  1  0  1  0  0  1  1  0  0  0  0  1  0  0  1  0  1  0  1  0  0  0  0  0  1  1  0  0  1  0  0  1  1 -300.25       1     0.0
66   1  0  1  1  0  0  0  1  0  1  0  1  1  1  0  1  0  0  0  1  1  0  1  1  0  0  1  0  1  0  0  1  0  0  1  0  0  0  1  0  1  1  1  1  0  1  0  1  0  1 -300.25       1     0.0
67   1  0  1  0  0  0  0  1  0  0  1  1  1  0  1  1  0  1  1  1  0  0  1  1  0  1  0  0  1  0  0  1  1  0  0  1  0  0  0  0  1  0  1  1  0  1  0  1  1  1 -300.25       1     0.0
68   1  1  1  0  0  0  0  0  1  0  1  1  1  1  1  1  0  1  1  1  1  0  0  1  0  0  0  0  1  0  1  1  0  0  0  0  0  0  1  1  1  1  1  1  1  1  0  0  1  0 -300.25       1     0.0
69   1  0  0  0  0  1  0  1  0  1  1  1  0  0  0  1  1  1  1  1  0  0  1  1  0  0  0  0  0  0  0  1  0  0  1  1  0  0  1  0  1  1  1  1  1  0  0  1  1  1 -300.25       1     0.0
193  1  1  0  0  0  1  0  1  0  1  0  1  0  1  1  1  0  1  0  0  0  0  1  1  1  0  0  0  0  0  0  1  0  0  1  1  0  0  1  0  0  1  1  1  1  1  0  1  1  1 -300.25       1    0.02
208  1  0  1  1  1  0  0  1  0  0  1  0  1  1  1  1  1  1  0  1  0  0  1  0  1  1  0  0  0  0  0  0  1  1  1  0  1  0  1  0  1  1  0  1  1  0  0  0  1  1 -300.25       1    0.02
264  1  1  1  1  1  0  0  1  1  0  0  0  0  1  0  1  0  1  0  1  0  0  1  1  1  0  0  0  1  1  0  0  1  1  0  0  0  0  1  0  1  1  1  0  1  0  0  0  1  1 -300.25       1    0.02
270  0  0  1  1  0  0  0  1  0  1  1  1  0  1  1  1  0  0  0  1  0  0  0  0  1  0  1  0  0  0  0  1  1  1  1  0  1  1  1  0  0  0  1  1  1  1  0  0  1  1 -300.25       1    0.02
383  0  0  0  1  1  0  1  1  0  0  0  1  1  1  0  1  0  0  0  0  1  0  1  1  0  1  0  0  1  0  1  1  0  1  1  1  1  1  0  1  1  0  1  0  0  1  1  1  1  0 -300.25       1    0.04
70   1  0  0  1  0  0  0  0  0  1  0  0  0  1  1  1  0  0  0  1  0  1  0  1  1  0  0  0  0  1  0  1  1  0  0  1  0  1  0  0  0  1  1  1  1  1  1  1  1  1  -300.0       1     0.0
71   1  0  0  0  0  1  0  1  1  0  1  0  1  1  1  1  1  1  0  1  0  0  0  1  0  0  0  0  0  0  0  0  1  1  0  1  1  0  1  0  1  1  1  1  1  1  0  0  1  1  -300.0       1     0.0
72   1  0  1  1  0  0  0  0  0  0  0  1  1  1  0  1  1  1  0  1  1  0  1  1  0  0  1  0  1  0  0  1  0  0  1  0  0  0  1  0  1  0  1  0  0  1  0  1  0  0  -300.0       1     0.0
73   1  1  0  1  0  1  0  0  0  0  1  1  1  1  0  1  0  1  0  1  1  0  1  1  0  1  0  0  1  0  1  1  1  0  0  0  0  0  0  1  1  1  1  0  1  1  0  0  1  0  -300.0       1     0.0
74   0  0  0  0  1  0  0  1  1  0  1  0  1  1  1  1  0  1  0  1  0  0  1  1  1  0  0  0  1  0  0  1  1  1  0  0  1  0  1  0  1  1  0  0  1  0  0  0  1  1  -300.0       1     0.0
75   0  1  0  0  0  0  0  1  0  0  0  1  1  1  1  1  0  1  1  1  0  0  0  0  0  1  0  0  1  0  1  0  1  0  1  1  1  1  0  0  0  0  0  1  1  1  1  1  1  0  -300.0       1     0.0
352  1  1  1  0  1  0  0  1  0  0  0  1  1  1  1  1  0  1  0  1  1  0  1  1  0  0  1  0  1  0  0  1  0  0  1  0  0  0  1  1  1  0  1  0  1  1  0  1  0  0  -300.0       1    0.04
367  0  0  1  1  1  0  0  1  0  0  1  1  1  1  1  1  0  0  0  1  0  0  1  1  0  0  0  0  1  0  0  0  0  1  1  1  0  0  1  0  1  0  1  1  0  1  0  0  1  1  -300.0       1    0.04
377  1  0  1  1  1  0  0  0  0  1  1  0  0  0  1  1  1  1  0  1  1  0  1  1  0  1  0  0  0  0  0  1  0  1  1  0  0  0  0  0  1  1  1  0  0  1  1  1  1  1  -300.0       1    0.04
76   1  1  0  1  1  0  0  0  1  0  1  0  1  1  1  0  0  0  1  1  0  0  0  1  0  0  0  1  0  0  1  0  1  0  0  1  1  0  0  1  1  1  1  1  1  1  0  0  1  0 -299.25       1     0.0
77   0  1  1  0  0  0  0  1  0  1  0  1  1  1  1  1  1  0  0  1  0  0  1  1  1  0  0  0  0  0  0  1  1  1  0  0  0  0  1  0  0  0  1  0  1  1  1  1  1  1 -299.25       1     0.0
78   1  0  0  0  0  0  0  1  0  0  0  0  1  1  1  1  0  1  0  1  0  0  0  1  0  0  0  0  1  0  0  1  1  1  0  0  0  0  1  0  1  1  0  1  1  1  0  0  1  1 -299.25       1     0.0
79   0  1  0  1  0  0  0  1  0  0  0  1  1  1  1  1  0  0  0  1  0  0  1  1  0  1  0  0  1  0  0  1  0  0  1  1  1  1  0  0  1  0  1  0  0  1  1  1  1  1 -299.25       1     0.0
80   0  1  0  1  0  0  1  1  0  0  1  1  1  0  1  0  0  1  1  0  1  0  1  1  1  0  0  1  0  0  1  1  0  0  1  1  1  0  0  0  1  0  1  1  0  0  1  1  1  1 -299.25       1     0.0
81   0  1  0  1  0  0  0  1  0  0  0  1  1  0  1  1  0  1  1  1  1  0  1  1  0  1  0  0  1  0  1  1  1  0  1  0  1  1  1  0  1  0  0  0  0  0  1  1  0  0 -299.25       1     0.0
82   1  0  0  0  0  0  0  0  0  0  1  0  1  1  1  1  0  1  0  1  0  0  1  1  0  1  0  0  1  0  0  1  0  0  1  1  0  0  1  0  1  1  1  0  1  0  0  1  1  1 -299.25       1     0.0
83   1  0  0  1  1  0  0  1  0  0  0  1  0  0  0  1  0  1  0  1  0  1  1  1  0  1  0  0  1  0  1  1  0  0  0  1  1  0  0  1  1  0  1  0  1  1  1  1  1  0 -299.25       1     0.0
84   1  1  1  1  0  0  0  0  0  0  0  0  1  1  1  1  0  1  1  1  0  0  0  1  0  0  0  0  0  1  0  1  1  1  0  0  1  0  1  0  1  1  0  1  1  1  0  0  1  1 -299.25       1     0.0
85   1  0  0  1  1  0  0  0  1  0  1  1  1  0  0  1  1  1  1  1  0  0  1  1  0  0  1  0  1  0  1  1  1  0  0  0  0  0  1  0  1  0  1  1  0  1  1  1  1  0 -299.25       1     0.0
86   1  1  1  1  0  0  0  1  0  0  0  0  1  1  1  1  0  0  0  0  0  1  0  0  0  0  1  0  1  0  0  0  1  1  1  1  1  0  1  0  1  0  0  1  1  1  0  1  0  0 -299.25       1     0.0
87   0  1  0  1  0  1  1  1  0  1  0  0  0  1  1  1  0  0  1  1  1  0  1  1  1  1  0  0  0  0  1  1  0  1  0  1  1  0  0  1  1  1  1  0  0  1  0  1  0  0 -299.25       1     0.0
88   1  0  1  0  1  1  0  0  0  0  0  1  1  0  1  1  0  1  0  1  0  1  0  0  0  0  0  0  0  0  0  1  1  1  0  1  1  0  1  0  1  1  0  1  1  1  1  0  1  1 -299.25       1     0.0
168  1  0  1  0  0  1  0  1  0  0  0  0  1  1  1  1  0  1  0  1  0  0  1  1  0  0  0  0  0  0  0  1  0  1  1  0  1  0  1  0  1  1  1  0  1  1  0  1  1  1 -299.25       1    0.02
179  1  0  1  1  0  0  1  0  0  0  1  1  0  1  1  1  0  0  0  1  0  1  1  1  1  1  0  0  1  0  0  0  1  1  0  0  0  0  0  0  1  0  1  0  0  1  1  1  1  1 -299.25       1    0.02
200  0  0  0  0  1  1  1  1  0  1  1  0  1  0  0  1  0  1  1  1  1  0  1  1  0  0  0  0  0  0  1  1  1  1  0  0  1  0  0  0  1  0  1  1  0  1  1  0  1  0 -299.25       1    0.02
224  0  0  0  0  1  0  0  1  0  1  1  1  1  0  1  1  1  1  1  1  1  0  1  1  0  0  0  0  0  0  1  1  1  0  1  1  1  0  1  0  1  0  0  1  0  0  1  1  1  0 -299.25       1    0.02
226  0  0  0  0  0  1  0  0  0  0  0  0  1  1  1  1  1  1  0  0  0  1  0  0  0  0  1  0  1  0  0  0  1  1  1  1  1  1  1  0  1  1  0  1  1  1  0  1  0  0 -299.25       1    0.02
230  0  1  0  1  0  0  0  1  0  1  1  0  1  1  1  0  0  1  1  1  0  0  1  1  0  1  0  0  1  1  1  1  1  0  0  0  0  1  0  0  1  0  1  0  0  1  1  1  1  1 -299.25       1    0.02
233  1  0  1  0  0  1  0  1  1  0  0  0  1  0  1  0  0  1  0  1  1  0  1  1  0  0  0  0  1  0  1  1  0  0  1  0  0  0  1  0  1  1  1  0  1  1  0  1  1  1 -299.25       1    0.02
255  0  0  1  0  0  0  0  1  0  1  1  0  1  1  1  1  0  1  1  1  1  0  0  1  0  1  0  0  1  0  1  1  0  1  0  1  0  1  0  1  1  0  1  0  0  1  0  0  1  0 -299.25       1    0.02
258  0  0  1  1  0  0  0  1  0  0  1  1  1  1  1  1  0  1  1  1  1  0  1  1  0  0  0  0  1  0  1  1  1  0  1  0  0  0  1  0  0  0  1  1  1  1  0  0  1  1 -299.25       1    0.02
259  1  1  0  1  0  0  0  1  0  1  1  0  0  0  0  1  0  1  0  1  1  0  1  1  0  0  0  0  1  0  0  1  0  0  1  1  0  0  1  0  1  0  1  0  1  0  1  0  1  1 -299.25       1    0.02
285  0  1  1  0  0  1  0  1  0  0  0  1  1  0  1  1  1  1  1  1  0  0  1  1  1  0  0  0  0  0  0  1  0  0  0  0  1  0  1  1  1  0  1  0  1  1  1  1  1  1 -299.25       1    0.02
89   1  0  0  0  0  0  0  1  0  0  0  0  1  1  0  1  1  1  0  1  0  0  1  1  0  0  1  0  1  0  0  1  0  1  1  1  0  0  1  0  1  0  1  1  1  1  0  1  0  1  -299.0       1     0.0
90   0  1  0  1  0  0  0  0  0  0  1  0  0  0  1  1  0  0  1  1  1  0  1  1  0  1  0  0  1  0  0  1  0  1  0  1  1  0  0  1  1  1  1  0  1  1  0  1  1  0  -299.0       1     0.0
91   0  0  0  1  1  0  0  1  0  0  0  0  1  1  0  1  0  1  0  1  0  0  1  1  0  1  1  0  1  0  1  0  1  1  1  0  0  0  1  0  1  1  1  0  0  1  0  0  1  1  -299.0       1     0.0
92   0  0  0  1  1  0  0  1  0  1  0  0  1  1  1  1  1  0  0  1  0  1  0  0  1  0  0  0  0  1  0  1  1  1  1  1  1  1  1  0  0  0  1  1  1  0  0  0  1  1  -299.0       1     0.0
93   1  0  0  1  0  0  0  0  0  1  0  1  1  1  0  1  0  1  0  1  0  0  0  1  0  0  1  0  1  1  0  1  1  0  1  0  0  0  1  0  0  0  1  0  1  1  0  1  0  1  -299.0       1     0.0
202  0  0  1  0  1  1  1  1  0  0  0  0  1  1  0  1  1  1  0  1  1  0  1  1  1  0  0  0  0  0  1  0  0  1  1  0  0  0  1  0  1  1  1  1  1  0  0  0  1  1  -299.0       1    0.02
244  0  1  0  1  0  1  0  1  0  1  1  0  1  0  0  1  0  1  0  1  0  0  1  1  0  0  0  0  0  0  0  1  0  0  1  1  1  1  0  0  1  0  1  0  1  1  0  1  1  1  -299.0       1    0.02
260  0  0  0  0  0  0  0  1  0  1  1  1  0  0  1  1  1  1  0  1  0  0  1  1  0  1  0  0  1  0  0  1  1  0  0  0  1  1  1  0  1  1  1  0  1  0  1  1  1  1  -299.0       1    0.02
263  0  1  0  1  0  0  0  1  0  1  0  1  1  1  1  1  0  0  1  1  0  0  1  1  1  0  0  0  0  0  0  0  0  1  1  1  1  0  0  0  0  0  1  0  1  1  0  1  1  1  -299.0       1    0.02
276  1  0  0  0  0  1  0  1  1  1  0  0  1  1  1  1  0  0  0  1  0  1  0  1  0  0  0  0  1  0  1  1  0  1  0  1  1  0  1  0  1  0  1  1  1  1  0  1  1  0  -299.0       1    0.02
282  0  0  0  0  0  1  0  1  0  0  0  1  0  0  1  1  1  1  1  1  1  0  0  1  0  1  0  0  0  1  0  1  0  0  0  1  0  0  1  0  1  0  1  1  1  1  0  1  1  1  -299.0       1    0.02
344  1  0  1  1  0  0  0  1  0  1  0  0  1  1  1  1  0  1  0  1  1  0  0  1  0  0  1  0  1  0  0  1  1  1  1  0  0  0  0  0  1  1  1  1  1  1  0  0  1  0  -299.0       1    0.04
366  1  1  0  0  0  1  0  1  0  1  1  0  0  0  1  0  0  1  0  0  1  0  1  1  0  1  0  0  1  0  0  1  0  1  0  1  0  0  0  0  1  0  1  0  1  1  1  1  1  1  -299.0       1    0.04
406  1  0  1  0  0  1  0  1  0  0  0  1  1  1  1  1  1  1  0  1  1  0  0  1  0  0  0  0  0  0  0  1  0  1  1  0  1  0  1  0  1  1  1  1  1  1  0  0  1  0  -299.0       1    0.04
94   0  0  1  0  1  0  0  1  1  0  1  0  1  1  1  1  0  1  1  1  1  0  0  1  0  1  0  0  1  1  1  1  1  0  0  0  1  0  1  0  1  1  1  0  0  1  0  0  1  0 -298.25       1     0.0
95   0  1  0  1  1  0  0  0  0  0  1  1  1  0  1  1  0  0  1  0  0  0  0  1  1  0  0  0  0  0  1  1  0  0  1  1  1  0  0  0  1  0  1  1  1  1  1  1  1  1 -298.25       1     0.0
96   0  0  1  1  0  1  1  0  0  0  1  1  1  0  0  1  0  1  1  0  0  0  1  1  0  0  1  0  0  0  1  1  0  0  1  1  1  1  1  1  1  0  1  0  1  0  0  1  0  0 -298.25       1     0.0
97   1  0  0  1  1  0  0  0  1  0  0  1  1  0  1  1  1  1  1  1  0  0  1  0  0  0  1  0  1  0  1  1  1  0  0  0  0  0  0  0  1  0  1  1  1  1  1  1  1  1 -298.25       1     0.0
98   1  0  1  1  0  0  0  1  1  0  0  1  1  1  0  1  1  1  0  0  0  1  0  0  0  0  1  0  0  0  0  1  1  1  0  0  0  0  1  0  1  0  0  1  0  1  1  0  1  1 -298.25       1     0.0
99   0  0  0  0  1  1  0  1  1  1  1  0  1  1  1  1  0  1  0  0  0  0  1  0  0  0  0  0  0  0  0  1  0  0  1  0  1  1  1  1  1  1  1  1  1  0  0  0  1  1 -298.25       1     0.0
100  1  0  0  1  0  1  0  0  0  1  1  1  0  1  0  1  1  1  1  1  0  1  1  1  0  1  0  0  0  0  0  0  0  0  0  1  0  1  0  0  1  0  1  0  0  1  1  1  1  1 -298.25       1     0.0
169  1  1  1  1  0  0  0  0  0  1  0  0  0  1  0  1  0  1  1  1  1  0  1  1  1  0  0  0  0  0  0  1  0  1  1  1  0  0  0  0  1  1  1  0  1  0  0  1  1  1 -298.25       1    0.02
225  0  0  1  0  1  1  0  1  1  0  0  0  1  1  1  1  1  1  0  1  0  0  1  1  0  0  0  0  1  0  1  1  0  0  1  0  0  0  1  0  1  1  1  0  1  1  0  0  0  1 -298.25       1    0.02
229  1  1  1  1  0  1  0  0  0  0  1  0  1  0  1  1  0  1  0  1  0  0  1  1  1  0  0  0  1  0  0  1  1  1  0  0  0  0  0  0  0  0  1  0  1  1  1  1  1  1 -298.25       1    0.02
231  0  0  0  1  0  0  0  1  0  1  0  1  1  1  1  1  0  0  0  1  0  1  0  1  0  0  0  0  1  0  0  1  0  1  1  1  0  1  1  0  1  0  1  1  1  1  0  0  1  1 -298.25       1    0.02
242  0  0  1  1  0  1  0  1  1  0  0  1  1  0  0  1  0  1  0  1  1  0  1  1  0  0  0  0  1  0  0  1  0  0  1  0  0  0  1  0  1  1  1  0  1  1  0  1  1  1 -298.25       1    0.02
292  0  0  1  1  1  0  0  1  0  1  0  1  1  0  0  1  0  1  1  1  0  0  1  1  0  1  1  0  1  0  1  1  1  0  0  0  0  1  0  1  1  0  1  0  1  1  1  0  1  0 -298.25       1    0.02
327  1  0  1  1  0  1  0  0  0  1  0  1  1  1  0  1  0  1  0  1  0  1  0  1  0  0  0  0  1  0  0  0  0  0  1  1  0  0  1  0  1  0  1  1  1  1  0  1  1  1 -298.25       1    0.04
355  1  1  1  0  0  0  0  1  0  0  1  0  1  0  1  1  0  1  0  1  1  0  0  1  0  0  0  0  1  0  0  1  0  1  1  0  0  1  0  0  1  0  1  1  1  1  0  1  1  1 -298.25       1    0.04
473  0  1  0  0  0  1  0  1  0  1  1  0  1  1  1  0  0  0  1  1  0  0  1  1  1  0  0  0  1  0  1  1  0  0  1  1  1  1  1  0  1  1  1  1  1  0  0  0  1  0 -298.25       1    0.08
101  1  0  0  1  0  0  0  1  0  0  0  0  0  1  1  1  0  0  0  1  0  0  0  1  1  1  0  1  1  1  0  1  1  1  0  0  0  1  0  0  1  0  1  1  1  1  1  1  1  1  -298.0       1     0.0
102  1  0  1  1  1  1  0  0  0  0  0  1  0  1  1  1  0  0  0  1  0  0  0  0  0  0  0  0  1  0  0  1  1  0  1  0  0  0  1  0  1  1  1  1  1  1  0  1  1  1  -298.0       1     0.0
103  0  1  0  1  0  1  1  1  0  1  0  0  1  0  0  1  1  0  1  0  0  0  1  1  0  1  0  0  0  1  1  1  0  1  1  1  0  1  0  0  0  0  1  0  0  1  0  1  1  0  -298.0       1     0.0
104  1  0  0  0  0  1  0  0  1  0  1  1  1  0  0  1  1  0  0  0  0  1  1  1  0  1  1  0  0  0  0  1  0  0  1  0  1  0  1  1  1  1  0  0  0  1  1  1  1  0  -298.0       1     0.0
105  0  1  1  1  0  1  1  1  0  0  0  0  1  1  0  1  1  1  1  1  1  0  1  1  1  1  0  0  0  0  1  1  0  0  0  1  0  0  0  0  1  0  1  0  0  1  0  1  1  0  -298.0       1     0.0
106  1  0  0  1  0  1  0  1  0  1  0  1  1  1  1  1  0  1  0  1  0  0  0  1  0  0  0  0  1  1  0  1  0  1  1  1  0  0  1  0  1  0  1  0  1  1  0  0  1  1  -298.0       1     0.0
107  0  0  1  0  0  0  0  1  1  1  0  1  0  1  0  1  0  1  1  1  0  1  0  0  0  0  0  0  1  0  0  1  1  0  0  1  0  1  1  0  1  0  1  1  1  1  1  1  1  1  -298.0       1     0.0
108  1  0  0  0  0  1  0  1  0  0  1  0  1  1  1  1  0  1  0  1  1  0  0  0  0  0  0  0  1  0  0  1  0  0  1  0  1  0  1  0  1  1  1  1  1  1  0  1  1  0  -298.0       1     0.0
109  1  0  0  1  1  1  0  1  0  0  1  1  1  0  1  1  1  1  0  0  0  0  1  1  0  0  0  0  0  0  0  1  0  1  1  1  0  0  0  0  1  0  1  0  1  0  0  1  1  1  -298.0       1     0.0
110  0  0  0  1  0  1  0  1  0  0  1  1  1  0  0  1  0  1  1  1  0  0  1  1  0  1  0  0  1  0  1  1  0  0  0  1  1  1  0  0  1  0  0  1  1  1  1  1  1  0  -298.0       1     0.0
216  1  0  1  1  0  1  0  1  1  1  0  0  1  0  0  1  0  1  0  1  1  0  1  1  0  0  1  0  0  1  0  1  0  1  0  1  0  0  1  0  1  0  1  0  1  1  0  0  1  1  -298.0       1    0.02
269  0  0  0  1  0  0  0  1  0  0  1  1  0  1  0  1  0  0  1  1  0  0  0  1  0  1  0  1  1  0  1  0  1  0  1  1  0  0  0  0  0  0  1  1  1  1  1  1  1  1  -298.0       1    0.02
277  0  0  1  1  1  0  0  1  0  0  0  1  1  1  1  1  0  1  0  1  1  0  1  0  0  0  1  0  1  0  0  1  1  1  0  0  1  0  1  0  0  1  0  0  1  1  0  0  1  0  -298.0       1    0.02
301  0  0  1  0  0  0  0  1  0  1  0  0  1  1  1  1  0  1  1  1  1  0  1  1  0  0  0  0  1  0  0  1  1  1  1  0  0  1  1  0  1  1  1  1  1  1  0  0  1  1  -298.0       1    0.04
305  0  1  0  0  0  0  0  1  0  1  1  0  0  0  0  1  1  1  1  0  1  1  1  0  1  0  0  0  0  0  1  1  1  0  1  1  1  0  1  0  1  1  0  1  1  0  1  1  1  0  -298.0       1    0.02
328  1  0  1  0  0  0  0  1  0  0  0  0  0  1  1  1  1  1  0  1  0  0  1  1  0  0  0  0  1  0  0  1  1  0  1  0  0  0  1  0  1  1  1  0  1  0  0  0  1  1  -298.0       1    0.04
338  1  0  0  0  1  1  0  1  1  0  0  0  1  1  1  1  0  0  0  1  0  1  1  1  0  1  0  0  1  0  0  0  0  0  0  1  0  0  1  0  1  0  1  0  1  1  0  0  1  0  -298.0       1    0.04
356  1  1  1  1  0  1  0  1  0  0  0  1  1  1  1  1  0  1  1  1  0  0  0  1  0  1  0  0  1  1  1  0  0  0  0  1  0  0  0  0  1  0  1  1  1  1  0  1  1  1  -298.0       1    0.04
466  1  1  1  1  0  1  0  1  0  0  0  0  1  0  1  1  0  1  0  1  0  0  1  1  1  0  0  0  0  0  0  1  0  1  1  1  0  1  0  0  1  1  1  0  1  0  0  1  1  1  -298.0       1    0.06
111  1  0  0  0  0  0  0  0  0  1  0  0  0  0  1  1  0  1  0  1  1  0  0  1  0  1  1  0  1  0  0  1  1  1  0  0  0  1  1  0  1  1  1  1  1  1  0  1  1  1 -297.25       1     0.0
112  1  0  0  0  0  0  0  0  1  0  0  0  1  1  1  1  1  0  1  0  0  1  0  1  1  1  0  0  1  1  0  0  1  0  0  0  1  0  1  1  1  0  0  1  1  1  1  1  1  0 -297.25       1     0.0
113  0  0  0  1  1  0  0  1  0  0  0  1  1  1  1  1  0  0  0  0  0  1  0  1  0  0  1  1  1  0  1  1  0  0  1  1  1  1  0  1  0  0  1  0  1  1  0  1  1  0 -297.25       1     0.0
114  0  1  0  0  0  0  0  1  0  1  0  0  0  0  0  1  1  1  1  1  0  0  1  1  1  0  0  0  0  0  1  1  1  1  1  1  0  1  0  0  0  1  1  1  1  0  0  1  1  1 -297.25       1     0.0
115  1  1  0  1  0  0  0  0  0  1  1  0  1  1  1  1  0  1  1  1  0  1  0  0  0  1  0  0  1  0  1  0  1  0  0  0  0  1  1  0  1  1  1  0  1  1  0  0  1  0 -297.25       1     0.0
116  0  0  0  1  0  0  0  1  0  1  1  0  1  1  1  1  0  0  1  1  1  0  1  1  1  0  0  0  0  0  1  1  0  0  1  1  1  1  0  1  1  0  1  0  1  0  0  1  1  1 -297.25       1     0.0
117  1  0  0  1  1  1  0  1  1  0  0  1  1  1  1  1  0  0  0  1  0  1  0  1  0  0  0  0  0  1  1  1  0  1  0  1  1  0  0  0  1  0  1  1  1  1  1  0  1  0 -297.25       1     0.0
243  0  1  0  0  0  1  0  1  0  1  1  1  0  1  1  1  1  1  0  1  1  0  1  1  0  0  0  0  0  0  1  1  0  0  1  0  0  1  0  1  1  1  1  0  1  0  0  1  1  1 -297.25       1    0.02
256  1  0  1  0  0  1  0  1  0  0  0  0  1  1  1  1  1  1  0  1  0  0  1  1  0  0  0  0  0  0  0  1  1  0  1  0  1  0  1  0  1  1  1  0  1  0  0  1  1  1 -297.25       1    0.02
273  0  0  1  1  0  0  0  1  0  0  0  0  1  1  0  1  0  1  0  1  1  0  1  1  0  0  1  0  1  0  0  1  0  1  1  0  1  0  1  0  1  0  1  1  1  1  0  1  1  0 -297.25       1    0.02
280  1  0  0  1  0  0  0  0  1  0  1  1  1  1  0  1  0  1  1  1  1  0  1  1  0  0  1  1  1  0  0  1  1  1  0  0  0  0  1  0  1  0  1  0  1  1  0  0  1  1 -297.25       1    0.02
284  0  0  1  0  0  1  0  1  1  1  1  0  0  0  0  1  0  1  0  1  1  0  1  0  0  0  1  0  1  0  0  1  1  1  1  0  0  0  1  0  0  0  1  1  1  1  0  1  1  1 -297.25       1    0.02
288  0  0  1  0  0  1  1  1  1  1  0  1  1  1  0  1  1  1  1  1  0  1  1  0  0  0  1  0  0  0  0  0  1  0  0  0  1  0  1  0  1  0  0  1  0  0  1  1  1  0 -297.25       1    0.02
343  1  0  1  1  0  0  0  1  0  0  0  0  1  1  1  1  0  1  0  1  0  0  1  1  0  0  0  0  1  1  0  0  1  1  0  1  0  0  1  0  1  0  1  0  1  1  0  1  1  1 -297.25       1    0.04
347  1  0  1  0  0  1  0  1  0  0  0  0  1  1  1  1  0  1  0  1  0  0  1  1  0  0  0  0  0  1  0  1  1  0  0  0  0  0  1  0  0  1  1  0  1  1  0  1  1  1 -297.25       1    0.04
348  0  1  1  1  0  1  0  1  0  1  0  1  1  1  1  0  0  1  1  1  1  0  1  1  0  0  0  0  1  0  1  1  0  0  1  1  0  0  1  0  1  0  1  0  1  1  0  0  1  0 -297.25       1    0.04
354  1  0  0  0  1  1  0  1  0  0  1  0  0  0  0  1  0  1  0  1  0  0  1  1  0  1  0  0  1  1  0  1  1  0  0  1  1  0  1  0  1  1  0  0  0  0  0  1  1  1 -297.25       1    0.04
381  1  1  0  0  0  1  0  0  0  0  0  0  1  1  0  1  1  1  0  1  1  1  1  1  0  1  0  0  1  0  1  0  0  1  0  1  0  0  1  0  1  0  1  0  0  1  0  1  1  1 -297.25       1    0.04
391  1  0  0  0  1  0  0  1  0  1  0  1  0  1  0  1  0  1  0  0  0  1  0  0  0  0  0  0  1  0  0  0  1  0  1  1  0  0  1  0  1  1  1  1  1  1  1  0  1  1 -297.25       1    0.04
427  1  0  0  0  0  0  0  1  0  0  0  0  0  1  1  1  1  1  0  1  0  0  1  1  1  0  0  0  1  0  0  1  0  1  1  1  0  0  1  0  1  1  1  1  1  0  0  1  1  1 -297.25       1    0.06
119  0  0  1  0  0  0  1  1  0  0  1  0  1  0  0  1  0  1  0  1  1  0  1  1  0  0  1  0  1  0  0  1  0  1  1  0  1  0  1  0  1  1  0  0  0  0  0  0  1  1  -297.0       1     0.0
120  0  0  1  1  0  1  0  1  0  1  0  1  1  1  0  1  0  0  0  0  1  0  1  1  1  0  0  0  0  0  0  1  0  1  1  1  1  1  1  0  1  0  1  1  1  1  0  1  0  0  -297.0       1     0.0
121  1  1  0  1  0  0  0  1  0  0  1  1  1  1  1  1  0  0  1  1  0  0  0  1  1  0  0  0  0  0  1  1  1  0  0  0  1  0  1  0  0  0  0  1  0  1  1  1  1  0  -297.0       1     0.0
122  1  1  0  1  0  0  0  1  0  0  0  1  1  1  1  1  1  0  0  0  0  1  0  1  1  0  0  0  0  0  1  1  0  1  1  1  0  0  0  1  1  0  1  0  1  1  0  1  1  1  -297.0       1     0.0
123  1  0  0  1  1  1  0  0  0  0  0  1  1  0  0  1  0  1  0  0  0  1  1  1  0  1  1  0  0  0  0  1  1  0  1  0  1  0  0  1  1  0  1  0  1  1  0  1  1  0  -297.0       1     0.0
124  1  0  1  1  0  0  0  1  0  1  0  1  1  1  1  1  0  1  0  1  0  0  0  1  1  0  0  0  1  1  0  0  0  1  1  1  0  1  0  0  1  0  1  0  1  1  0  0  1  1  -297.0       1     0.0
125  0  0  0  1  1  0  0  1  0  0  0  1  1  1  1  1  0  0  1  0  0  1  1  0  1  1  0  0  1  0  0  0  1  1  0  1  1  1  0  0  1  0  1  1  1  1  0  1  1  0  -297.0       1     0.0
126  0  0  0  1  0  0  0  0  0  1  0  1  0  1  1  1  0  0  1  1  1  0  1  1  1  0  0  1  1  0  0  1  0  0  1  1  0  0  0  0  1  0  1  1  1  1  1  1  1  1  -297.0       1     0.0
127  1  0  0  0  0  0  0  0  0  0  0  1  1  0  1  1  0  1  1  1  0  0  1  1  1  0  0  0  0  0  0  1  1  0  1  0  1  0  1  0  1  0  1  0  1  1  1  1  1  1  -297.0       1     0.0
183  1  0  1  1  0  1  0  0  0  1  1  0  1  1  1  0  0  0  0  1  1  0  0  1  0  0  0  0  1  0  0  1  0  1  1  0  0  0  1  0  1  0  1  1  1  1  0  1  1  0  -297.0       1    0.02
209  1  0  0  0  1  1  0  0  0  0  1  0  0  1  1  1  1  1  1  1  0  0  1  0  0  0  0  0  0  1  0  0  1  0  1  1  1  0  1  0  1  1  0  1  1  0  0  0  1  1  -297.0       1    0.02
283  0  0  1  0  0  1  0  1  0  0  1  1  0  0  1  1  0  1  1  0  0  0  1  0  0  0  0  0  1  0  0  1  1  0  0  1  0  1  1  0  1  1  1  1  1  1  1  1  1  1  -297.0       1    0.02
363  0  1  1  0  0  0  0  1  0  0  0  0  1  0  0  1  0  1  1  1  0  0  1  1  0  1  0  0  1  0  1  1  1  1  0  1  1  0  0  0  1  0  1  0  0  1  0  1  1  1  -297.0       1    0.04
131  1  1  1  1  1  1  0  1  0  0  0  0  1  1  1  1  0  1  1  1  1  0  1  1  0  0  0  0  0  0  1  1  0  0  0  0  0  0  0  0  1  1  1  0  1  1  0  1  1  1 -296.25       1     0.0
132  1  0  1  1  0  1  0  1  0  1  1  1  0  1  1  1  0  1  0  1  1  0  1  1  0  1  0  0  0  0  0  1  1  0  1  0  0  0  1  0  1  1  1  0  1  0  0  0  1  1 -296.25       1     0.0
133  1  1  0  1  0  0  0  0  0  0  1  1  0  1  1  1  0  1  1  1  1  0  0  1  0  0  0  1  0  0  1  1  0  0  0  1  0  0  0  0  1  0  1  0  1  1  0  0  1  1 -296.25       1     0.0
134  0  1  0  0  1  0  0  1  1  0  1  1  1  0  1  1  0  1  1  0  0  1  1  0  0  1  1  0  0  0  1  1  1  0  0  0  1  0  1  1  0  0  0  0  0  1  1  0  0  0 -296.25       1     0.0
135  1  0  1  1  0  1  0  1  1  0  0  0  1  1  0  1  0  0  1  0  0  0  1  1  0  0  0  0  1  0  0  1  0  0  0  1  0  0  0  0  1  0  1  1  1  1  1  1  1  0 -296.25       1     0.0
136  1  1  0  0  0  1  0  1  0  0  0  1  0  1  1  1  0  1  0  0  0  1  0  1  0  1  0  1  1  0  0  1  0  1  1  1  0  0  0  0  1  1  1  1  1  1  0  1  1  1 -296.25       1     0.0
271  0  0  0  1  0  1  0  1  0  0  0  0  1  1  1  1  0  1  0  1  1  0  0  1  1  0  0  0  1  0  1  1  0  1  1  0  0  0  1  0  1  1  1  0  1  1  0  0  1  1 -296.25       1    0.02
307  0  0  0  1  0  1  0  1  0  1  1  0  1  0  1  1  0  1  1  1  1  0  1  1  0  0  0  0  0  0  1  1  0  0  1  0  1  1  0  1  1  1  1  0  1  0  1  1  1  0 -296.25       1    0.02
357  1  0  1  0  1  0  0  1  0  1  1  1  0  1  1  1  0  1  0  1  1  0  1  0  0  0  0  0  0  0  1  1  1  0  1  0  0  0  1  0  1  1  1  1  1  1  0  0  1  1 -296.25       1    0.04
408  1  0  0  0  0  1  0  1  0  1  0  0  0  1  0  1  0  1  0  1  0  0  1  1  0  0  1  0  1  0  0  1  1  1  1  1  0  1  0  0  1  0  1  0  1  1  0  1  1  1 -296.25       1    0.04
417  1  0  1  0  1  1  0  1  0  0  0  1  0  1  1  1  0  0  0  1  0  0  0  1  1  0  0  0  1  0  0  1  0  1  1  1  0  0  1  0  1  1  1  1  1  1  0  1  1  1 -296.25       1    0.06
421  0  0  0  1  0  1  0  1  1  0  0  0  1  1  1  1  0  1  0  1  0  0  1  1  0  1  1  0  1  0  1  1  1  1  0  0  1  0  0  0  1  0  1  0  0  1  0  0  1  1 -296.25       1    0.04
460  0  1  1  0  0  1  0  1  0  0  1  0  1  1  1  1  1  1  0  1  0  0  1  1  0  0  0  0  0  0  1  1  0  0  1  1  0  1  0  1  1  1  1  0  1  0  0  1  1  1 -296.25       1    0.08
484  0  0  1  0  1  1  0  1  0  0  0  0  1  1  1  1  0  1  0  1  0  0  0  1  0  0  0  0  1  0  1  1  0  1  1  1  1  0  1  0  1  1  1  1  1  1  0  0  1  1 -296.25       1     0.1
137  1  0  1  1  0  0  0  1  0  0  1  0  1  1  1  1  0  0  1  1  0  1  0  1  0  1  0  0  1  1  1  1  1  0  0  0  0  0  1  0  1  0  0  0  1  1  1  1  1  0  -296.0       1     0.0
138  0  0  1  0  0  0  0  1  0  0  1  0  1  0  1  1  1  1  1  1  1  0  0  1  0  1  0  0  0  0  1  1  1  0  0  1  1  0  1  0  1  0  1  1  1  0  1  1  1  0  -296.0       1     0.0
139  1  0  1  0  1  0  0  1  1  1  1  0  1  1  1  1  1  1  0  1  0  0  1  1  0  0  0  0  0  0  0  1  1  0  1  0  1  0  0  0  0  1  0  0  1  0  0  0  1  1  -296.0       1     0.0
140  1  1  0  0  0  1  0  1  0  0  0  1  0  1  1  1  1  1  0  1  0  0  1  1  0  0  0  0  0  1  0  1  0  1  1  1  0  0  1  0  0  0  1  1  1  0  0  0  1  1  -296.0       1     0.0
141  0  1  0  1  0  0  0  1  0  0  1  1  1  0  1  1  0  1  1  1  1  0  0  1  0  0  0  0  1  0  1  1  0  0  0  1  0  0  0  0  1  0  1  1  0  0  1  1  1  1  -296.0       1     0.0
142  0  1  0  1  1  1  1  0  0  0  1  1  1  0  1  0  0  0  0  0  1  0  0  1  1  0  0  0  1  0  1  0  0  0  1  1  1  0  0  1  1  0  1  0  0  1  0  1  1  1  -296.0       1     0.0
143  1  1  0  0  0  1  0  1  0  1  1  1  1  0  1  0  0  1  1  1  0  0  0  1  0  0  0  0  1  1  1  1  1  0  0  1  1  1  0  0  0  0  0  1  1  1  1  0  0  1  -296.0       1     0.0
144  0  0  1  0  0  0  0  1  0  0  0  0  1  1  1  1  1  0  0  0  0  1  0  1  0  0  1  0  1  0  0  0  1  1  1  1  0  1  1  0  1  0  1  1  1  1  0  1  1  0  -296.0       1     0.0
145  0  1  0  0  0  0  0  1  0  0  0  1  1  1  1  1  0  0  1  1  1  0  0  1  1  0  1  0  0  0  1  1  0  0  0  1  1  1  1  0  1  0  1  1  1  1  1  1  0  0  -296.0       1     0.0
146  1  1  1  1  0  0  0  1  1  0  0  1  1  0  1  1  0  0  1  0  0  0  0  1  0  0  0  0  1  0  0  1  1  0  1  1  0  0  1  0  1  0  1  1  1  1  0  1  1  1  -296.0       1     0.0
196  0  1  0  1  1  1  1  1  0  1  0  1  0  0  0  1  1  1  1  0  0  1  1  0  0  1  1  0  0  0  1  1  1  0  1  0  1  1  0  1  0  0  1  0  0  1  1  1  1  0  -296.0       1    0.02
261  0  1  1  1  0  1  0  0  0  1  1  0  1  1  1  1  0  1  1  0  1  0  1  1  1  0  1  0  1  0  0  1  0  0  1  0  0  1  0  1  1  1  0  0  1  0  0  1  0  0  -296.0       1    0.02
278  0  1  0  0  0  0  0  1  0  1  1  0  1  1  0  1  1  1  0  1  0  0  1  1  1  0  0  0  0  0  1  1  1  0  1  1  1  0  0  0  0  0  1  1  0  0  1  1  1  0  -296.0       1    0.02
309  1  0  1  0  0  0  0  1  0  0  1  0  1  1  1  1  1  1  1  1  1  0  0  1  1  0  0  0  0  0  0  1  1  0  1  0  0  0  1  0  1  0  1  1  1  0  0  0  1  0  -296.0       1    0.02
311  0  0  1  0  0  0  0  1  0  1  0  0  0  1  1  1  1  0  0  1  1  0  1  1  1  0  0  0  0  1  1  1  1  1  1  0  0  0  1  0  0  1  1  1  1  0  0  1  1  1  -296.0       1    0.02
329  0  1  1  0  0  0  0  1  0  0  0  1  1  0  0  1  0  1  1  1  0  0  0  1  0  0  0  0  1  0  1  1  1  0  1  0  1  0  1  0  1  0  1  1  1  1  1  1  1  1  -296.0       1    0.02
380  1  0  1  1  0  0  0  1  0  0  1  0  1  1  0  1  0  1  0  0  1  0  1  1  0  0  1  0  1  0  0  1  0  1  1  1  0  0  1  0  1  1  1  1  1  1  0  0  1  0  -296.0       1    0.04
431  1  0  0  0  1  1  0  1  0  0  1  0  1  1  1  1  0  1  1  1  1  0  0  1  0  0  0  0  0  0  0  1  0  1  1  0  1  0  1  0  1  1  1  0  1  1  0  0  1  1  -296.0       1    0.06
459  0  0  1  1  0  1  0  1  0  0  0  0  1  1  1  1  0  1  0  1  0  0  1  1  0  0  0  0  1  0  0  1  0  1  1  1  0  0  1  0  1  1  1  0  1  1  0  1  1  1  -296.0       1    0.08
462  0  0  0  1  0  0  0  1  0  0  0  0  1  1  1  1  0  0  1  1  0  0  1  1  0  0  0  0  1  0  0  1  0  1  1  1  0  1  1  0  1  0  1  0  1  1  0  1  1  1  -296.0       1    0.06
149  0  1  0  0  0  0  0  1  0  1  1  0  1  1  1  1  0  0  0  1  0  0  1  1  1  0  0  0  1  0  0  1  0  1  1  1  1  1  0  0  1  1  1  0  1  1  0  1  1  1 -295.25       1     0.0
150  1  0  0  1  0  0  1  1  0  1  0  1  1  1  0  1  0  0  0  1  0  1  1  1  0  0  0  0  1  0  0  1  1  1  0  1  0  0  1  0  1  0  1  0  1  1  1  1  1  1 -295.25       1     0.0
151  1  0  0  1  1  0  0  1  0  1  1  0  0  1  1  1  0  1  0  1  0  0  1  0  0  1  0  0  1  0  0  0  1  0  1  1  1  0  1  0  1  1  1  1  1  0  0  0  1  0 -295.25       1     0.0
152  1  0  0  1  1  0  0  1  0  1  1  1  1  1  0  1  0  1  1  1  0  0  1  0  0  1  0  0  1  0  0  1  1  0  0  1  0  0  0  0  1  0  1  1  1  1  0  0  1  0 -295.25       1     0.0
153  0  0  1  1  0  1  0  1  0  0  0  1  1  1  1  1  0  0  1  0  0  1  0  0  0  0  1  0  1  0  0  0  1  0  1  1  1  1  1  0  1  0  0  0  1  1  1  1  1  0 -295.25       1     0.0
154  1  0  0  1  1  0  0  1  1  1  0  1  0  1  1  1  0  1  1  1  0  0  0  1  0  1  0  0  1  1  0  0  1  1  0  0  0  0  1  0  0  0  1  0  1  0  0  1  1  1 -295.25       1     0.0
275  1  1  1  0  0  1  0  1  0  1  0  0  0  1  1  1  1  1  0  1  1  0  1  1  0  0  0  0  0  1  0  0  1  0  1  0  1  0  1  0  0  1  0  0  1  0  0  1  1  1 -295.25       1    0.02
287  1  0  0  1  1  1  0  1  0  0  0  1  1  1  1  1  0  1  0  1  0  1  1  1  0  1  1  0  1  0  0  0  1  0  0  0  0  0  1  0  1  0  1  0  1  1  0  1  1  1 -295.25       1    0.02
308  0  1  0  1  0  0  1  1  0  0  0  1  1  0  0  1  0  1  1  1  0  0  1  1  0  0  0  0  1  0  1  1  1  0  1  1  1  1  0  0  1  0  0  0  1  1  1  1  1  1 -295.25       1    0.02
382  1  0  1  0  0  1  0  1  0  1  0  0  1  0  1  1  0  0  0  0  1  1  0  1  1  0  0  0  1  0  1  0  0  1  1  1  0  0  1  0  1  0  1  1  1  1  1  1  1  1 -295.25       1    0.04
394  0  1  0  0  0  1  0  1  0  0  0  0  1  1  1  1  0  1  0  1  1  0  0  1  0  0  0  0  0  0  0  1  0  1  0  1  1  1  0  0  1  1  1  1  1  1  0  1  1  1 -295.25       1    0.04
490  0  0  1  0  0  1  0  1  0  0  0  0  1  1  1  1  0  1  0  1  0  0  1  1  0  0  0  0  1  0  0  1  0  0  1  1  0  1  1  0  1  1  1  0  1  1  0  1  1  1 -295.25       1     0.1
496  1  0  1  1  0  1  0  1  1  0  0  1  1  0  1  1  0  1  0  1  0  0  1  1  0  0  0  0  1  0  0  0  1  0  1  0  0  0  1  0  1  1  1  0  1  0  0  1  1  1 -295.25       1    0.14
155  1  0  0  0  1  0  0  1  0  0  0  1  1  1  1  1  1  1  0  1  0  0  0  0  1  1  0  0  0  0  1  1  0  0  1  1  1  0  1  0  1  0  0  1  1  1  1  0  0  0  -295.0       1     0.0
156  0  0  1  1  1  1  0  1  0  0  0  1  1  0  1  1  0  1  1  1  1  0  0  1  0  0  0  0  0  0  1  1  0  1  1  1  1  0  1  0  1  0  1  1  0  1  0  0  1  0  -295.0       1     0.0
157  1  0  0  1  0  1  0  0  0  1  1  1  1  0  0  1  0  1  0  1  1  0  1  1  1  0  1  0  0  0  0  1  0  1  0  0  1  0  0  0  1  1  1  1  1  0  0  1  1  1  -295.0       1     0.0
158  0  1  0  1  1  1  1  1  0  0  1  1  1  0  0  1  0  1  1  0  0  1  1  1  0  0  0  0  0  0  0  1  0  0  1  1  1  0  0  0  1  0  1  0  1  1  1  1  1  0  -295.0       1     0.0
159  0  0  1  0  0  0  0  1  0  0  1  1  1  1  1  1  0  1  1  0  1  0  1  1  1  0  0  1  0  0  0  1  0  0  1  0  1  1  1  1  1  1  1  0  1  0  0  1  0  0  -295.0       1     0.0
160  1  1  0  1  0  1  1  1  0  0  0  1  1  0  1  0  1  0  0  0  0  0  1  1  0  0  1  0  0  0  1  1  1  0  0  1  1  1  0  1  1  0  1  0  0  1  1  1  1  0  -295.0       1     0.0
161  1  0  0  0  1  0  0  1  0  0  0  0  0  0  1  1  0  1  0  1  0  1  0  0  0  1  0  0  1  0  0  0  0  1  0  1  0  1  0  0  1  1  1  1  1  1  0  1  1  1  -295.0       1     0.0
279  0  1  0  0  0  1  0  1  0  0  0  1  1  1  1  1  0  1  1  1  1  0  1  1  0  1  0  0  1  0  1  1  1  0  0  1  0  0  1  0  1  0  1  0  1  1  0  0  1  0  -295.0       1    0.02
286  0  0  1  1  0  0  1  1  0  1  1  1  1  1  0  1  0  0  1  1  1  1  1  1  1  0  1  0  0  0  0  0  0  0  0  1  0  0  0  1  1  0  1  1  1  1  1  1  1  0  -295.0       1    0.02
293  0  1  1  0  0  0  0  1  0  0  0  0  1  1  0  1  0  1  0  1  0  0  1  1  0  0  0  0  1  0  1  1  1  1  1  0  0  0  1  1  1  0  1  0  1  1  0  0  1  1  -295.0       1    0.02
313  0  0  0  0  0  0  0  1  0  0  1  0  1  1  1  1  1  1  0  1  1  1  0  1  1  0  0  0  0  1  1  1  0  1  1  0  1  0  1  0  1  1  0  1  1  0  0  0  1  1  -295.0       1    0.02
320  0  1  1  0  0  0  0  1  0  0  0  0  1  1  1  1  0  1  0  1  1  0  1  1  1  0  0  1  1  0  0  1  0  1  1  0  0  0  0  0  1  1  1  0  1  1  0  0  0  1  -295.0       1    0.02
414  0  1  1  1  0  0  1  0  0  1  1  1  1  0  1  1  0  0  0  1  1  0  1  1  0  0  0  0  1  0  1  1  0  0  1  0  1  1  0  1  1  0  1  1  0  0  0  1  1  0  -295.0       1    0.04
465  1  1  1  1  0  0  0  1  0  1  0  0  1  1  1  1  0  1  0  1  0  0  1  0  0  0  0  0  1  0  0  0  1  1  0  0  0  1  0  0  1  1  1  1  1  1  0  0  1  0  -295.0       1    0.08
163  0  1  0  0  1  0  0  1  0  1  1  0  1  1  1  1  0  1  1  1  1  0  1  1  1  0  1  0  0  0  1  1  0  0  0  1  1  0  0  0  0  0  0  1  1  1  1  0  0  0 -294.25       1     0.0
164  0  1  0  1  0  1  0  1  0  0  1  1  1  0  1  1  1  0  0  1  1  0  1  1  0  1  0  0  0  0  0  1  0  0  1  1  1  1  0  0  1  0  1  0  1  0  0  1  1  0 -294.25       1     0.0
291  0  0  1  0  1  1  0  1  0  0  0  0  1  1  0  1  0  1  1  1  0  0  1  1  0  0  0  0  1  0  0  1  0  0  0  0  0  1  1  1  1  1  1  0  1  1  0  1  1  1 -294.25       1    0.02
350  0  0  0  0  0  0  0  1  1  0  1  1  1  1  1  1  1  1  1  1  1  0  1  1  0  1  0  0  1  0  1  0  1  0  1  0  1  1  1  0  1  0  0  0  0  0  1  1  0  1 -294.25       1    0.02
403  0  0  0  0  0  1  0  1  0  1  1  1  1  0  1  0  0  1  1  0  1  0  1  1  0  0  0  0  1  0  1  0  0  1  1  1  0  1  0  0  1  0  1  1  0  1  0  1  1  1 -294.25       1    0.04
411  0  0  1  0  1  1  0  1  0  0  0  1  1  1  1  1  1  1  0  0  1  0  1  1  0  0  0  0  1  0  0  1  0  1  1  1  0  0  0  0  1  1  1  1  1  1  0  0  1  1 -294.25       1    0.04
445  0  0  0  1  1  1  1  1  0  1  1  1  1  1  0  1  0  1  0  0  1  0  1  1  1  0  1  0  0  0  0  1  1  1  1  0  0  1  0  0  0  1  1  0  1  0  0  0  1  1 -294.25       1    0.04
452  0  0  1  0  0  1  0  1  0  0  0  1  1  0  1  1  0  1  1  1  1  0  1  1  1  0  0  0  1  0  0  0  0  0  0  1  0  1  1  0  1  0  1  1  1  1  0  1  1  0 -294.25       1    0.06
485  1  1  0  0  0  1  0  1  0  0  1  0  1  1  1  0  0  1  0  1  0  0  1  1  0  0  0  0  1  0  0  1  0  1  1  1  0  0  1  0  1  0  1  1  1  0  0  0  1  0 -294.25       1    0.08
165  0  0  1  0  0  0  1  1  0  1  0  1  0  1  0  1  1  1  1  1  1  0  1  1  1  0  0  0  0  0  1  1  0  0  1  0  0  0  0  0  0  0  1  1  1  0  1  1  0  1  -294.0       1     0.0
302  0  1  0  1  0  0  0  1  0  0  1  1  1  0  1  1  0  1  1  1  0  0  1  1  1  0  0  0  0  0  1  1  1  0  1  0  1  0  0  0  1  0  1  1  1  1  0  1  1  0  -294.0       1    0.02
334  0  1  1  0  0  0  0  1  0  0  1  1  1  1  1  0  0  1  1  1  0  0  0  1  0  0  0  1  0  0  1  1  1  0  1  1  1  0  1  0  0  1  0  1  1  0  1  0  1  1  -294.0       1    0.02
399  1  0  0  1  1  0  0  1  0  0  0  1  1  0  0  1  1  1  1  1  1  0  1  1  1  1  0  0  0  0  0  1  0  1  1  0  0  0  0  0  1  0  1  0  1  1  0  1  1  1  -294.0       1    0.04
402  0  1  1  0  0  1  0  1  0  0  0  1  1  1  1  1  1  1  1  1  0  0  0  1  0  0  0  0  0  0  0  1  0  0  1  1  0  0  0  0  1  0  1  1  1  1  0  1  1  0  -294.0       1    0.04
428  0  0  1  0  1  0  0  1  0  0  0  1  1  0  1  1  1  1  0  1  1  0  1  1  1  0  0  0  1  0  0  0  1  0  1  0  0  0  1  0  1  1  0  1  1  0  0  1  0  1  -294.0       1    0.06
477  0  0  1  0  0  1  0  1  0  1  0  1  1  1  1  1  0  1  0  1  0  0  0  1  0  0  0  0  1  0  0  1  0  0  1  1  0  0  1  0  1  1  1  1  1  1  0  1  1  1  -294.0       1     0.1
170  1  0  0  1  0  1  0  0  1  1  0  1  0  0  1  1  0  0  1  0  0  1  0  1  0  0  1  0  0  1  1  1  1  0  0  1  0  0  0  0  1  0  1  1  1  1  1  0  1  1 -293.25       1     0.0
171  1  0  0  1  0  0  0  0  1  0  0  1  0  0  1  1  0  1  0  1  1  0  1  1  0  0  1  0  0  1  0  1  0  1  0  1  0  0  1  0  1  0  0  1  1  1  1  1  1  1 -293.25       1     0.0
172  1  0  0  1  0  0  0  0  0  0  0  0  1  1  0  1  0  0  1  1  0  0  1  1  0  0  1  0  1  0  0  1  0  0  1  1  0  1  1  0  1  0  1  1  0  1  1  1  1  0 -293.25       1     0.0
173  1  0  0  1  0  0  0  0  0  1  1  1  1  1  0  1  1  1  1  1  1  0  1  1  0  1  0  0  0  0  1  1  1  0  0  0  1  0  1  0  0  0  1  1  0  1  1  1  1  0 -293.25       1     0.0
175  1  0  0  1  0  0  0  1  1  1  0  1  1  1  1  1  1  0  1  1  0  0  1  1  0  0  0  0  1  0  0  1  1  0  0  1  0  0  0  1  1  0  1  1  1  0  1  1  1  0 -293.25       1     0.0
176  0  0  0  0  1  0  0  1  0  0  0  1  1  1  1  0  0  0  1  1  1  0  0  1  1  0  0  0  1  1  0  0  1  1  0  0  1  1  1  0  1  1  0  1  1  1  1  0  0  1 -293.25       1     0.0
177  0  0  0  1  0  1  0  0  0  1  0  1  1  1  0  1  0  0  1  1  1  0  1  1  1  1  1  0  1  0  0  0  0  1  0  1  0  0  0  0  1  0  1  0  1  1  0  1  1  1 -293.25       1     0.0
178  0  1  1  0  0  0  1  1  0  0  1  1  1  0  0  1  0  1  1  0  0  0  1  1  0  0  0  0  1  0  0  1  0  0  1  1  1  1  1  0  1  0  1  1  0  0  1  1  1  0 -293.25       1     0.0
319  0  0  1  0  0  1  0  1  1  0  0  1  1  1  1  1  0  1  0  1  0  0  0  1  0  0  0  0  1  0  0  1  1  1  1  0  1  0  1  0  1  1  1  1  1  1  0  0  1  1 -293.25       1    0.02
337  0  1  1  0  0  0  0  1  0  0  0  1  1  1  0  1  1  1  1  1  1  0  1  1  0  0  0  0  1  0  0  0  1  0  1  0  0  0  1  0  1  1  1  0  1  0  0  1  1  1 -293.25       1    0.02
396  0  1  1  0  0  0  0  1  0  0  0  0  1  1  1  1  0  0  1  1  0  0  1  1  1  0  0  0  1  0  1  0  0  1  1  1  0  1  1  0  1  0  1  1  1  1  0  1  1  1 -293.25       1    0.04
415  1  1  0  0  0  1  0  1  0  0  0  0  1  0  0  1  1  1  1  1  1  0  1  0  0  0  0  0  0  0  0  1  0  0  1  1  1  0  1  0  1  1  1  0  1  0  0  1  1  0 -293.25       1    0.04
494  0  1  0  0  0  1  0  1  0  1  1  1  1  1  0  1  0  1  0  0  1  0  1  1  0  0  0  0  1  0  0  1  0  0  1  1  1  1  1  0  1  0  1  1  1  0  0  1  1  1 -293.25       1     0.1
180  0  1  1  1  0  0  0  1  0  1  0  0  1  0  1  1  0  1  1  1  0  0  0  1  0  0  0  0  0  0  1  1  1  1  1  0  0  1  0  0  1  1  1  0  1  1  0  1  1  1  -293.0       1     0.0
181  0  0  0  1  0  0  0  1  1  1  0  1  1  1  1  1  0  1  1  1  0  1  0  1  0  1  0  0  1  1  1  0  1  0  0  1  1  0  0  0  0  0  1  0  1  1  0  1  1  0  -293.0       1     0.0
182  0  0  0  1  0  1  1  1  1  1  1  1  0  1  0  1  0  1  1  1  0  1  1  1  0  1  0  0  0  0  0  0  0  0  0  1  0  0  0  0  1  0  1  0  1  1  1  1  1  1  -293.0       1     0.0
315  0  0  0  0  0  0  0  1  0  0  0  0  1  1  1  1  1  0  1  1  1  0  0  1  0  0  0  0  1  0  0  1  0  1  0  1  1  1  1  0  1  0  1  1  1  1  0  1  1  0  -293.0       1    0.02
318  0  0  0  1  0  0  0  1  0  0  0  0  1  1  1  1  0  1  1  1  1  0  0  1  0  0  0  0  1  0  1  1  1  0  1  0  1  1  0  0  1  0  0  1  1  1  1  1  1  1  -293.0       1    0.02
326  0  0  1  1  0  1  1  1  0  1  1  0  1  1  1  1  0  0  0  1  1  0  0  1  0  0  0  0  1  0  0  1  0  0  1  1  0  1  0  0  1  0  1  1  1  1  0  1  1  0  -293.0       1    0.02
332  1  0  0  0  0  1  0  0  0  1  0  1  0  1  0  1  1  1  0  1  0  0  1  1  0  0  0  0  0  0  0  1  1  1  1  1  0  0  1  0  1  1  1  0  1  0  0  1  1  1  -293.0       1    0.02
333  0  0  1  0  0  0  0  1  1  0  0  0  1  1  1  1  1  1  0  1  0  0  0  1  0  1  0  0  1  0  0  1  1  0  1  0  0  0  1  0  1  0  1  0  1  0  1  1  1  1  -293.0       1    0.02
342  1  0  1  0  0  1  0  1  0  1  0  1  1  1  0  1  1  1  0  1  0  0  1  1  0  0  0  0  0  0  0  1  0  0  1  1  0  1  1  0  1  0  1  1  1  1  0  1  1  0  -293.0       1    0.02
375  0  0  1  0  0  0  0  1  0  0  0  1  1  0  1  1  0  1  1  1  1  0  1  1  1  1  0  0  1  0  1  0  0  0  1  1  1  0  1  0  1  0  0  0  1  0  1  0  1  0  -293.0       1    0.02
385  1  1  0  0  0  1  1  1  0  1  1  1  1  1  1  1  0  1  0  1  0  0  1  1  0  0  0  0  1  0  0  0  0  0  1  1  0  0  0  0  1  0  1  1  1  1  0  0  1  1  -293.0       1    0.04
404  1  0  1  1  0  1  0  0  0  0  0  0  1  0  1  1  0  1  0  1  0  1  0  1  0  1  1  0  1  0  0  0  1  0  0  0  0  0  1  0  1  0  0  1  1  1  0  1  1  0  -293.0       1    0.04
435  0  1  0  0  0  1  0  1  0  0  0  1  1  1  1  1  0  1  0  1  1  0  1  1  0  0  1  0  1  0  0  1  0  0  1  1  0  0  1  0  1  0  1  1  1  1  0  0  1  1  -293.0       1    0.06
446  0  1  1  0  1  0  0  1  0  0  0  1  0  1  1  1  0  1  0  1  1  0  1  1  0  0  0  0  1  0  0  0  0  0  1  1  0  1  0  0  1  1  1  0  1  1  1  1  1  1  -293.0       1    0.06
498  1  0  1  0  0  1  0  1  0  1  1  0  1  1  0  1  1  1  0  1  0  0  1  1  1  0  0  0  0  0  0  0  0  0  1  1  0  0  1  0  1  0  1  1  1  0  0  1  1  0  -293.0       1    0.14
187  0  0  1  1  0  1  1  1  0  0  0  1  1  1  1  1  0  0  0  0  0  0  0  1  1  0  0  0  0  0  1  1  0  1  0  1  1  1  0  1  1  0  1  1  1  1  1  1  1  0 -292.25       1     0.0
188  1  1  1  1  0  1  0  1  0  0  0  0  1  0  1  0  1  0  1  0  0  1  0  1  0  0  0  0  1  0  0  1  0  1  1  1  0  0  1  0  0  0  1  1  1  1  0  1  1  1 -292.25       1     0.0
189  1  1  0  0  0  1  1  1  0  1  0  1  0  1  1  1  0  0  1  1  0  0  1  1  0  1  0  0  0  0  0  1  0  1  0  1  0  0  1  0  1  1  1  1  0  1  0  1  1  1 -292.25       1     0.0
190  1  0  1  1  0  1  0  1  0  0  0  1  1  0  1  1  0  1  0  1  0  0  1  1  0  0  0  0  0  0  0  1  1  0  0  0  0  0  0  1  1  0  1  1  1  1  0  1  1  0 -292.25       1     0.0
191  0  0  0  0  0  1  0  0  1  0  1  0  1  0  0  1  0  1  0  1  1  0  1  1  0  1  1  0  1  0  0  1  0  0  1  0  1  1  1  0  1  1  1  0  0  0  0  1  1  0 -292.25       1     0.0
192  0  1  1  1  0  0  0  1  0  0  0  1  1  0  1  1  1  0  0  1  1  1  1  0  0  0  1  0  1  0  1  1  1  0  1  0  0  1  1  0  1  0  1  1  1  1  0  1  0  0 -292.25       1     0.0
341  0  1  0  1  0  1  0  0  0  1  1  0  1  1  1  1  0  1  1  1  1  0  1  1  1  1  0  0  0  0  1  1  0  0  1  0  0  0  0  0  0  0  1  0  1  1  0  0  1  1 -292.25       1    0.02
398  1  1  1  1  0  1  0  1  1  1  0  1  1  1  1  1  1  1  0  1  0  0  0  1  0  0  0  0  0  1  0  1  0  1  0  1  0  0  0  0  1  0  0  1  1  1  0  0  1  1 -292.25       1    0.04
438  0  1  0  1  0  1  0  0  0  0  1  1  1  0  0  1  0  1  0  1  0  0  1  1  0  0  0  0  1  0  0  0  1  0  1  1  0  0  0  0  1  0  1  0  1  1  1  1  1  1 -292.25       1    0.04
194  0  0  0  0  0  0  0  1  0  0  0  0  1  1  1  1  0  1  0  1  1  0  1  1  1  0  0  0  1  0  0  0  1  1  1  0  1  1  1  0  1  1  0  1  1  0  0  1  0  1  -292.0       1     0.0
195  1  0  0  1  1  0  0  0  0  1  0  0  0  1  0  1  0  1  0  0  0  1  1  0  1  0  0  0  1  0  0  1  1  1  1  1  1  0  1  0  0  1  1  0  1  0  0  1  1  1  -292.0       1     0.0
197  0  0  0  0  0  1  1  1  0  0  1  0  1  1  1  1  0  0  1  1  1  0  0  1  1  1  0  0  1  0  1  0  0  0  0  1  1  1  1  1  1  0  0  1  1  1  1  1  1  0  -292.0       1     0.0
198  0  0  0  1  1  0  0  1  0  0  0  1  0  1  1  1  0  1  1  1  0  0  1  1  0  1  0  0  0  0  1  0  1  1  0  1  1  0  0  0  1  0  1  1  0  1  0  0  1  1  -292.0       1     0.0
199  0  0  0  1  1  1  0  1  0  0  0  0  1  1  1  1  0  0  0  0  0  1  0  1  0  0  0  0  0  0  1  1  1  1  1  1  0  1  0  0  1  0  1  0  1  1  1  1  1  0  -292.0       1     0.0
304  1  0  1  0  0  0  0  1  1  0  0  0  1  1  1  1  0  1  0  1  0  0  0  1  0  0  0  0  0  0  1  1  0  0  1  1  0  0  1  0  1  0  1  1  1  1  0  0  0  1  -292.0       1    0.02
335  0  0  1  0  1  0  0  1  0  0  0  0  1  0  0  1  0  1  1  1  1  0  1  1  1  0  0  0  0  0  1  1  0  0  1  1  1  1  0  1  1  1  1  1  1  0  0  1  1  0  -292.0       1    0.02
340  1  1  1  0  0  1  0  1  0  0  1  0  1  0  1  1  0  1  1  1  1  0  0  1  0  0  0  0  0  0  1  1  0  1  1  1  1  0  0  0  1  0  1  1  0  1  0  1  1  0  -292.0       1    0.02
413  0  0  1  0  0  0  0  1  0  0  0  1  1  1  0  1  1  1  1  1  1  0  1  1  1  0  1  0  1  0  0  0  1  0  1  0  1  0  1  0  1  1  0  0  1  0  0  0  1  0  -292.0       1    0.04
211  1  0  0  0  0  0  0  1  1  0  1  1  1  0  1  1  1  0  1  0  0  1  1  1  0  0  0  0  0  0  0  0  1  1  0  1  1  0  1  0  1  0  1  1  0  1  1  1  1  0 -291.25       1     0.0
212  1  0  0  1  1  0  1  0  1  0  1  1  1  0  1  1  1  1  0  1  0  1  0  0  0  0  0  0  0  1  1  1  1  0  0  0  1  0  0  0  0  0  0  1  1  1  1  0  1  1 -291.25       1     0.0
213  1  0  0  0  1  0  0  1  0  0  0  0  1  1  1  1  0  1  1  0  0  0  1  1  0  0  0  0  1  0  0  1  0  1  1  1  0  0  0  0  1  0  1  0  1  1  0  1  1  1 -291.25       1     0.0
214  0  0  1  1  0  0  0  1  0  0  1  0  0  1  1  1  0  1  1  1  0  0  1  1  0  0  0  0  1  0  0  1  1  0  1  0  0  0  1  0  1  1  1  1  1  0  0  1  1  1 -291.25       1     0.0
215  0  0  0  1  0  0  0  0  0  0  1  0  1  1  1  1  0  0  1  1  1  0  0  1  1  0  0  0  1  0  0  1  0  0  1  1  1  0  0  1  1  0  0  1  1  0  1  1  1  0 -291.25       1     0.0
371  0  0  0  1  0  0  1  1  0  0  0  0  1  1  0  1  1  1  1  1  1  0  1  1  0  1  0  1  0  0  1  1  1  0  1  1  1  0  0  0  1  0  1  0  0  0  1  0  1  0 -291.25       1    0.02
432  0  0  1  0  0  1  0  1  0  0  1  1  1  1  1  1  1  1  0  0  0  0  1  1  1  1  0  0  0  0  0  1  0  0  1  1  0  0  1  0  1  0  1  0  1  1  0  0  1  1 -291.25       1    0.04
217  0  1  0  0  1  0  0  1  0  1  0  1  0  1  1  1  0  1  1  1  1  0  0  1  1  0  0  0  0  0  0  1  0  0  0  0  1  0  1  0  1  1  1  1  1  1  1  0  1  1  -291.0       1     0.0
218  0  1  0  0  0  0  0  1  0  0  0  1  1  1  1  1  1  0  0  0  0  1  0  1  0  0  0  0  1  0  0  1  0  1  1  1  1  1  1  1  1  0  1  1  1  1  0  1  1  0  -291.0       1     0.0
219  0  1  1  1  0  1  0  0  0  1  0  0  1  1  0  1  1  1  1  1  1  0  1  1  0  0  0  0  0  0  1  1  0  0  1  0  1  0  1  0  1  0  1  1  1  0  0  1  1  0  -291.0       1     0.0
220  1  0  0  1  0  0  0  1  1  0  0  0  1  1  0  1  0  1  1  0  0  0  1  1  0  0  1  0  0  0  0  1  0  0  1  1  1  0  1  1  1  0  1  0  1  1  0  1  1  0  -291.0       1     0.0
221  0  1  0  1  0  1  0  1  0  0  0  0  1  0  1  1  1  1  0  1  0  0  1  1  1  0  0  0  0  0  1  1  0  0  1  0  1  0  0  1  1  1  1  0  1  1  0  1  1  1  -291.0       1     0.0
222  1  0  0  1  0  0  0  1  0  0  1  1  1  1  0  1  0  1  0  0  0  0  0  1  1  0  1  0  1  1  0  1  1  1  1  1  0  1  0  0  1  0  1  0  1  1  0  0  1  1  -291.0       1     0.0
223  0  0  1  1  0  0  0  0  0  0  1  0  1  1  1  1  0  0  0  1  1  0  0  1  1  0  1  0  1  1  0  1  0  1  1  1  1  0  1  0  1  0  0  0  1  1  1  0  1  1  -291.0       1     0.0
289  0  0  1  0  0  0  0  1  0  1  0  1  1  1  1  1  0  0  0  1  0  1  1  1  1  0  0  0  1  0  0  0  1  1  1  1  0  0  1  0  1  0  1  0  1  0  1  1  1  1  -291.0       1    0.02
290  0  0  0  0  1  0  0  0  0  0  0  1  1  0  0  1  0  1  0  1  1  1  1  1  1  1  0  0  1  0  0  0  1  0  0  1  0  0  1  0  1  0  1  0  1  1  1  1  1  1  -291.0       1    0.02
321  0  0  1  1  0  0  0  1  0  1  1  0  1  1  1  1  0  1  1  1  1  0  1  1  0  0  0  0  1  0  0  1  0  1  1  1  1  1  0  0  1  0  1  0  1  1  0  1  1  0  -291.0       1    0.02
345  1  0  1  0  0  0  0  1  0  1  0  1  1  1  1  1  0  1  0  1  1  0  1  1  1  0  1  0  1  0  0  1  0  0  1  0  1  0  1  1  1  0  0  1  1  0  0  0  1  0  -291.0       1    0.02
409  1  0  1  0  0  1  1  1  0  1  1  1  1  0  1  1  0  0  0  0  1  0  1  1  1  0  1  0  1  0  0  1  0  1  1  1  0  0  0  0  1  0  1  1  1  1  0  1  1  0  -291.0       1    0.04
410  0  0  0  0  0  1  0  0  0  0  0  1  1  0  1  1  1  1  1  1  1  0  1  1  1  0  1  0  0  0  0  1  0  0  1  0  0  0  1  0  1  1  1  1  1  0  0  1  1  0  -291.0       1    0.04
426  1  0  0  1  0  0  0  0  0  0  0  1  0  1  0  1  0  1  0  1  0  1  1  1  0  0  1  0  1  0  0  1  1  0  1  1  0  0  0  0  1  0  1  1  1  1  1  1  1  0  -291.0       1    0.04
429  0  1  0  0  0  1  0  1  0  0  0  1  1  1  1  1  1  1  1  0  1  1  0  1  0  0  0  0  1  0  0  1  0  0  1  1  0  1  1  0  1  0  1  1  1  1  0  0  1  0  -291.0       1    0.04
481  1  0  1  0  0  1  0  1  0  0  0  1  1  1  1  1  0  1  0  1  1  0  1  1  0  0  0  0  1  1  0  0  0  1  1  1  0  0  1  0  1  0  1  1  1  0  0  0  1  1  -291.0       1    0.08
234  0  0  0  1  0  1  1  1  0  0  1  1  1  0  1  1  0  1  0  1  0  0  1  1  0  0  0  0  0  0  0  1  0  0  1  1  1  1  0  1  1  0  1  1  1  1  1  1  1  0 -290.25       1     0.0
330  0  1  0  1  0  1  0  1  0  0  0  0  0  1  0  1  1  1  0  1  0  0  1  1  0  1  0  0  0  0  0  1  0  0  0  1  1  0  0  0  1  0  1  0  1  0  0  1  1  1 -290.25       1    0.02
336  0  1  1  0  1  1  0  1  0  0  1  0  1  0  1  1  0  1  0  1  1  0  1  1  1  1  0  0  1  0  0  0  0  0  1  1  0  1  0  0  1  1  1  0  1  0  0  1  1  1 -290.25       1    0.02
369  0  0  1  1  0  1  0  1  0  0  0  0  1  0  0  1  0  1  1  0  1  0  1  1  1  0  0  0  0  0  0  1  0  1  1  1  0  0  1  0  1  0  1  0  1  1  0  0  1  1 -290.25       1    0.02
456  1  1  0  1  0  1  0  1  0  0  0  0  1  1  0  1  1  0  0  1  0  1  0  1  1  0  0  0  0  1  1  1  0  0  1  1  1  1  0  0  1  0  1  1  1  1  0  0  1  1 -290.25       1    0.04
467  0  0  1  0  0  1  0  1  0  0  1  0  1  1  1  1  0  1  0  1  0  0  0  1  0  0  1  0  1  0  0  1  1  0  0  1  0  1  1  0  1  0  0  1  1  1  0  1  1  1 -290.25       1    0.08
237  1  0  0  0  1  1  0  1  0  0  0  1  1  1  0  1  0  1  0  1  1  0  1  1  1  0  0  0  1  0  0  0  0  0  1  1  1  0  1  0  1  1  1  0  1  0  0  0  0  1  -290.0       1     0.0
238  1  1  0  1  0  1  1  1  0  0  0  1  0  1  0  1  0  1  0  1  0  1  1  1  0  0  0  0  0  0  0  1  0  1  1  1  0  0  0  0  1  1  1  0  1  1  0  1  1  1  -290.0       1     0.0
239  0  0  1  0  0  0  0  1  0  1  1  1  1  1  0  1  1  1  1  1  0  0  1  1  1  0  0  0  0  0  0  1  1  0  1  1  0  0  1  0  1  0  1  1  1  0  0  1  1  0  -290.0       1     0.0
240  0  1  0  1  0  0  0  1  0  0  1  1  1  1  1  1  0  1  0  1  1  0  1  1  0  1  1  0  1  0  1  1  0  0  0  0  1  0  1  0  1  0  0  1  0  1  1  1  0  0  -290.0       1     0.0
241  0  0  0  1  0  1  0  1  0  1  1  1  1  1  1  1  1  1  0  0  1  0  0  1  1  0  1  0  0  0  0  1  1  0  1  1  1  0  1  0  0  0  1  1  1  0  0  0  1  0  -290.0       1     0.0
351  0  1  0  0  0  0  1  1  0  1  0  1  1  0  1  1  0  1  0  1  1  0  1  1  0  0  0  0  1  0  0  0  0  0  1  1  0  1  0  0  1  1  1  1  1  1  0  1  1  1  -290.0       1    0.02
362  1  0  0  0  0  1  0  1  0  1  1  1  1  1  0  1  1  1  0  1  0  0  1  0  1  0  0  0  1  0  0  0  1  0  1  0  1  0  1  0  1  1  1  1  1  0  0  1  1  0  -290.0       1    0.02
374  0  0  0  1  1  0  0  0  0  1  0  1  1  1  0  1  0  1  0  1  1  0  1  1  0  1  1  0  1  0  1  1  0  0  0  0  0  1  1  0  1  0  1  0  0  1  0  0  1  1  -290.0       1    0.02
420  0  0  1  0  1  1  0  1  1  0  0  1  1  1  0  1  0  1  0  1  1  0  1  1  0  0  0  0  0  0  1  0  0  0  0  0  1  0  1  1  1  0  1  0  1  1  0  1  1  0  -290.0       1    0.04
454  1  1  0  1  0  1  0  1  0  0  1  0  0  1  0  1  0  1  0  1  0  0  1  1  0  0  0  0  1  0  0  1  0  0  1  1  1  1  1  0  1  0  0  0  1  0  0  1  1  1  -290.0       1    0.06
247  0  1  0  0  1  1  1  1  0  1  1  1  1  1  0  1  1  1  0  1  1  0  1  0  1  0  0  0  0  0  0  0  1  0  1  0  1  0  0  0  1  0  1  1  0  0  1  0  0  1 -289.25       1     0.0
248  1  1  0  1  0  1  0  0  1  0  0  1  1  1  0  1  0  1  1  1  1  0  0  1  0  1  0  0  0  1  1  1  0  0  0  1  1  1  0  0  1  0  1  0  0  0  0  1  1  0 -289.25       1     0.0
249  1  1  0  0  0  0  0  0  1  0  0  1  1  1  1  1  0  1  0  1  0  0  1  1  1  0  0  0  0  0  0  1  1  0  0  0  1  1  1  0  1  1  1  1  1  1  0  1  1  1 -289.25       1     0.0
303  0  1  0  1  0  1  0  1  0  0  0  0  0  1  1  1  0  0  1  1  1  0  1  1  1  0  0  0  1  0  0  1  0  1  1  1  1  1  0  0  1  1  1  0  1  0  0  1  1  1 -289.25       1    0.02
361  0  0  0  1  0  0  0  1  0  0  0  0  1  1  0  1  0  1  1  0  1  0  1  1  1  0  1  0  1  0  0  0  1  0  1  1  0  1  1  0  1  0  1  1  1  1  0  1  1  0 -289.25       1    0.02
397  0  0  1  0  0  1  0  1  1  0  1  0  1  1  0  1  0  1  1  1  0  0  1  1  0  0  0  1  1  0  0  0  1  1  0  0  0  0  1  0  1  0  1  0  1  1  0  1  1  1 -289.25       1    0.02
424  0  0  0  1  0  0  0  1  0  1  0  0  1  1  1  1  0  0  1  1  0  0  1  1  1  0  0  0  1  0  1  0  0  0  1  1  1  0  1  0  1  1  1  0  0  1  0  1  1  1 -289.25       1    0.04
437  1  0  0  1  0  0  1  1  0  0  0  1  1  0  0  0  1  0  0  1  1  0  1  1  1  0  1  0  0  0  1  1  1  1  1  1  1  1  0  0  1  0  1  1  0  0  0  1  0  0 -289.25       1    0.04
447  0  1  0  1  1  1  0  1  0  0  0  1  1  0  1  1  0  1  1  0  0  0  1  1  0  0  0  0  1  0  1  0  1  0  1  1  1  1  0  0  1  0  1  1  1  1  0  1  1  0 -289.25       1    0.04
450  0  0  0  0  0  0  0  1  0  1  0  1  0  1  1  1  0  0  1  1  0  1  0  1  1  0  0  0  1  1  0  1  1  1  0  1  1  0  1  0  1  1  0  1  1  0  0  0  1  1 -289.25       1    0.04
251  0  0  0  1  0  0  0  0  0  0  0  0  1  1  1  1  0  0  1  1  0  0  1  1  1  0  1  0  1  1  0  0  0  1  1  1  1  1  1  0  1  0  0  1  0  1  1  0  1  0  -289.0       1     0.0
252  0  1  0  1  1  0  1  1  0  1  0  0  1  0  0  1  0  1  0  1  1  0  1  1  1  0  0  0  0  1  1  1  1  0  1  1  1  0  0  0  1  0  1  0  0  0  0  1  0  0  -289.0       1     0.0
253  1  0  1  1  0  1  0  1  0  0  0  0  1  1  1  1  0  0  1  0  0  1  0  1  1  0  0  0  0  0  1  1  0  0  1  1  1  1  0  1  1  1  1  1  1  1  0  1  1  0  -289.0       1     0.0
254  0  0  1  0  0  0  0  1  0  0  1  1  1  1  1  1  1  1  1  0  1  0  1  1  0  1  0  0  1  0  0  1  1  0  1  0  0  0  1  0  1  0  1  0  1  0  1  1  1  0  -289.0       1     0.0
353  0  1  0  1  0  1  0  1  0  1  1  1  1  0  0  1  0  1  1  1  1  0  1  1  0  0  0  1  1  0  0  1  1  0  0  0  1  1  0  0  1  0  0  1  1  1  1  1  1  0  -289.0       1    0.02
358  0  0  1  0  0  0  0  0  0  1  1  1  0  1  0  1  0  1  0  1  0  0  1  1  0  0  0  0  1  0  0  1  0  1  1  1  0  0  1  0  1  1  1  1  1  0  0  1  1  1  -289.0       1    0.02
365  0  0  0  1  0  0  1  0  1  1  1  0  0  1  1  1  0  0  1  0  0  0  1  1  0  0  0  0  1  0  1  1  0  0  1  1  0  1  0  1  0  1  1  1  1  0  1  1  1  1  -289.0       1    0.02
378  0  0  1  0  0  1  0  1  0  0  1  0  1  1  1  1  0  1  0  1  0  0  0  1  0  0  0  0  0  0  1  1  0  1  0  1  0  1  1  0  1  1  1  1  1  1  0  1  1  1  -289.0       1    0.02
387  0  0  0  0  1  0  0  1  1  0  1  1  1  1  0  1  0  1  1  1  0  0  1  1  0  1  0  0  0  0  0  1  1  0  0  0  1  0  0  0  1  1  1  1  1  1  1  1  1  0  -289.0       1    0.02
388  0  1  0  0  0  1  1  1  0  1  0  1  1  1  1  1  1  1  1  1  1  0  1  1  0  0  0  0  0  0  1  0  0  0  1  1  1  1  0  0  1  0  1  1  1  1  0  0  1  0  -289.0       1    0.02
389  0  1  1  1  0  1  0  1  0  1  1  0  1  1  1  1  0  1  0  1  0  0  1  1  0  0  0  0  0  0  1  1  1  0  1  0  0  0  1  0  1  0  1  1  0  1  1  1  1  1  -289.0       1    0.02
390  1  0  1  0  0  1  0  1  0  0  0  0  1  1  1  1  1  1  0  1  0  1  0  1  0  0  0  0  0  1  1  1  1  1  0  1  1  0  1  0  1  0  0  1  1  0  0  1  1  0  -289.0       1    0.02
412  0  0  0  0  0  1  0  1  1  1  0  1  0  1  0  1  1  1  0  1  1  0  1  1  0  1  0  0  0  1  0  1  0  1  1  1  1  0  1  0  1  0  0  0  1  0  0  1  1  1  -289.0       1    0.04
423  1  0  0  0  1  1  0  1  1  1  0  1  1  1  1  1  1  0  1  1  0  0  1  1  0  1  0  0  0  0  0  1  0  0  0  1  0  0  0  0  1  1  1  1  1  1  0  0  1  0  -289.0       1    0.04
425  0  0  0  0  0  0  0  1  0  0  1  0  1  1  1  1  0  1  0  1  1  0  1  1  1  1  0  1  1  0  0  0  0  1  1  1  1  1  0  0  1  0  1  1  0  0  0  1  1  1  -289.0       1    0.04
441  0  0  1  0  0  1  0  1  0  0  0  1  1  1  1  1  0  1  1  1  0  0  1  1  0  1  0  0  0  0  0  1  0  0  0  0  1  0  1  0  1  0  1  1  1  1  0  1  1  0  -289.0       1    0.04
479  0  1  1  0  1  1  1  1  0  0  1  0  1  1  0  1  0  1  0  1  1  0  0  0  1  0  0  0  0  0  1  0  1  0  1  1  0  0  1  0  1  0  1  1  1  0  1  0  1  1  -289.0       1    0.06
489  0  0  0  0  0  1  0  0  0  0  0  0  1  1  1  1  1  1  0  1  1  0  1  1  1  0  0  0  0  0  1  1  0  0  1  1  1  0  0  0  1  1  1  1  1  0  0  1  1  0  -289.0       1    0.08
265  0  0  1  0  0  1  0  1  0  0  0  0  1  1  0  1  0  0  0  0  0  1  1  1  0  0  0  0  1  0  0  0  0  1  1  0  0  1  0  1  1  1  1  0  1  1  0  1  1  0 -288.25       1     0.0
266  0  1  0  0  0  1  0  1  0  1  0  1  1  1  0  1  0  1  0  1  0  1  1  1  0  0  0  0  0  0  0  1  1  0  1  0  1  1  1  0  1  0  0  0  1  1  0  1  1  1 -288.25       1     0.0
317  0  1  1  0  0  1  1  1  1  1  0  1  1  1  1  1  0  1  0  0  1  0  0  1  0  0  0  0  1  0  1  0  0  1  1  1  0  0  0  0  1  0  1  1  1  1  0  1  1  0 -288.25       1    0.02
418  0  0  0  1  0  1  0  0  0  0  1  0  1  1  1  1  0  1  0  1  1  0  0  1  0  1  0  0  0  0  1  0  0  1  1  1  1  0  0  1  1  1  1  0  1  0  0  1  1  1 -288.25       1    0.04
451  0  0  0  1  1  1  0  1  0  1  0  0  1  1  1  1  0  1  0  1  0  0  0  1  0  0  0  0  1  1  0  1  0  0  1  1  0  0  1  0  1  0  1  0  1  1  0  1  1  1 -288.25       1    0.06
464  0  0  0  1  0  1  0  1  0  0  1  0  1  0  1  1  0  1  0  0  0  0  1  1  0  1  0  0  0  0  1  1  0  0  1  1  1  0  1  0  1  1  1  0  0  1  0  1  1  0 -288.25       1    0.06
471  0  1  1  1  0  1  0  1  0  1  0  0  1  1  1  1  0  1  0  1  0  0  0  1  0  0  0  0  1  0  0  1  1  1  1  0  0  0  0  1  0  0  1  1  1  0  0  1  1  1 -288.25       1    0.06
486  0  0  0  0  0  0  0  1  0  1  0  1  1  1  1  1  0  1  1  1  0  0  0  1  0  0  0  0  1  0  0  1  1  0  1  0  1  0  1  0  1  1  0  1  1  1  0  1  1  1 -288.25       1    0.08
488  0  0  0  0  1  1  0  1  0  1  0  0  1  1  1  1  0  1  0  1  1  0  0  1  0  0  0  0  0  0  1  1  0  1  1  0  1  1  1  0  1  0  1  1  1  1  0  1  1  1 -288.25       1    0.08
268  0  1  0  0  1  0  1  1  0  0  1  0  0  1  0  1  0  1  0  1  1  1  1  1  1  1  0  0  0  0  0  0  0  0  1  0  0  0  1  0  0  1  1  0  0  1  0  0  1  1  -288.0       1     0.0
373  0  0  0  0  1  0  0  0  0  1  0  1  1  1  1  1  0  1  1  1  0  1  0  0  0  0  0  0  1  0  0  0  1  0  0  0  1  1  1  0  1  1  0  1  1  1  0  1  1  1  -288.0       1    0.02
384  0  0  1  0  0  1  0  1  0  1  0  1  0  1  0  1  0  1  1  1  1  0  1  1  0  1  1  0  0  0  0  1  1  0  0  0  0  1  0  0  1  0  1  0  1  1  0  1  1  0  -288.0       1    0.02
440  1  1  0  0  1  0  0  1  1  1  0  1  1  1  0  1  0  1  0  1  0  1  0  0  1  0  0  0  1  0  0  0  1  0  0  1  1  0  1  0  1  1  1  1  1  1  0  1  1  1  -288.0       1    0.04
443  0  1  1  1  0  0  0  1  0  0  1  0  1  1  0  0  0  1  0  1  0  0  1  1  0  0  0  0  1  0  1  0  0  1  1  1  1  0  0  1  1  0  1  0  1  1  1  1  1  1  -288.0       1    0.04
457  1  0  0  0  0  0  1  1  1  0  0  0  1  1  1  1  1  1  0  1  0  0  1  1  1  0  0  0  1  0  0  0  1  1  0  0  0  0  0  0  1  1  0  0  1  0  0  0  1  1  -288.0       1    0.04
492  0  0  0  1  1  0  0  1  0  0  1  1  1  1  1  1  0  1  0  1  0  0  1  1  1  0  0  0  1  0  1  1  1  0  1  1  1  1  0  0  0  0  0  0  1  0  0  1  1  1  -288.0       1    0.08
274  1  1  0  1  0  0  0  1  0  1  1  0  0  1  0  1  0  1  1  1  1  1  0  1  0  0  0  0  1  0  1  1  0  1  0  1  0  0  0  0  1  1  1  1  1  1  0  1  1  0 -287.25       1     0.0
392  0  0  0  0  0  1  0  0  0  1  1  0  1  1  1  1  1  1  1  0  1  0  1  0  0  0  1  0  0  0  0  1  0  1  1  1  0  1  1  0  1  1  1  1  1  0  0  1  1  1 -287.25       1    0.02
393  0  1  0  1  0  0  1  1  0  0  1  1  1  1  1  1  0  1  1  1  0  0  0  1  1  0  0  0  0  0  0  1  1  0  1  1  1  0  0  0  1  0  1  1  1  1  0  0  1  1 -287.25       1    0.02
395  0  0  1  0  1  0  1  1  0  1  0  1  1  1  0  1  0  1  1  1  0  0  1  1  0  0  0  0  1  0  0  0  1  1  1  1  0  0  1  0  0  0  0  0  1  1  0  1  1  1 -287.25       1    0.04
407  0  1  1  0  0  0  1  1  0  0  1  1  1  1  0  1  1  1  1  1  1  0  1  0  1  0  1  0  0  0  1  1  0  1  1  1  0  0  0  0  1  0  1  1  1  0  0  0  1  0 -287.25       1    0.02
442  0  0  0  0  0  1  0  1  0  0  0  1  1  1  1  1  1  1  0  0  0  0  0  1  0  1  1  0  0  0  0  0  0  1  1  1  1  0  1  0  1  0  1  0  1  1  0  1  1  0 -287.25       1    0.04
453  1  0  1  0  0  1  0  1  0  1  0  1  1  1  1  1  0  1  0  1  1  1  1  1  0  1  0  0  1  1  0  0  0  0  0  1  0  0  1  0  1  0  0  0  1  0  0  0  1  1 -287.25       1    0.06
480  0  0  1  0  1  1  0  1  0  0  0  0  1  0  1  1  0  1  1  1  1  0  1  1  1  0  0  0  0  0  0  0  0  1  1  1  1  1  1  0  1  1  1  1  1  1  0  1  0  0 -287.25       1    0.06
487  0  0  1  0  0  1  1  1  0  1  1  1  1  0  1  1  0  1  1  1  1  0  1  1  1  0  0  0  0  0  0  0  1  0  1  0  0  0  1  0  1  1  1  0  1  0  0  1  1  1 -287.25       1    0.08
281  0  0  0  1  0  0  0  0  0  1  1  1  0  0  1  1  1  1  0  1  0  0  0  1  0  0  0  0  0  0  0  1  1  0  1  1  1  0  1  1  1  1  0  0  1  0  1  1  1  1  -287.0       1     0.0
359  0  0  1  0  0  0  0  1  0  1  1  0  1  1  1  1  1  1  1  1  0  0  0  0  1  0  0  0  0  0  1  1  1  1  0  1  1  0  1  0  1  0  1  1  1  0  1  1  1  1  -287.0       1    0.02
433  0  1  1  1  0  1  0  1  0  0  1  1  1  0  1  1  0  1  1  1  1  0  0  1  1  0  0  0  0  0  0  1  0  1  1  1  1  0  1  0  1  0  1  0  1  0  0  1  0  0  -287.0       1    0.04
472  0  0  1  0  0  1  0  1  0  1  0  0  1  0  1  1  1  1  0  0  1  0  1  1  1  0  0  0  1  0  0  0  0  1  1  1  1  0  1  0  1  1  1  0  1  0  0  1  1  1  -287.0       1    0.06
476  0  0  0  0  0  1  0  1  0  0  1  0  1  1  1  1  1  1  0  1  0  0  1  1  0  0  0  0  1  0  0  1  1  0  1  1  1  0  1  0  1  1  1  1  1  0  0  1  1  0  -287.0       1    0.06
294  1  0  0  1  1  0  0  0  0  0  1  1  1  1  0  1  1  1  0  1  0  0  1  1  1  0  0  0  1  1  0  1  1  0  1  1  1  0  0  0  1  0  1  0  1  0  0  1  1  1 -286.25       1     0.0
295  1  0  1  1  1  1  1  0  0  0  0  1  1  0  0  1  1  1  0  1  0  1  1  1  0  0  0  0  1  0  1  1  1  0  1  0  0  0  0  0  1  0  1  0  0  0  0  1  1  1 -286.25       1     0.0
296  0  0  0  0  0  0  0  0  0  1  0  1  1  1  1  1  0  1  0  1  1  1  0  1  1  0  0  0  1  1  1  0  0  0  1  1  1  0  1  0  1  0  0  1  1  1  0  1  1  0 -286.25       1     0.0
297  1  1  0  1  0  0  0  0  0  0  0  1  0  0  0  1  1  1  1  1  1  1  0  1  0  1  0  0  0  1  0  1  0  0  1  0  1  0  0  1  0  0  1  0  0  1  0  1  1  1 -286.25       1     0.0
360  0  0  1  0  0  1  1  1  0  0  0  0  1  0  1  1  0  1  1  1  1  0  0  1  0  0  0  0  0  0  0  1  1  0  1  0  0  0  1  0  1  0  1  1  0  1  0  1  1  1 -286.25       1    0.02
370  0  0  0  0  0  1  0  1  0  1  0  0  1  1  1  1  1  1  0  0  0  0  1  1  1  1  1  0  0  0  0  0  0  1  1  1  1  1  1  0  1  0  1  0  1  0  0  1  1  0 -286.25       1    0.02
376  0  0  0  0  0  1  0  1  0  1  1  0  1  1  1  1  0  1  0  1  0  0  1  1  1  0  0  0  0  0  0  0  1  1  1  1  1  1  0  0  1  0  1  0  1  0  0  1  1  1 -286.25       1    0.02
379  1  0  0  1  1  1  1  1  0  0  1  1  1  1  0  1  0  1  0  0  0  1  1  1  0  1  0  0  0  0  0  1  1  1  1  1  1  0  0  0  1  0  1  0  0  1  0  1  0  1 -286.25       1    0.02
400  0  1  1  0  0  1  0  1  1  1  1  0  1  1  0  1  0  1  1  1  0  0  1  1  0  1  0  0  0  0  0  1  1  0  0  1  0  0  1  0  1  1  0  0  1  1  0  0  1  0 -286.25       1    0.02
422  0  1  0  1  0  1  0  1  0  0  0  1  1  0  0  1  0  1  1  1  1  0  0  1  0  1  0  0  1  1  1  0  1  1  0  1  1  0  0  0  1  0  1  0  1  1  0  1  1  1 -286.25       1    0.04
470  0  0  1  0  0  0  1  1  0  0  0  0  1  1  1  1  0  0  1  0  1  1  0  0  0  0  0  0  1  0  0  0  1  1  1  1  1  0  1  0  1  1  1  1  1  1  0  0  0  0 -286.25       1    0.04
483  0  0  1  0  0  1  1  1  0  0  0  0  1  1  1  1  0  1  0  1  0  0  1  0  1  0  0  0  1  0  0  0  1  1  0  0  0  0  1  0  1  1  1  1  1  1  0  1  1  1 -286.25       1    0.08
299  0  1  0  1  0  0  1  1  0  0  0  1  1  1  0  1  0  1  0  1  1  1  1  1  0  0  0  0  1  0  0  1  0  1  1  1  1  1  0  1  0  0  1  0  0  0  0  1  1  1  -286.0       1     0.0
300  0  0  1  0  0  0  0  1  0  0  0  1  1  1  1  1  0  1  1  0  1  0  1  0  1  0  0  0  1  0  0  1  0  0  1  0  0  0  1  0  1  1  1  1  1  0  0  0  1  0  -286.0       1     0.0
448  1  0  0  0  0  1  0  1  0  1  0  0  1  1  1  1  1  1  0  1  1  1  1  1  1  0  0  0  1  0  1  0  0  1  1  1  1  0  1  0  1  1  0  1  1  0  0  0  1  0  -286.0       1    0.04
482  0  0  1  0  0  1  0  1  0  1  0  0  1  1  1  1  0  1  0  0  1  0  1  1  0  0  0  0  1  1  0  1  1  1  1  1  0  1  0  0  1  0  1  0  1  1  0  0  1  1  -286.0       1    0.08
493  0  1  1  0  0  0  0  1  0  0  1  1  1  1  1  1  0  1  0  1  0  0  1  1  0  0  1  0  1  0  0  1  1  0  1  0  1  0  1  0  1  1  1  1  1  1  0  1  1  0  -286.0       1     0.1
499  1  0  0  0  1  1  0  1  0  1  0  0  1  1  0  1  0  1  0  1  1  0  1  0  0  0  0  0  1  1  0  1  0  0  1  0  1  0  1  0  1  0  1  1  1  0  0  1  1  1 -285.25       1    0.08
312  1  0  0  0  0  0  0  0  0  0  0  0  0  1  1  1  0  1  0  1  0  0  1  1  1  0  0  0  1  0  0  1  0  1  1  1  1  1  1  0  0  1  1  0  0  0  0  1  1  1  -285.0       1     0.0
314  0  1  0  0  1  1  0  1  0  0  0  1  1  0  1  1  0  1  1  1  1  0  1  0  0  0  0  0  1  1  0  0  1  0  1  0  0  0  1  0  1  0  1  1  1  0  0  0  1  1  -285.0       1     0.0
316  0  1  0  1  0  0  0  1  0  0  1  1  1  1  1  1  0  1  0  1  0  0  0  1  1  0  0  0  0  0  0  1  1  0  1  0  1  0  1  0  0  1  1  0  1  0  0  1  0  0  -285.0       1     0.0
434  0  0  0  0  0  1  0  1  0  1  0  1  1  1  1  1  0  1  0  1  0  0  1  1  0  0  0  0  1  0  0  0  0  0  1  1  1  0  1  0  1  1  0  0  1  1  0  1  1  1  -285.0       1    0.04
495  0  0  1  1  1  1  0  1  0  1  0  0  1  1  1  1  0  1  0  1  1  0  1  1  1  0  0  0  0  0  1  1  0  0  1  1  1  0  1  0  1  0  1  0  1  0  0  1  1  1  -285.0       1     0.1
323  0  0  0  0  0  1  0  1  0  0  0  0  1  0  1  1  1  1  1  1  0  0  1  1  0  0  0  0  0  0  1  1  1  1  1  1  1  0  0  0  1  0  1  1  1  0  0  1  1  1 -284.25       1     0.0
324  1  1  0  1  1  1  1  0  1  0  0  1  1  1  0  1  0  1  0  1  0  0  1  1  0  0  0  1  0  1  0  0  1  0  0  0  0  0  1  0  1  1  1  0  1  1  0  1  1  1 -284.25       1     0.0
325  0  0  0  0  0  1  1  1  0  0  1  0  1  1  1  1  0  1  1  1  0  0  1  1  0  1  0  0  1  0  1  0  1  0  0  1  1  1  0  0  1  1  1  0  1  1  0  1  1  0 -284.25       1     0.0
439  0  0  0  0  0  1  0  1  0  0  1  0  1  1  0  1  0  1  1  1  0  1  1  0  1  0  1  0  1  0  1  0  0  1  1  1  1  1  1  0  1  0  1  1  1  0  0  1  1  0 -284.25       1    0.04
463  0  0  1  1  0  1  0  1  0  0  0  0  1  0  0  1  0  1  1  1  1  1  0  1  0  0  0  0  1  0  0  1  0  1  1  0  1  0  1  0  1  1  1  0  1  1  0  1  1  1  -284.0       1    0.04
469  1  0  0  0  0  1  0  1  0  0  0  0  1  1  1  1  1  1  1  1  1  0  0  1  0  0  1  0  1  0  1  1  1  0  1  1  0  0  1  0  1  0  1  1  1  1  0  1  1  0  -284.0       1    0.06
416  0  0  0  1  0  0  1  1  0  1  1  0  1  1  1  1  0  1  1  0  1  0  0  1  1  0  0  0  1  0  1  0  0  0  1  1  0  0  0  0  1  0  0  1  1  1  0  0  1  0 -283.25       1    0.04
436  0  0  0  0  0  1  0  1  0  0  1  0  1  1  1  1  0  1  1  1  0  0  0  1  0  1  0  0  1  0  0  1  1  1  1  1  1  1  1  0  1  1  0  0  1  0  0  0  1  0 -283.25       1    0.04
458  0  0  1  0  0  1  0  1  0  0  1  1  1  1  1  1  1  1  1  1  1  0  1  1  1  0  0  0  1  0  0  0  0  0  1  1  1  0  0  0  1  0  1  0  1  1  0  1  1  0 -283.25       1    0.04
474  0  0  1  0  1  1  0  1  0  1  0  0  0  1  0  1  0  1  0  1  1  0  1  1  1  0  0  0  1  0  1  1  0  0  1  1  0  0  1  1  1  1  1  1  1  0  0  1  1  0 -283.25       1    0.06
478  0  0  0  0  0  1  0  1  0  1  1  1  1  1  1  1  0  1  0  1  0  0  0  1  1  0  0  0  1  0  0  0  1  0  1  1  1  0  1  0  1  0  1  0  1  0  0  1  1  1 -283.25       1    0.06
475  0  0  1  1  0  1  0  1  0  0  0  0  0  1  1  1  1  1  1  1  1  0  1  1  1  1  0  0  1  0  1  1  0  0  0  1  0  0  1  0  1  0  1  1  1  1  0  1  1  0  -283.0       1    0.06
497  1  0  0  1  1  1  0  0  0  0  0  0  1  1  1  1  0  0  0  1  0  0  1  1  1  0  0  0  1  0  1  1  0  0  1  1  1  0  1  0  1  0  1  1  1  0  0  1  1  1  -283.0       1     0.1
430  0  0  1  1  0  0  0  0  0  0  0  0  0  1  1  1  0  1  1  1  0  0  1  1  0  0  1  0  0  0  0  1  1  0  0  1  1  0  1  0  1  1  1  1  1  1  0  1  1  1 -282.25       1    0.02
468  0  1  0  0  0  0  0  1  0  0  0  1  1  1  1  1  0  1  0  1  0  0  1  1  0  0  0  0  0  0  0  1  1  1  0  1  1  1  1  0  0  1  1  1  1  1  0  1  1  0 -282.25       1    0.04
491  0  1  0  0  0  1  1  1  0  0  0  0  1  1  1  1  0  1  1  0  1  1  1  1  0  1  0  0  0  0  0  0  0  0  1  1  1  0  1  0  1  1  0  0  1  0  0  1  1  0  -281.0       1    0.08
364  0  1  0  1  0  1  0  0  0  0  0  0  1  1  0  1  0  1  1  1  1  1  1  1  1  0  0  0  0  0  0  1  0  1  1  1  1  1  1  0  1  0  1  0  1  0  0  1  1  0  -280.0       1     0.0
419  0  0  0  0  1  1  1  0  0  0  0  0  1  1  0  1  1  1  0  1  1  0  1  1  1  0  0  0  1  0  1  1  0  1  1  1  1  1  0  0  1  1  1  0  1  0  0  1  1  1  -280.0       1    0.02
372  0  0  0  1  1  0  1  1  0  1  1  1  0  1  1  1  1  0  1  0  0  0  1  0  1  0  0  0  1  0  0  0  1  1  1  0  1  1  0  1  1  1  0  1  1  0  1  1  1  1 -279.25       1     0.0
461  1  0  1  0  1  0  0  1  1  1  0  0  1  1  1  1  0  1  0  1  0  0  1  1  0  1  0  0  0  0  1  0  1  0  1  0  1  0  1  0  1  1  1  1  1  0  0  1  1  1  -279.0       1    0.04
['BINARY', 500 rows, 500 samples, 50 variables]Valid partition found with 470 cut edges
Solution:  [1, 0, 0, 1, 0, 0, 0, 0, 1, 1, 0, 1, 0, 1, 1, 1, 0, 0, 0, 1, 0, 1, 1, 1, 0, 1, 0, 0, 1, 1, 0, 0, 0, 1, 0, 1, 0, 0, 1, 0, 1, 0, 1, 0, 1, 1, 1, 0, 1, 1]