%%%%%% graph file %%%%%%
100 1501
61 38 5 86 30 7 98 52 42 55 32 9 67 11 24 89 66 33 69 23 36 3 78 81 58 25 2 93 59 72 49 
1 81 71 48 38 15 83 60 40 82 62 39 29 51 21 96 20 42 45 22 87 100 77 54 57 47 14 69 13 3 
1 2 40 10 65 12 87 44 57 89 56 33 23 25 15 80 47 50 27 4 17 72 62 39 29 6 
3 16 19 84 61 51 64 31 63 40 76 43 10 75 52 12 67 21 66 69 46 23 78 81 58 38 27 59 49 39 
1 67 21 34 99 23 36 13 91 68 81 15 93 60 27 92 82 26 74 41 8 7 95 52 22 
3 84 41 18 8 98 32 100 11 99 66 79 13 58 15 80 37 50 82 49 85 62 39 52 19 
1 5 85 62 19 97 64 41 21 96 73 86 30 20 88 32 77 54 90 67 47 89 59 36 13 91 58 48 83 60 50 40 82 95 
5 6 22 12 100 54 67 24 66 79 23 68 38 15 90 60 82 84 51 86 40 53 85 75 52 88 9 
1 8 10 65 32 12 67 21 79 35 70 14 92 59 39 29 19 51 18 86 40 53 30 20 
3 4 9 91 12 48 14 92 82 62 71 84 41 83 96 40 30 98 75 87 54 31 44 89 43 78 
1 6 55 32 22 87 90 67 44 56 69 13 68 38 80 60 37 27 17 39 52 61 74 64 31 96 63 43 98 88 42 
3 4 8 9 10 70 37 14 50 82 59 95 94 28 31 30 43 85 98 75 52 65 42 55 32 87 64 77 44 46 78 45 58 48 
2 5 6 7 11 78 91 81 15 90 14 27 92 26 71 73 30 20 88 22 87 67 44 66 69 23 
2 9 10 12 13 89 56 69 78 81 58 49 62 39 16 29 19 71 51 28 41 31 73 86 53 75 88 65 42 32 87 54 90 57 24 99 
2 3 5 6 8 13 93 50 59 95 29 94 51 96 73 86 40 53 75 42 78 32 22 77 90 99 79 23 26 71 
4 14 91 81 58 27 82 49 19 61 97 64 18 96 33 65 78 55 100 57 99 89 56 36 
3 11 71 61 51 41 83 76 85 98 52 88 42 55 22 64 44 21 79 33 36 68 58 25 70 60 37 50 92 59 95 72 
6 9 16 59 49 39 74 51 73 63 53 20 65 55 97 64 44 89 69 68 25 38 47 37 27 82 
4 6 7 9 14 16 31 73 86 63 76 43 20 75 65 55 97 67 66 78 68 58 38 80 83 82 95 72 62 39 29 94 71 84 51 
2 7 9 13 18 19 94 84 74 28 64 96 63 76 85 42 55 67 24 69 46 26 78 81 80 92 72 
2 4 5 7 9 17 49 64 41 73 76 65 32 57 24 99 36 68 80 60 50 92 
2 5 8 11 13 15 17 42 55 32 77 69 78 68 70 60 92 59 95 49 62 29 94 71 61 28 41 31 83 53 
1 3 4 5 8 13 15 29 94 97 51 96 66 42 78 32 90 44 91 35 25 28 80 50 49 39 
1 8 14 20 21 54 67 34 99 89 33 81 35 38 93 60 37 50 95 49 39 84 61 51 64 41 63 76 53 43 85 98 75 52 32 97 
1 3 17 18 23 42 45 54 90 34 99 79 46 36 78 35 48 38 47 83 27 92 82 59 72 52 84 97 51 28 96 40 
5 13 15 20 60 27 49 71 84 61 28 30 97 87 100 67 76 89 66 56 46 81 
3 4 5 11 13 16 18 25 26 67 89 79 92 59 36 91 68 48 80 95 72 62 97 74 51 98 75 42 78 55 32 
12 14 20 22 23 25 26 88 42 78 32 90 34 89 79 56 92 59 91 71 70 60 73 95 72 94 84 61 51 41 96 
2 3 9 14 15 19 22 23 68 48 38 80 70 82 59 95 49 71 61 64 75 88 44 66 33 69 46 
1 7 9 10 12 13 26 46 78 68 81 35 38 47 83 60 50 95 72 49 84 61 97 74 41 96 73 53 88 65 45 87 100 77 54 67 57 99 89 
4 10 11 12 14 19 22 93 60 50 92 82 84 64 96 73 63 53 42 55 32 89 66 56 69 46 59 36 48 
1 6 7 9 11 12 14 15 21 22 23 24 27 28 31 91 68 35 48 38 80 47 60 92 72 49 85 62 97 64 96 73 86 63 76 33 98 75 78 87 54 44 99 79 56 
1 3 16 17 24 29 32 56 92 91 81 71 70 83 37 40 94 86 75 65 42 44 
5 24 25 28 84 51 64 41 96 86 40 76 85 52 88 42 45 97 100 99 36 80 93 70 47 37 92 82 49 62 
9 23 24 25 30 32 92 82 39 41 96 63 43 85 98 75 87 90 44 57 56 46 91 68 47 83 50 
1 5 7 16 17 21 25 27 31 34 84 51 41 73 40 88 79 56 46 70 47 37 95 49 62 94 
6 11 12 17 18 24 33 34 36 74 96 73 53 66 98 88 65 55 77 67 89 59 91 81 48 38 40 95 
1 2 4 8 11 18 19 24 25 29 30 32 37 87 54 67 89 56 81 90 70 47 50 59 49 71 51 41 96 63 76 75 42 
2 3 4 6 9 11 14 18 19 23 24 35 75 88 42 97 77 79 46 91 45 90 70 92 95 49 62 61 64 41 86 76 
2 3 4 7 8 9 10 15 25 33 34 36 37 82 72 49 94 54 99 66 98 78 55 80 47 59 91 71 48 83 
5 6 7 10 14 17 21 22 24 28 30 34 35 36 38 39 67 99 68 58 48 80 47 50 94 74 96 73 98 75 88 
1 2 11 12 14 15 17 20 22 23 25 27 28 31 33 34 38 39 88 55 69 81 58 71 60 50 82 72 49 85 74 51 64 
4 10 11 12 19 24 35 68 45 58 48 90 80 60 49 62 71 61 96 86 63 75 54 89 
3 10 11 12 13 17 18 23 29 32 33 35 45 87 90 57 89 92 68 48 93 70 83 50 72 62 94 61 97 64 86 99 66 75 
2 12 25 30 34 39 43 44 83 60 52 94 97 51 96 63 76 85 87 100 77 67 79 56 69 46 68 81 
4 12 20 25 26 29 30 31 35 36 39 45 91 71 80 93 60 50 92 95 52 94 84 97 85 75 54 67 56 
2 3 7 18 25 30 32 34 35 36 38 40 41 79 56 69 81 93 70 82 72 62 61 97 74 64 53 66 98 78 55 87 77 54 90 
2 7 10 12 25 27 29 31 32 37 40 41 43 44 71 83 72 49 85 96 86 88 55 87 54 69 
1 4 6 14 16 18 21 22 23 24 26 29 30 32 34 36 38 39 40 42 43 48 59 68 73 85 61 51 64 54 63 53 66 98 75 88 100 89 79 92 
3 6 7 12 15 17 21 23 24 30 31 35 38 41 42 44 46 96 63 85 52 88 90 79 78 71 80 59 95 72 
2 4 8 9 14 15 17 18 19 23 24 25 27 28 34 36 38 42 45 49 52 84 85 75 88 65 78 77 54 90 91 71 
1 4 5 6 8 11 12 17 24 25 34 45 46 50 51 92 69 94 71 62 64 63 98 88 55 68 90 80 57 
8 9 14 15 18 22 24 30 31 37 47 49 97 74 64 96 63 76 75 78 55 77 67 57 99 59 58 83 60 73 82 85 
2 7 8 10 14 24 25 30 32 38 40 43 46 47 48 49 51 82 95 61 66 98 100 77 89 59 81 58 71 70 83 
1 11 12 16 17 18 19 20 22 27 31 37 40 42 47 48 52 53 88 65 97 90 67 57 89 79 56 81 83 62 94 84 
3 11 14 16 26 28 31 32 33 35 36 38 45 46 47 55 62 64 86 99 66 68 57 81 71 61 83 
2 3 14 16 21 30 35 44 52 53 55 56 87 77 99 89 68 93 82 97 86 63 76 75 
1 4 6 7 12 14 16 17 19 41 42 43 53 54 92 69 91 83 60 72 62 94 84 76 
1 4 7 9 12 15 17 18 22 25 27 28 29 31 37 38 40 49 50 53 54 96 86 65 77 67 68 81 73 82 62 94 61 97 
2 5 7 8 11 17 21 22 24 26 28 30 31 32 42 43 45 46 53 58 81 80 93 70 92 82 95 94 74 64 75 88 100 89 66 
1 4 11 16 17 22 24 26 28 29 30 39 43 44 47 49 54 56 59 98 75 65 68 77 91 81 70 83 95 85 62 84 87 
2 3 6 7 10 14 19 22 27 32 34 36 39 43 44 47 52 55 56 58 59 61 95 74 63 90 67 66 
4 11 18 19 20 24 31 32 35 38 43 45 49 50 52 53 57 62 71 70 85 94 97 76 75 65 87 77 
4 7 11 12 16 17 18 20 21 24 29 31 32 34 39 42 44 47 49 52 53 56 60 84 86 85 75 87 77 99 78 81 92 95 
3 9 12 14 16 18 19 21 30 33 37 51 55 59 61 63 91 81 70 73 72 85 74 96 98 100 77 90 67 80 89 
1 4 6 8 13 19 23 26 29 31 37 40 44 47 49 54 56 60 62 69 73 95 84 97 74 99 100 
1 4 5 7 8 9 11 13 19 20 24 26 27 30 37 38 41 45 46 53 55 59 62 65 85 97 74 78 100 77 99 91 83 
5 8 11 17 18 19 21 22 27 29 30 32 35 41 43 44 45 49 52 56 57 59 61 72 85 86 79 92 69 91 93 70 83 
1 2 4 11 13 14 18 20 22 29 31 42 45 47 48 52 58 66 68 76 78 100 80 89 92 73 95 
9 12 17 22 28 29 33 34 36 38 39 44 47 54 60 61 63 65 68 95 72 94 84 74 86 99 78 77 81 71 93 
2 10 13 14 15 17 19 22 26 28 29 33 38 40 42 43 46 48 50 51 52 54 56 63 70 77 89 83 84 96 73 86 85 75 
1 3 17 19 20 25 27 28 30 32 40 42 44 47 48 50 58 65 68 70 87 100 90 91 80 85 94 97 76 
7 13 14 15 18 19 21 28 30 31 32 36 37 41 49 53 59 65 66 69 71 97 87 99 82 81 
5 11 18 20 27 30 37 41 42 47 53 60 62 65 66 67 70 75 88 78 87 100 79 91 95 85 94 84 97 
4 8 10 12 14 15 19 24 27 29 32 33 35 38 39 41 43 44 46 49 51 53 57 60 61 63 64 71 74 98 100 92 81 93 95 85 97 99 
4 17 19 20 21 24 26 32 34 38 39 45 53 57 58 63 69 72 80 83 92 82 85 77 90 
2 7 12 15 22 30 37 39 45 47 51 53 54 57 59 61 63 64 65 67 70 71 76 88 78 80 92 93 95 84 97 
1 4 10 12 13 14 15 16 19 20 22 23 25 27 28 30 32 40 47 50 51 53 64 67 69 70 74 77 99 98 88 90 94 87 96 
6 8 9 15 17 25 27 28 32 36 39 45 47 49 50 55 68 74 91 85 97 98 89 
3 6 11 19 20 21 23 27 29 32 34 40 41 43 46 50 52 60 65 69 72 76 77 92 83 82 95 94 96 87 100 
1 2 4 5 13 14 16 20 24 26 30 33 37 38 42 45 47 54 55 56 59 60 61 64 65 70 73 75 93 83 95 84 97 99 98 100 
2 5 6 7 8 10 12 16 18 19 25 29 31 34 35 40 42 47 53 54 57 59 60 73 76 80 91 94 83 95 84 87 100 
2 7 10 17 19 22 25 30 33 35 40 44 45 48 53 54 55 56 58 61 67 68 71 76 80 81 82 97 86 87 90 89 95 
4 6 8 10 19 20 24 25 26 28 30 31 34 36 46 51 55 58 61 64 66 70 71 74 77 81 82 99 87 90 
6 7 8 12 17 20 24 32 34 35 42 45 46 48 49 50 51 53 61 63 64 65 67 68 71 72 74 75 76 79 93 95 99 91 
1 7 8 9 14 15 19 32 33 34 39 43 44 48 56 57 59 64 68 70 71 83 97 88 89 
2 3 10 11 12 13 14 26 30 32 35 38 44 45 47 48 57 61 63 64 72 73 74 78 80 82 83 84 97 99 90 94 93 
7 8 11 13 14 17 28 29 30 34 36 37 39 41 42 48 49 50 51 52 55 60 74 77 78 86 98 92 
1 3 7 10 14 16 18 24 26 27 28 30 31 37 38 43 44 49 54 55 57 60 65 69 71 79 83 86 90 94 
7 8 11 13 14 15 23 25 28 35 38 39 43 44 47 50 51 52 55 62 65 72 76 78 83 84 87 89 92 98 
5 7 10 13 16 23 27 28 32 33 35 37 39 40 46 51 58 61 65 67 68 72 74 79 82 85 92 95 99 
5 9 10 13 17 20 21 22 25 27 28 31 32 33 34 35 39 44 46 49 52 58 60 64 68 69 75 76 77 80 88 90 91 94 95 
1 5 15 24 31 34 44 46 47 57 60 68 70 75 77 81 85 87 95 100 
12 15 19 20 22 23 28 33 36 40 41 44 45 46 52 55 58 59 60 63 70 72 74 78 80 82 87 89 92 100 97 
5 7 12 15 17 19 22 24 27 28 29 30 36 37 39 46 50 54 60 61 62 64 66 69 70 74 75 77 80 81 82 83 85 91 92 93 99 98 
2 7 10 11 15 16 20 23 25 28 30 31 32 34 35 37 38 41 43 45 48 50 53 59 65 71 78 80 100 
7 16 18 19 23 24 25 26 27 30 32 34 39 44 45 46 47 53 55 57 59 63 66 67 72 73 74 75 77 79 81 83 86 87 94 
1 6 10 11 12 17 24 27 32 35 37 40 41 47 49 52 54 61 65 75 78 79 81 88 90 95 
5 6 14 15 16 21 24 25 30 32 34 40 41 44 53 56 57 64 66 67 70 73 75 78 81 84 85 87 91 95 
2 6 8 16 26 30 34 45 49 54 60 65 66 67 69 72 74 75 80 81 82 93 94 96 
