%%%%%% graph file %%%%%%
60 918
6 24 52 47 56 51 60 19 28 46 55 5 23 32 41 9 18 27 36 4 13 59 54 40 49 58 26 44 53 21 30 39 16 34 43 20 
54 49 35 44 30 39 57 34 52 11 29 38 47 6 15 24 10 5 14 42 60 28 37 55 41 59 9 36 45 4 13 40 8 26 3 
2 42 51 28 37 14 23 50 31 12 59 54 49 58 53 30 39 7 16 25 34 20 6 15 10 5 52 
1 2 7 16 25 29 6 15 24 10 19 42 51 60 55 14 50 18 27 36 45 13 22 8 12 54 49 44 53 30 39 48 57 
1 2 3 59 45 31 49 44 53 21 48 16 34 20 15 10 47 56 51 19 37 23 32 18 27 36 13 22 
1 2 3 4 47 51 37 46 23 41 59 9 27 36 13 22 40 7 44 53 48 57 16 25 34 52 11 38 10 19 14 
3 4 6 58 35 48 57 16 25 34 20 29 24 33 14 56 42 51 60 28 55 41 50 59 18 36 45 13 22 31 40 17 26 54 
2 4 18 31 17 12 59 45 54 26 35 44 30 48 57 25 43 20 56 42 51 60 19 55 32 50 
1 2 6 19 47 42 51 14 32 50 27 36 13 22 12 59 54 58 26 44 48 57 16 11 20 38 24 
2 3 4 5 6 50 59 54 31 40 26 44 53 39 16 25 20 57 52 47 24 33 60 37 55 14 23 41 18 27 36 13 17 
2 6 9 28 46 32 41 59 27 36 45 13 40 26 54 58 44 21 39 16 52 20 38 33 19 14 47 
3 4 8 9 15 24 38 33 19 46 50 18 13 22 59 54 35 44 53 39 16 29 
1 2 4 5 6 7 9 10 11 12 59 45 40 49 58 35 44 53 39 16 34 43 29 38 15 24 52 60 28 37 55 23 41 18 27 36 22 
2 3 4 6 7 9 10 11 33 42 28 46 55 23 18 27 45 22 31 59 54 49 58 26 44 53 30 16 25 34 20 15 24 19 
2 3 4 5 12 13 14 16 25 34 43 52 29 38 24 42 37 23 41 50 27 17 54 40 58 35 30 
1 3 4 5 6 7 9 10 11 12 13 14 15 22 31 40 54 49 58 53 21 30 25 34 43 52 47 42 37 32 50 59 18 27 
7 8 10 15 52 38 47 56 42 51 28 23 41 18 22 59 45 54 40 49 26 35 44 21 30 39 43 20 
1 4 5 7 8 10 12 13 14 16 17 59 45 54 40 49 58 21 48 57 25 34 38 51 28 37 32 41 50 
1 4 5 6 8 9 11 12 14 27 45 22 31 59 54 49 35 44 53 21 57 25 29 38 47 28 37 23 41 50 
1 3 5 7 8 9 10 11 14 17 33 51 60 28 46 55 23 32 27 36 22 59 54 40 58 35 44 25 34 
1 5 11 16 17 18 19 40 49 58 35 30 57 25 29 38 24 56 51 60 28 37 55 32 41 50 59 27 36 22 26 
4 5 6 7 9 12 13 14 16 17 19 20 21 47 56 33 42 51 28 23 31 59 54 40 49 58 53 30 39 48 52 
1 3 5 6 10 13 14 15 17 19 20 22 29 24 33 56 42 51 60 37 46 55 32 41 36 45 40 26 58 39 48 57 25 34 43 52 
1 2 4 7 9 10 12 13 14 15 21 23 59 54 49 26 53 39 48 25 34 52 33 42 51 28 37 55 50 27 45 31 
3 4 6 7 8 10 14 15 16 18 19 20 21 23 24 47 56 33 42 51 60 28 37 55 50 27 36 26 59 40 35 44 30 34 52 29 
1 2 7 8 9 10 11 14 17 21 23 24 25 44 39 38 56 42 60 41 27 50 45 40 49 58 
1 4 5 6 9 10 11 13 14 15 16 19 20 21 24 25 26 31 54 49 58 44 53 30 57 43 52 29 47 42 60 55 32 50 59 45 
1 2 3 7 11 13 14 17 18 19 20 21 22 24 25 56 42 60 46 55 32 41 50 36 45 31 35 44 53 39 48 57 43 52 38 47 
2 4 7 12 13 15 19 21 23 25 27 40 49 35 44 30 57 43 52 56 33 42 51 46 55 50 36 
1 2 3 4 8 14 15 16 17 21 22 25 27 29 60 37 45 31 49 58 35 53 48 43 
3 5 7 8 10 14 16 19 22 24 27 28 30 56 60 46 55 32 41 54 58 35 44 53 48 57 
1 5 8 9 11 16 18 20 21 23 27 28 31 54 49 58 44 39 48 38 47 56 37 55 41 36 45 
7 10 11 12 14 20 22 23 24 25 29 60 37 46 55 41 59 54 49 58 35 44 53 39 47 
1 2 3 5 6 7 13 14 15 16 18 20 23 24 25 57 43 38 52 56 42 51 60 46 55 41 45 59 54 35 44 
2 7 8 12 13 15 17 19 20 21 25 28 29 30 31 33 34 44 39 48 57 47 51 37 55 41 45 
1 2 4 5 6 7 9 10 11 13 20 21 23 25 28 29 32 47 60 37 46 55 59 54 49 53 43 38 
2 3 5 6 10 13 15 16 18 19 21 23 24 25 30 32 33 35 36 44 53 48 57 56 60 55 50 59 45 40 
2 6 9 11 12 13 15 17 18 19 21 26 28 32 34 36 54 49 58 44 53 39 57 52 47 51 60 50 46 
1 2 3 4 10 11 12 13 17 22 23 24 26 28 32 33 35 38 52 56 42 51 60 41 50 59 45 44 43 
1 2 6 7 10 11 13 15 16 17 18 20 21 22 23 25 26 29 37 58 53 48 43 52 42 51 60 55 41 50 45 
1 2 6 7 10 11 13 15 17 18 19 21 23 26 28 31 32 33 34 35 39 40 51 59 54 58 48 57 56 
2 3 4 7 8 9 14 15 16 17 22 23 24 25 26 27 28 29 34 39 40 51 46 55 50 45 49 58 44 48 
1 8 13 15 16 17 23 27 28 29 30 34 36 39 40 59 45 49 44 53 57 51 60 55 50 
1 2 4 5 6 8 9 10 11 12 13 14 17 19 20 25 26 27 28 29 31 32 33 34 35 37 38 39 42 43 55 45 54 49 58 53 52 
2 4 5 7 8 11 13 14 17 18 19 23 24 26 27 28 30 32 34 35 37 39 40 42 43 44 48 52 56 51 54 58 
1 6 11 12 14 20 23 28 29 31 33 34 36 38 42 48 57 52 56 60 50 59 
1 2 5 6 9 10 11 16 17 19 22 25 27 28 32 33 35 36 38 56 51 60 55 59 48 57 52 
4 5 6 7 8 9 18 22 23 24 28 30 31 32 35 37 40 41 42 45 46 47 54 58 53 57 52 56 51 
1 2 3 4 5 13 14 16 17 18 19 21 22 24 26 27 29 30 32 33 36 38 42 43 44 55 50 58 53 57 56 
3 4 7 8 9 10 12 15 16 18 19 21 24 25 26 27 28 29 37 38 39 40 42 43 46 49 56 51 60 55 59 54 58 57 
1 3 4 5 6 7 8 9 17 18 20 21 22 23 24 25 29 34 35 38 39 40 41 42 43 45 47 48 50 54 53 56 60 
1 2 3 6 10 11 13 15 16 17 22 23 24 25 27 28 29 34 38 39 40 44 45 46 47 48 60 55 59 54 56 
1 3 4 5 6 10 12 13 14 16 19 22 24 27 28 30 31 33 36 37 38 40 43 44 48 49 51 56 60 55 59 54 58 
1 2 3 4 7 8 9 10 11 12 14 15 16 17 18 19 20 22 24 27 31 32 33 34 36 38 41 44 45 48 50 51 52 53 58 57 55 
1 2 4 7 8 10 13 14 20 21 23 24 25 27 28 29 31 32 33 34 35 36 37 40 42 43 44 47 49 50 52 53 54 56 58 
1 5 7 8 17 21 22 23 25 26 28 29 31 32 34 37 39 41 45 46 47 48 49 50 51 52 53 55 57 60 59 
2 4 6 7 8 9 10 18 19 21 23 27 28 29 31 34 35 37 38 41 43 46 47 48 49 50 54 56 58 59 
1 3 7 9 11 13 14 15 16 18 20 21 22 23 26 27 30 31 32 33 38 40 41 42 44 45 48 49 50 53 54 55 57 59 
1 2 3 5 6 7 8 9 10 11 12 13 14 16 17 18 19 20 21 22 24 25 27 33 34 36 37 39 41 43 46 47 50 52 53 56 57 58 60 
1 2 4 7 8 10 13 20 21 23 25 26 27 28 30 31 33 34 36 37 38 39 40 43 46 47 50 51 52 53 56 59 
