%%%%%% graph file %%%%%%
40 628
6 15 24 10 38 33 19 28 37 5 14 32 9 18 36 4 13 8 17 3 31 26 35 12 21 30 7 16 25 34 11 20 29 
35 30 39 16 25 34 20 29 38 6 15 24 33 10 19 5 14 28 37 23 32 27 36 4 13 40 8 17 3 12 7 
1 2 33 28 9 18 27 4 31 8 17 12 40 26 35 21 30 7 16 34 11 20 29 15 24 10 19 5 
1 2 3 7 16 11 20 29 15 24 10 19 33 28 37 14 23 32 9 18 27 36 31 8 17 26 12 21 30 39 
1 2 3 31 40 26 35 12 21 30 39 7 16 25 34 11 20 29 6 15 10 38 24 19 23 9 18 27 36 13 22 8 17 
1 2 5 28 37 23 32 9 18 27 36 13 22 31 40 17 26 12 7 35 21 16 25 11 20 38 15 24 10 19 14 
1 2 3 4 5 6 30 39 25 34 11 20 38 15 24 10 19 28 23 32 9 18 36 13 22 31 40 8 17 26 12 
1 2 3 4 5 7 18 27 36 13 22 31 17 12 40 26 35 21 30 39 25 11 20 15 24 10 33 19 28 37 14 23 32 9 
1 3 4 5 6 7 8 10 19 33 28 37 14 23 32 18 27 22 31 17 12 35 21 16 25 34 11 20 29 38 15 24 
1 2 3 4 5 6 7 8 9 31 40 26 35 12 21 30 39 16 25 20 15 38 24 19 37 23 32 18 27 36 13 22 17 
1 3 4 5 6 7 8 9 37 23 18 27 36 13 22 31 40 17 12 35 21 30 39 16 25 34 20 38 15 24 33 19 14 
1 2 3 4 5 6 7 8 9 10 11 15 24 38 33 19 28 37 14 18 27 36 13 22 31 40 35 21 30 39 16 34 20 29 
1 2 5 6 7 8 10 11 12 40 26 21 30 39 16 25 34 20 29 15 33 28 37 14 23 32 31 17 
1 2 4 6 8 9 11 12 13 33 37 23 18 27 36 22 17 40 26 35 21 30 39 16 25 34 20 29 38 15 24 
1 2 3 4 5 6 7 8 9 10 11 12 13 14 16 25 34 29 38 24 33 19 28 37 32 18 27 36 22 31 17 26 40 35 21 30 
1 2 3 4 5 6 9 10 11 12 13 14 15 22 40 17 26 35 21 30 39 25 34 20 29 38 24 19 28 37 27 36 
1 2 3 4 5 6 7 8 9 10 11 13 14 15 16 38 19 23 32 18 27 31 40 26 35 21 30 39 25 34 20 24 
1 3 4 5 6 7 8 9 10 11 12 14 15 17 40 26 21 30 34 20 24 33 28 37 23 32 27 36 31 
1 2 3 4 5 6 7 8 9 10 11 12 15 16 17 27 36 22 26 30 39 25 20 29 38 24 33 28 37 23 32 
1 2 3 4 5 6 7 8 9 10 11 12 13 14 16 17 18 19 33 28 37 32 27 36 22 31 26 35 21 30 39 25 34 29 38 24 
1 3 4 5 6 8 9 10 11 12 13 14 15 16 17 18 20 40 35 30 39 25 34 29 38 24 33 28 37 23 27 31 26 
5 6 7 8 9 10 11 12 14 15 16 19 20 38 33 28 37 23 36 31 40 26 35 30 39 34 29 24 
2 4 5 6 7 8 9 10 11 13 14 17 18 19 21 22 29 38 33 28 37 32 27 36 31 40 35 30 34 
1 2 3 4 5 6 7 8 9 10 11 12 14 15 16 17 18 19 20 21 22 40 35 30 39 25 29 38 33 27 36 31 
1 2 5 6 7 8 9 10 11 13 14 15 16 17 19 20 21 24 28 37 32 27 36 31 40 35 30 34 29 38 
1 3 4 5 6 7 8 10 13 14 15 16 17 18 19 20 21 22 35 34 29 38 33 28 37 32 27 36 31 40 
2 3 4 5 6 8 9 10 11 12 14 15 16 17 18 19 20 21 23 24 25 26 40 35 39 34 29 38 33 37 32 
1 2 3 4 6 7 8 9 12 13 15 16 18 19 20 21 22 23 25 26 37 32 36 31 40 35 30 39 34 29 38 33 
1 2 3 4 5 9 12 13 14 15 16 19 20 21 22 23 24 25 26 27 28 40 30 39 34 38 33 37 32 36 31 
1 2 3 4 5 7 8 10 11 12 13 14 15 16 17 18 19 20 21 22 23 24 25 28 29 33 32 36 31 40 35 34 38 
1 3 4 5 6 7 8 9 10 11 12 13 15 17 18 20 21 22 23 24 25 26 28 29 30 32 36 40 35 39 34 38 
1 2 4 6 7 8 9 10 13 15 17 18 19 20 23 25 26 27 28 29 30 31 39 34 38 37 40 
1 2 3 4 8 9 11 12 13 14 15 18 19 20 21 22 23 24 26 27 28 29 30 37 40 35 34 38 
1 2 3 5 7 9 11 12 13 14 15 16 17 18 20 21 22 23 25 26 27 28 29 30 31 32 33 39 38 37 36 40 35 
1 2 3 5 6 8 9 10 11 12 14 15 16 17 20 21 22 23 24 25 26 27 28 30 31 33 34 40 39 38 37 36 
1 2 4 5 6 7 8 10 11 12 14 15 16 18 19 20 22 23 24 25 26 28 29 30 31 34 35 37 40 39 38 
1 2 4 6 8 9 10 11 12 13 14 15 16 18 19 20 21 22 23 25 26 27 28 29 32 33 34 35 36 39 40 
1 2 5 6 7 9 10 11 12 14 15 16 17 19 20 21 22 23 24 25 26 27 28 29 30 31 32 33 34 35 36 40 39 
2 4 5 7 8 10 11 12 13 14 16 17 19 20 21 22 24 27 28 29 31 32 34 35 36 37 38 40 
2 3 5 6 7 8 10 11 12 13 14 15 16 17 18 21 22 23 24 25 26 27 28 29 30 31 32 33 34 35 36 37 38 39 
