%%%%%% graph file %%%%%%
30 89
17 3 26 23 7 18 27 11 13 
20 13 24 21 5 14 
1 14 25 9 18 4 15 19 
3 7 25 9 15 26 5 30 
2 4 14 7 16 18 27 11 13 15 
18 
1 4 5 19 18 17 
11 30 14 25 
3 4 30 14 16 18 27 20 24 
19 
1 5 8 23 29 15 19 
26 19 
1 2 5 19 25 29 22 15 
2 3 5 8 9 20 22 25 
3 4 5 11 13 18 20 21 
5 9 
1 7 30 23 
1 3 5 6 7 9 15 19 25 
3 7 10 11 12 13 18 20 22 24 28 23 
2 9 14 15 19 21 26 
2 15 20 29 
13 14 19 29 24 
1 11 17 19 26 25 
2 9 19 22 30 27 
3 4 8 13 14 18 23 
1 4 12 20 23 27 
1 5 9 24 26 
19 
11 13 21 22 
4 8 9 17 24 
