%%%%%% graph file %%%%%%
50 572
47 28 37 46 5 32 9 27 36 4 22 40 30 39 48 7 11 20 29 
49 35 48 25 43 11 20 38 47 15 24 33 10 19 37 46 32 13 22 31 8 17 12 7 
33 46 14 32 41 31 8 17 45 40 21 25 34 11 38 6 19 
1 25 34 43 20 38 24 19 5 33 28 46 14 23 50 9 27 36 13 8 26 12 40 21 30 
1 4 45 40 49 35 44 12 21 7 16 25 34 11 29 10 47 33 42 19 28 46 27 36 17 
3 42 28 37 18 27 36 45 44 21 39 48 20 29 38 33 
1 2 5 35 44 48 11 29 38 15 24 10 19 14 28 37 32 41 50 9 36 31 40 17 26 12 21 
2 3 4 18 13 17 45 49 26 44 21 30 39 48 16 25 34 29 15 33 28 14 32 41 
1 4 7 10 19 47 42 14 32 41 50 36 49 44 39 25 34 11 20 29 
2 5 7 9 50 31 44 21 16 34 20 29 15 43 38 33 42 19 28 37 14 32 27 
1 2 3 5 7 9 37 23 50 18 36 45 31 35 21 30 25 34 29 15 19 14 47 
2 4 5 7 38 47 19 28 46 14 32 41 36 13 22 49 26 35 25 34 20 29 
2 4 8 12 40 26 35 44 30 39 16 25 34 43 29 38 24 19 28 46 14 23 41 50 18 36 22 17 
3 4 7 8 9 10 11 12 13 47 33 37 32 18 36 22 26 30 39 16 25 43 20 29 15 19 
2 7 8 10 11 14 25 29 38 24 33 50 18 27 45 31 26 35 44 30 39 
5 8 10 13 14 22 44 30 48 20 29 24 33 47 37 41 27 
2 3 5 7 8 13 38 47 33 19 46 32 50 36 49 30 39 34 43 20 
6 8 11 13 14 15 49 26 35 44 21 39 25 34 38 24 33 41 50 22 
2 3 4 5 7 9 10 11 12 13 14 17 27 45 22 31 49 26 35 44 21 43 20 47 42 37 46 41 
1 2 4 6 9 10 12 14 16 17 19 42 41 36 45 49 35 30 39 
3 4 5 6 7 8 10 11 18 19 49 35 30 39 25 34 33 47 42 23 32 36 45 31 
1 2 12 13 14 16 18 19 47 42 23 32 41 50 36 31 45 35 30 39 34 43 24 
4 11 13 21 22 38 28 42 27 45 35 39 48 25 34 43 
2 4 7 13 15 16 18 22 49 26 44 30 39 34 43 29 38 47 28 37 46 41 27 36 
2 3 4 5 8 9 11 12 13 14 15 18 21 23 47 33 42 32 27 45 31 26 49 44 30 39 48 34 43 
4 7 8 12 13 14 15 18 19 24 25 44 30 34 43 47 42 50 45 31 
1 4 5 6 10 15 16 19 23 24 25 31 44 30 48 34 29 47 33 42 28 46 41 50 
1 4 5 6 7 8 10 12 13 23 24 27 32 41 50 40 49 39 43 29 47 33 
1 5 6 7 8 9 10 11 12 13 14 15 16 24 27 28 43 47 33 37 46 45 31 
1 4 8 11 13 14 15 16 17 20 21 22 24 25 26 27 33 42 46 50 31 40 49 44 34 43 38 
2 3 7 10 11 15 19 21 22 25 26 27 29 30 46 45 49 39 34 38 
1 2 3 7 8 9 10 12 14 17 21 22 25 28 35 44 39 34 38 33 47 42 37 41 50 36 45 40 
2 3 4 5 6 8 10 14 15 16 17 18 21 25 27 28 29 30 32 42 37 41 50 35 34 43 38 
3 4 5 8 9 10 11 12 13 17 18 21 22 23 24 25 26 27 30 31 32 33 39 48 43 47 37 41 50 36 45 40 49 35 44 
2 5 7 11 12 13 15 18 19 20 21 22 23 32 33 34 48 43 42 37 46 45 
1 4 5 6 7 9 11 12 13 14 17 20 21 22 24 32 34 47 42 37 46 41 50 44 48 
1 2 6 7 10 11 14 16 19 24 29 32 33 34 35 36 49 38 42 41 50 45 40 
2 3 4 6 7 10 12 13 15 17 18 23 24 30 31 32 33 37 45 49 39 
1 6 8 9 13 14 15 17 18 20 21 22 23 24 25 28 31 32 34 38 50 45 40 49 43 
1 3 4 5 7 13 28 30 32 34 37 39 44 43 46 50 45 
3 7 8 9 12 13 16 18 19 20 22 24 27 28 32 33 34 36 37 50 48 
5 6 9 10 19 20 21 22 23 25 26 27 30 32 33 35 36 37 43 44 48 
2 4 10 13 14 17 19 22 23 24 25 26 28 29 30 33 34 35 39 40 42 49 48 47 46 
5 6 7 8 9 10 13 15 16 18 19 24 25 26 27 30 32 34 36 40 42 46 48 47 
3 5 6 8 11 15 19 20 21 22 23 25 26 29 31 32 34 35 37 38 39 40 46 49 
1 2 3 4 5 12 13 17 19 24 27 29 30 31 35 36 40 43 44 45 48 47 
1 2 5 9 11 12 14 16 17 19 21 22 24 25 26 27 28 29 32 34 36 43 44 46 50 48 
1 2 6 7 8 16 23 25 27 34 35 36 41 42 43 44 46 47 
2 5 8 9 12 17 18 19 20 21 24 25 28 30 31 34 37 38 39 43 45 
4 7 9 10 11 13 15 17 18 22 26 27 28 30 32 33 34 36 37 39 40 41 47 
