%%%%%% graph file %%%%%%
30 337
24 19 28 5 14 23 9 18 27 4 13 22 8 17 3 26 12 21 30 7 16 2 11 20 29 
1 16 25 11 29 6 15 24 10 19 5 28 23 9 18 27 4 13 22 8 26 12 21 7 
1 28 14 9 18 27 22 8 17 12 26 21 30 7 16 25 11 20 29 6 15 24 10 5 
1 2 25 11 20 29 15 24 10 19 5 28 14 23 18 27 13 22 8 17 12 
1 2 3 4 26 12 21 30 7 16 11 20 29 6 15 10 19 28 14 9 18 27 13 22 8 17 
2 3 5 23 9 18 27 22 8 17 26 21 30 16 11 20 29 15 24 19 
1 2 3 5 30 25 11 20 29 15 10 19 14 28 27 13 22 8 17 26 
1 2 3 4 5 6 7 27 22 17 12 26 21 30 16 25 11 20 24 10 19 28 14 9 
1 2 3 5 6 8 28 14 23 18 27 22 17 12 26 21 16 25 11 20 29 24 
2 3 4 5 7 8 26 12 21 16 25 11 20 29 15 28 14 23 18 27 13 22 17 
1 2 3 4 5 6 7 8 9 10 23 22 17 26 21 30 25 20 15 19 14 
1 2 3 4 5 8 9 10 15 24 19 28 14 18 27 13 17 26 21 30 25 20 29 
1 2 4 5 7 10 12 26 25 20 29 15 24 19 28 18 27 22 17 
1 3 4 5 7 8 9 10 11 12 18 27 22 17 26 21 30 16 25 20 29 15 19 
2 3 4 5 6 7 10 11 12 13 14 16 20 24 19 28 23 18 27 22 17 26 21 30 
1 2 3 5 6 8 9 10 14 15 22 17 30 25 20 24 28 18 27 
1 3 4 5 6 7 8 9 10 11 12 13 14 15 16 19 28 23 18 22 26 30 25 29 24 
1 2 3 4 5 6 9 10 12 13 14 15 16 17 26 21 30 25 20 24 19 28 23 27 
1 2 4 5 6 7 8 11 12 13 14 15 17 18 27 26 21 25 20 24 28 23 
1 3 4 5 6 7 8 9 10 11 12 13 14 15 16 18 19 23 22 26 21 30 25 29 24 
1 2 3 5 6 8 9 10 11 12 14 15 18 19 20 30 25 29 24 28 27 22 26 
1 2 3 4 5 6 7 8 9 10 11 13 14 15 16 17 20 21 28 23 27 26 30 25 24 
1 2 4 6 9 10 11 15 17 18 19 20 22 29 28 27 26 
1 2 3 4 6 8 9 12 13 15 16 17 18 19 20 21 22 30 25 29 28 27 
2 3 4 7 8 9 10 11 12 13 14 16 17 18 19 20 21 22 24 26 29 
1 2 3 5 6 7 8 9 10 11 12 13 14 15 17 18 19 20 21 22 23 25 30 28 27 
1 2 3 4 5 6 7 8 9 10 12 13 14 15 16 18 19 21 22 23 24 26 30 
1 2 3 4 5 7 8 9 10 12 13 15 16 17 18 19 21 22 23 24 26 30 29 
1 2 3 4 5 6 7 9 10 12 13 14 17 20 21 23 24 25 28 30 
1 3 5 6 7 8 11 12 14 15 16 17 18 20 21 22 24 26 27 28 29 
