%%%%%% graph file %%%%%%
50 989
6 15 24 10 47 33 42 28 46 14 23 32 41 9 18 27 36 4 13 22 17 3 50 45 40 49 26 44 12 30 39 48 16 25 34 43 2 11 20 29 
1 49 35 44 30 48 25 43 11 20 29 38 6 15 24 33 10 19 14 42 28 37 46 23 32 50 18 36 45 4 13 22 31 40 8 17 26 3 12 21 7 
1 2 33 42 28 46 14 23 32 41 50 9 18 27 4 13 22 31 8 17 12 45 40 49 35 44 21 30 39 48 7 16 25 34 43 20 29 38 6 15 24 10 19 5 47 
1 2 3 7 16 25 34 43 11 20 29 38 6 15 24 10 19 5 47 33 28 37 46 14 23 32 41 50 27 36 45 13 22 31 26 12 40 49 35 21 30 48 
3 4 50 45 31 40 49 26 35 44 12 21 30 7 16 25 34 11 20 29 6 15 47 33 42 19 28 37 46 14 23 32 41 9 18 27 36 13 22 8 17 
1 2 3 4 5 42 28 37 46 23 32 41 50 9 18 27 36 45 13 22 31 40 8 17 26 12 7 49 44 21 30 39 48 34 43 11 38 15 24 10 14 
2 3 4 5 6 35 44 30 48 25 34 43 11 20 38 47 24 33 10 19 42 28 37 23 41 50 9 27 36 13 22 31 40 8 17 26 12 21 
2 3 5 6 7 18 36 13 22 31 17 12 45 40 49 26 35 44 21 39 25 34 43 11 20 29 38 15 24 10 47 33 19 37 46 14 23 32 50 
1 3 5 6 7 10 19 47 33 42 28 37 14 23 41 50 18 27 45 13 22 31 17 12 40 49 26 44 30 39 48 34 43 29 15 24 
1 2 3 4 6 7 8 9 50 45 31 40 49 35 44 12 21 30 39 48 16 25 34 11 20 29 15 43 38 47 24 33 42 19 37 46 14 23 32 27 36 22 17 
1 2 4 5 6 7 8 10 28 37 23 32 41 50 18 27 36 45 13 31 40 17 26 12 49 35 44 21 39 25 43 20 29 38 15 24 33 19 14 47 42 
1 2 3 4 5 6 7 8 9 10 11 15 24 38 47 33 19 28 37 46 23 32 50 18 27 36 13 22 17 45 40 49 26 35 44 21 30 39 48 16 25 43 29 
1 2 3 4 5 6 7 8 9 11 12 45 40 49 35 44 21 39 25 34 43 20 29 38 15 24 47 33 19 37 46 14 23 32 41 18 27 22 31 17 
1 2 3 4 5 6 8 9 10 11 13 33 42 28 37 46 41 50 27 36 45 22 31 17 40 49 26 35 44 21 30 39 16 25 34 43 20 29 38 15 24 
1 2 3 4 5 6 8 9 10 11 12 13 14 25 34 43 20 29 38 24 33 19 47 42 28 37 46 32 41 50 36 45 31 17 26 40 49 35 44 48 21 30 39 
1 3 4 5 10 12 14 22 17 26 49 35 44 21 39 48 25 43 20 29 38 24 33 47 37 46 23 32 50 18 27 36 45 
1 2 3 5 6 7 8 9 10 11 12 13 14 15 16 38 47 33 42 19 28 37 23 32 41 50 18 27 36 22 31 45 40 49 26 35 44 21 30 39 48 25 34 43 20 24 
1 2 3 5 6 8 9 11 12 13 16 17 45 49 26 35 21 30 39 48 20 38 33 42 19 28 37 23 32 41 50 27 31 
2 3 4 5 7 8 9 10 11 12 13 15 17 18 36 45 31 40 49 26 44 21 30 39 48 25 43 20 29 38 24 47 33 28 37 46 23 32 
1 2 3 4 5 7 8 10 11 13 14 15 16 17 18 19 47 33 42 28 37 46 23 32 41 50 45 31 26 49 44 21 30 39 25 34 43 29 24 
2 3 4 5 6 7 8 10 11 12 13 14 15 16 17 18 19 20 40 35 44 30 39 48 25 34 43 29 38 24 47 42 28 37 46 23 32 41 27 45 31 26 
1 2 3 4 5 6 7 8 9 10 12 13 14 16 17 38 47 33 42 28 37 46 41 27 36 31 45 40 49 26 35 44 30 39 48 25 34 29 
1 2 3 4 5 6 7 8 9 10 11 12 13 16 17 18 19 20 21 29 38 47 24 33 42 37 32 41 50 27 36 40 26 49 35 39 48 25 34 43 
1 2 3 4 6 7 8 9 10 11 12 13 14 15 16 17 19 20 21 23 40 49 26 30 48 25 34 43 29 47 42 28 46 32 41 50 27 36 31 
1 2 3 4 5 7 8 10 11 12 13 14 15 16 17 19 20 21 22 23 24 47 33 42 28 37 41 50 27 36 45 31 40 35 44 30 39 48 34 43 38 
1 2 4 5 6 7 8 9 11 12 14 15 16 17 18 19 20 21 22 23 24 30 39 48 34 43 29 38 47 33 42 28 37 46 41 36 50 31 40 49 
1 3 4 5 6 7 9 10 11 12 13 14 16 17 18 21 22 23 24 25 40 35 44 30 39 48 34 29 38 33 28 37 46 32 41 45 
1 2 3 4 5 6 7 9 11 12 14 15 17 18 19 20 21 22 24 25 26 27 42 37 32 50 36 45 31 40 49 35 44 30 39 48 34 43 29 38 47 33 
1 2 3 4 5 8 9 10 11 12 13 14 15 16 19 20 21 22 23 24 26 27 28 40 49 35 44 30 39 48 34 43 38 47 33 42 46 41 50 36 45 31 
1 2 3 4 5 6 7 9 10 12 14 15 17 18 19 20 21 22 24 25 26 27 28 29 33 42 37 32 50 36 45 31 49 44 39 34 38 
2 3 4 5 6 7 8 9 10 11 13 14 15 17 18 19 20 21 22 24 25 26 28 29 30 47 37 46 32 41 36 40 49 35 44 43 38 33 
1 2 3 4 5 6 8 10 11 12 13 15 16 17 18 19 20 21 23 24 27 28 30 31 49 35 44 39 48 34 43 38 33 47 42 37 46 50 45 40 
1 2 3 4 5 7 8 9 10 11 12 13 14 15 16 17 18 19 20 22 23 25 26 27 28 29 30 31 32 42 37 46 50 45 49 44 39 48 34 38 47 
1 3 4 5 6 7 8 9 10 13 14 15 17 20 21 22 23 24 25 26 27 28 29 30 32 33 43 38 42 37 46 50 36 49 35 44 
2 3 4 5 7 8 10 11 12 13 14 15 16 17 18 21 22 23 25 27 28 29 31 32 34 40 44 39 48 43 38 42 37 50 36 45 
1 2 4 5 6 7 8 10 11 12 14 15 16 17 19 22 23 24 25 26 28 29 30 31 34 35 47 37 46 41 45 49 44 48 43 38 
2 4 5 6 7 8 9 10 11 12 13 14 15 16 17 18 19 20 21 22 23 25 26 27 28 30 31 32 33 34 35 36 49 44 39 48 38 47 42 41 45 40 
2 3 4 6 7 8 10 11 12 13 14 15 16 17 18 19 21 22 23 25 26 27 28 29 30 31 32 33 34 35 36 37 45 40 44 48 43 47 42 50 46 41 
1 3 6 8 9 10 11 12 13 14 15 16 17 18 19 20 21 22 23 25 26 27 28 29 30 32 33 35 37 47 42 46 41 50 45 44 
1 2 3 4 5 6 7 8 9 10 11 12 13 14 15 17 19 21 22 23 24 25 26 27 28 29 31 32 35 37 38 49 48 43 47 42 46 41 45 
1 3 4 5 6 7 9 11 13 14 15 17 18 20 21 22 23 24 25 26 27 29 31 36 37 38 39 40 42 46 50 45 49 44 48 43 47 
1 2 3 5 6 7 9 10 11 14 15 17 18 20 21 22 23 24 25 26 28 29 30 32 33 34 35 37 38 39 40 41 43 50 45 49 44 
1 2 3 4 6 7 8 9 10 11 12 13 14 15 16 17 19 20 21 23 24 25 26 28 29 31 32 34 35 36 38 40 41 42 45 49 44 48 46 50 
1 2 3 5 6 7 8 9 10 11 12 13 14 15 16 17 19 20 21 22 25 27 28 29 30 31 32 33 34 35 36 37 38 39 41 42 43 46 45 49 48 47 
1 2 3 4 5 6 8 9 10 11 12 13 14 15 16 17 18 19 20 21 22 25 27 28 29 30 32 33 35 36 37 38 39 40 41 42 43 44 48 47 46 50 49 
1 2 3 4 5 6 8 10 12 13 14 15 16 19 20 21 22 24 26 27 29 31 32 33 34 36 38 39 40 41 43 44 45 49 48 47 50 
1 3 4 5 7 8 9 10 11 12 13 15 16 17 19 20 21 22 23 24 25 26 28 29 31 32 33 36 37 38 39 40 41 44 45 46 50 49 48 
1 2 3 4 6 7 9 10 12 15 16 17 18 19 21 22 23 24 25 26 27 28 29 32 33 35 36 37 38 40 41 43 44 45 46 47 50 
1 2 3 4 5 6 8 9 10 11 12 13 14 15 16 17 18 19 20 22 23 24 26 28 29 30 31 32 33 34 36 37 40 41 42 43 44 45 46 47 50 
1 2 3 4 5 6 7 8 9 10 11 12 14 15 16 17 18 20 23 24 25 26 28 29 30 32 33 34 35 38 39 41 42 43 45 46 47 48 49 
