%%%%%% graph file %%%%%%
30 204
10 26 19 12 30 14 7 9 27 4 
16 9 18 27 11 4 8 26 19 12 21 14 23 
12 30 14 23 7 18 27 4 8 19 
1 2 3 14 7 16 18 20 29 13 24 8 17 19 12 5 28 21 
4 10 24 26 28 12 21 14 23 7 16 18 27 11 20 29 13 15 
20 29 13 24 8 26 19 12 14 28 9 27 
1 3 4 5 19 21 14 9 27 11 29 13 22 15 26 
2 3 4 6 11 20 29 19 28 30 16 9 
1 2 6 7 8 10 26 28 21 14 23 16 29 13 22 17 
1 5 9 18 20 29 13 22 24 26 28 12 30 14 23 25 
2 5 7 8 28 21 25 20 29 15 24 17 14 
1 2 3 4 5 6 10 15 17 19 28 25 20 29 22 
4 5 6 7 9 10 30 23 16 18 27 15 24 
1 2 3 4 5 6 7 9 10 11 25 27 20 17 28 30 23 16 
5 7 11 12 13 23 25 18 27 20 29 17 26 
2 4 5 8 9 13 14 17 21 23 18 27 20 
4 9 11 12 14 15 16 21 23 18 27 20 24 19 28 
2 3 4 5 10 13 15 16 17 22 30 25 27 29 
1 2 3 4 6 7 8 12 17 20 29 22 24 26 
4 5 6 8 10 11 12 14 15 16 17 19 30 29 22 24 
2 4 5 7 9 11 16 17 30 25 22 24 
7 9 10 12 18 19 20 21 29 
2 3 5 9 10 13 14 15 16 17 24 26 28 
4 5 6 10 11 13 17 19 20 21 23 25 27 
10 11 12 14 15 18 21 24 29 30 
1 2 5 6 7 9 10 15 19 23 28 29 
1 2 3 5 6 7 13 14 15 16 17 18 24 29 
4 5 6 8 9 10 11 12 14 17 23 26 30 
4 5 6 7 8 9 10 11 12 15 18 19 20 22 25 26 27 
1 3 8 10 13 14 18 20 21 25 28 
