%%%%%% graph file %%%%%%
40 147
12 21 14 9 11 
9 6 3 5 14 28 
2 35 37 21 11 
32 11 31 24 37 
2 33 28 12 13 17 
2 11 20 38 22 35 9 36 
21 32 9 29 26 
27 11 15 40 30 16 25 
1 2 6 7 40 21 23 27 31 
24 26 37 12 39 23 34 
1 3 4 6 8 37 21 39 16 34 18 13 22 31 
1 5 10 38 33 26 35 39 13 
5 11 12 26 30 39 20 29 38 22 
1 2 31 24 17 40 
8 32 16 34 36 33 19 28 30 
8 11 15 22 39 18 
5 14 21 32 22 38 
11 16 22 40 35 28 34 36 
15 38 22 31 40 30 32 
6 13 39 23 22 
1 3 7 9 11 17 39 32 29 
6 11 13 16 17 18 19 20 32 36 24 
9 10 20 38 34 
4 10 14 22 35 36 38 33 
8 29 31 33 
7 10 12 13 37 32 
8 9 32 
2 5 15 18 34 29 38 33 
7 13 21 25 28 
8 13 15 19 31 40 
4 9 11 14 19 25 30 35 37 39 
4 7 15 17 19 21 22 26 27 39 40 
5 12 15 24 25 28 34 
10 11 15 18 23 28 33 36 
3 6 12 18 24 31 40 
6 15 18 22 24 34 
3 4 10 11 26 31 39 
6 12 13 17 19 23 24 28 40 
10 11 12 13 16 20 21 31 32 37 40 
8 9 14 18 19 30 32 35 38 39 
